# error_dp, error_pinn
4.263400073086404118e-02,4.309477669329178640e-02
4.218036278851895055e-02,4.218037302430113766e-02
4.218035594948416067e-02,4.218035597160793571e-02
4.218035697021583347e-02,4.218045508135871008e-02
4.218037011122488522e-02,4.218024506811035579e-02
4.218059541664925111e-02,4.218016979340277750e-02
4.218030853467182040e-02,4.218016583466121378e-02
4.218016426732827673e-02,3.196161099768429770e-02
4.218016054130296899e-02,3.220261512533233866e-02
3.789065624956252515e-02,1.784141787728797321e-02
3.792590304579944449e-02,2.788656682731243536e-02
3.733293626402720694e-02,1.919126814677092271e-02
2.054281883596233149e-02,1.601940455037002137e-02
1.655111619949618113e-02,1.432389718669426111e-02
1.429722522845545442e-02,1.410339649380969521e-02
1.429897010121874631e-02,1.686936969508407921e-02
1.616765889317962196e-02,7.021269300720671576e-03
1.499327485664330405e-02,7.899231007038938490e-03
1.217206548954583890e-02,3.968482013993844017e-03
6.455278436130424367e-03,2.075884329520648677e-03
7.009751673583994834e-03,2.384087214926381391e-03
4.659392985521723304e-03,2.843299847598009661e-03
3.214308042261218752e-03,1.785438640342553590e-03
2.068886463846454551e-03,1.976276446418077318e-03
1.821409446826580038e-03,1.731076421442097812e-03
1.821403506067041872e-03,2.718569533709983867e-03
1.922166215598227097e-03,2.366167344004505620e-03
1.899093749992475811e-03,3.152971249646616819e-03
2.029874846419342689e-03,3.643961959301722942e-03
2.497719384723069615e-03,2.793062104071209785e-03
2.827145658647363738e-03,4.619581569704572788e-03
3.654384155151161554e-03,3.937968554899156162e-03
3.182818828315362933e-03,3.270083147605668591e-03
3.461288131820111115e-03,3.213891806794266781e-03
4.019053883421826873e-03,2.125713702108931753e-03
3.703094021908257850e-03,1.541198906810819710e-03
3.814898954905008525e-03,8.002616333356023064e-04
3.869834439590411328e-03,5.516345106480014665e-03
3.835200338768819401e-03,6.125987514553821699e-03
3.811983628544965766e-03,7.539888594953682473e-03
3.718737405642451224e-03,7.728425810853942722e-03
3.473473229662391894e-03,6.682918392691619171e-03
2.883907998393033835e-03,3.402021000598674186e-03
1.937896094218682268e-03,4.757107246555605795e-03
8.560428119125560679e-04,4.742139840224948895e-03
2.965561316870798936e-03,4.833343353040460942e-03
2.403252439891367075e-03,5.142027001669473990e-03
2.376394021171587476e-03,5.152635816057069169e-03
2.923808553249444917e-03,5.133839612352455485e-03
3.413729149291034291e-03,5.367429631798210053e-03
4.653975072509127474e-03,6.197464322911379678e-03
5.089022980173088864e-03,6.633043942380297854e-03
6.156822503648731390e-03,7.474662902423097159e-03
6.896120730385212755e-03,7.141493012772432043e-03
8.237486864453011370e-03,7.288337481873923343e-03
1.272299612616044351e-02,7.724715218264032769e-03
1.237327418833106783e-02,8.280383656506132978e-03
1.244791129021926256e-02,9.453774320546934340e-03
1.322869894831987282e-02,8.683054377939331686e-03
1.143116129609469782e-02,9.043198152695381201e-03
9.975696822067486175e-03,9.352903540917920783e-03
9.426804225496548950e-03,9.257365649138291769e-03
8.487844080537400998e-03,8.803920269918179622e-03
6.343333911206307935e-03,8.572669937225472353e-03
5.481353488024322783e-03,8.158891415222028348e-03
5.736543969770624245e-03,7.437617796979171560e-03
4.902805288438072569e-03,5.934334101944729011e-03
4.320573543489658087e-03,4.376504439346538128e-03
3.643840413875314415e-03,2.865977436895296437e-03
3.751670643511905139e-03,2.222552881734059498e-03
3.501035792774296728e-03,1.772023456281757560e-03
2.980420429767077078e-03,2.108751966460965799e-03
2.041732413598002296e-03,2.393439587626741780e-03
1.908942846395892019e-03,2.102600274306021949e-03
1.409817136053999288e-03,1.995997678072669850e-03
1.137135331384305469e-03,1.819772718483893574e-03
7.853558206947166718e-04,1.827970417537151497e-03
7.521201966090573787e-04,1.828652248874201034e-03
1.411722194325861846e-03,1.952784305024861432e-03
1.952575727097775665e-03,1.934880093599489637e-03
3.076075500683275819e-03,1.937611623287392943e-03
4.257129272770100031e-03,1.943455587790225529e-03
5.819439812157335343e-03,1.933302014742176687e-03
5.349620936555494859e-03,1.893116214581973527e-03
2.584993930249586402e-03,1.855844714187907538e-03
4.766125010588260699e-03,1.780902330465424996e-03
4.689281307500556273e-03,1.797249079202328619e-03
4.859820986748311471e-03,1.823162364900518572e-03
4.051834099965497503e-03,1.824661692329220203e-03
4.625700017469284650e-03,1.821617456910033664e-03
5.685079553760664494e-04,1.815463920516058359e-03
5.275345709474670063e-04,1.799000183586253656e-03
5.172960326230009688e-04,1.652897824332946915e-03
8.660305082566473276e-04,1.694829787452552510e-03
2.834630932725233730e-03,1.751658036611641140e-03
2.187997670477738986e-03,1.729247153906086389e-03
2.177914848522742499e-03,1.535713771922368005e-03
2.859964916442559422e-03,1.194640413840294783e-03
3.200240421656483196e-03,8.777522166841416392e-04
4.809004040440658170e-03,8.115216451885514000e-04
6.297490383584122137e-03,7.086276669188824005e-04
6.444979492414695810e-03,7.051706896638015171e-04
9.151124594865204034e-03,7.130373050435299563e-04
1.085893129786594247e-02,7.146307207822929618e-04
9.140294943869566036e-03,7.180617223550248441e-04
1.034288444532806273e-02,7.172121757344051673e-04
1.097516886729792661e-02,7.176577905107100770e-04
1.093354716034988447e-02,7.176747840324420105e-04
1.109770349955831355e-02,7.177155308913864707e-04
1.150224954575838031e-02,7.179448890902904133e-04
1.162438604449291500e-02,7.178536783629813067e-04
1.182208256923103148e-02,7.177129303570268940e-04
1.146292252566848829e-02,7.174754135395419903e-04
1.024490109523833355e-02,7.170831269746172137e-04
1.015001083812007085e-02,7.164191929760109706e-04
1.010493768260551338e-02,7.152747392206950825e-04
8.997884532408498628e-03,7.058200666722366486e-04
8.935446757903043810e-03,7.041718190227099676e-04
8.838636224758547252e-03,7.073808490041580670e-04
7.797739600784636162e-03,7.253563097177756491e-04
8.302875414553198552e-03,7.106777629883691532e-04
7.527034748132772901e-03,7.084796379019529713e-04
4.829770662355255435e-03,7.103879295090715328e-04
3.690995696813724643e-03,7.068319201499913534e-04
3.848498163194547829e-03,6.899340113241243756e-04
2.795769447815677801e-03,6.904392790722227360e-04
3.177360010344630701e-03,6.917848086304514196e-04
3.139810713380294330e-03,7.037415789201764693e-04
3.008647193601790126e-03,7.026015984018681680e-04
3.048130289465801612e-03,7.007062624137356480e-04
2.801786497584603849e-03,7.004949115401543037e-04
2.275917337830211419e-03,6.953355057961406981e-04
1.436242305382061336e-03,6.898969256348250374e-04
2.301560132513828165e-04,6.859740772942198549e-04
4.046376582115241934e-04,6.844216885724574602e-04
1.199686900730332273e-03,6.850608111931526115e-04
1.220315332000402025e-03,6.858218648066908641e-04
1.485545963441405222e-03,6.935956647694876964e-04
2.490867196326064688e-03,6.902736933986162310e-04
2.194417068168886056e-03,6.872550454730297527e-04
2.123449484416783505e-03,6.872786764808613879e-04
1.563610588165729011e-03,6.872092704046880475e-04
1.224395650307688859e-03,6.868455799999934009e-04
1.262986997553684852e-03,6.857504640299060244e-04
1.372105770519316736e-03,6.805379776619313852e-04
1.741898608765354720e-03,6.787835377232157496e-04
1.997044194552648200e-03,6.780182677752988546e-04
2.130665510567098485e-03,6.740520052534800140e-04
1.994531100359147983e-03,6.775140062676672037e-04
2.151945871146049988e-03,6.748966233423296006e-04
2.144870475918513476e-03,6.743855226331062821e-04
2.131439416026799545e-03,6.745156354088663537e-04
2.190840372157021668e-03,6.698459350602580312e-04
2.322684405861023815e-03,6.688546204067950330e-04
2.588364312219505140e-03,6.726499254890294785e-04
2.894615753043227289e-03,6.684702427027206613e-04
3.054994797119638204e-03,6.664816175176914046e-04
3.219628246800518810e-03,6.663172836792316187e-04
3.128051194100766024e-03,6.648715032156281681e-04
3.052439634022877709e-03,6.637998680727106833e-04
3.091554575099650457e-03,6.601817348895724002e-04
3.096772453638417435e-03,6.561778509298419725e-04
3.115548360482451717e-03,6.569365919588216959e-04
3.068118291497410732e-03,6.575144623128439253e-04
2.923969788727980284e-03,6.574809862005460319e-04
2.902928696990218944e-03,6.579080535900144961e-04
2.908182433312950232e-03,6.574914612076933037e-04
2.841452650240292553e-03,6.553615742829194254e-04
2.477616018449693789e-03,6.493706322394835568e-04
2.496188265655085049e-03,6.453421654755336955e-04
2.135801056648931745e-03,6.427825496650149467e-04
1.771794310335921821e-03,6.408715908203712480e-04
1.577346113807968995e-03,6.417024421636639353e-04
8.798097086168495031e-04,6.431413508673626848e-04
1.144029307650059474e-03,6.433679218001027694e-04
1.095930237317882744e-03,6.420161685427582280e-04
9.937038993358179167e-04,6.436270068656758025e-04
9.352710015355361270e-04,6.422704524144677747e-04
9.522383973621967486e-04,6.399047675907228129e-04
1.117340805537364330e-03,6.360412177422034496e-04
9.977392311180876498e-04,6.324198072541498692e-04
1.112519076212477699e-03,6.310644678203302998e-04
1.129270369392559653e-03,6.323991063618705517e-04
1.095921337387064601e-03,6.333910579199207797e-04
1.052299688359609143e-03,6.336050908681715782e-04
8.771624014205431970e-04,6.338164444143179997e-04
7.469688363157184815e-04,6.328168069281468267e-04
6.687609464305663103e-04,6.310782829809597145e-04
7.189750041761196891e-04,6.278543372020455385e-04
4.904418132651482479e-04,6.255415736782198033e-04
4.957707426768857882e-04,6.258120974543975295e-04
3.782602671634681607e-04,6.256981616730446878e-04
2.439650198877120414e-04,6.259306858739785082e-04
1.676430614372696401e-04,6.250641243935583244e-04
8.202801430264943211e-05,6.238162404674082659e-04
1.439650026844105227e-04,6.233381222931988703e-04
2.506785713153511486e-04,6.231207518222071483e-04
2.006721044302919616e-04,6.227517693904090776e-04
3.043731074675891162e-04,6.226170197317427209e-04
3.444447600888342234e-04,6.212031741059178018e-04
3.905023761259967044e-04,6.212519327726507504e-04
4.187669630430509537e-04,6.218974406604398314e-04
5.893327947227004369e-04,6.172052285302389056e-04
6.047239505938700483e-04,6.222214625419003478e-04
6.856324051830957724e-04,6.111613906421124471e-04
7.381184464703782018e-04,6.215566233206176652e-04
7.709656808819373951e-04,6.257246534451366788e-04
7.294306980972524099e-04,6.277090555676141529e-04
6.558399078449932661e-04,6.287833548196811780e-04
5.595073088069271814e-04,6.352605467541939076e-04
5.157505785264765484e-04,6.350517514517852119e-04
4.788302008741807548e-04,6.366468499925163026e-04
4.710911424243637859e-04,6.362352085088079532e-04
4.829024777540876531e-04,6.357775813692656845e-04
4.744075273193186764e-04,6.342548049735130880e-04
4.706803369076445909e-04,6.343528790546627480e-04
4.673624748568941238e-04,6.344303894174568945e-04
4.670072932416694683e-04,6.345084640394061748e-04
4.666945611956609336e-04,6.346830987641418655e-04
4.665578483632756650e-04,6.351950502970110960e-04
4.665843410358919401e-04,6.354322515024806361e-04
4.668336326583370083e-04,6.353126122686694310e-04
4.673063329351871383e-04,6.337886828340600579e-04
4.676613283850499132e-04,6.324432175014724558e-04
4.665589678879505063e-04,6.314192184680263642e-04
4.604150632097476462e-04,6.306767686994374815e-04
4.509087166584934271e-04,6.297631699156029444e-04
4.251509272613289794e-04,6.277836671635226998e-04
4.156673582469986791e-04,6.263838556537182313e-04
4.065154837515852103e-04,6.232567263050282566e-04
4.214924055342627283e-04,6.219423595097803466e-04
4.267332960953981952e-04,6.203616719481398626e-04
4.265002091775982156e-04,6.190637142837393525e-04
4.294054235624018400e-04,6.185918131275283498e-04
4.317567546496923906e-04,6.173935491468583465e-04
4.147183218031193176e-04,6.173626193093355741e-04
4.023667112555358348e-04,6.136029208989492037e-04
3.968831082311120623e-04,6.135630703337002561e-04
3.840487779154063059e-04,6.139942774396423084e-04
3.718518777367300064e-04,6.130590463496288873e-04
3.467171167631237678e-04,6.124637232855457622e-04
3.084777108906975262e-04,6.111637451714049037e-04
2.937150770329315769e-04,6.084553058824405123e-04
2.865921013330607133e-04,6.041079275728222569e-04
2.851789968960154707e-04,5.995245470120248027e-04
2.981991117631456359e-04,5.966155567273590844e-04
2.700559846770478009e-04,5.970923941535765528e-04
2.609330973703294951e-04,5.960312984173719896e-04
2.553743858328898870e-04,5.959421757924058269e-04
2.635592199949533137e-04,5.934302674089768402e-04
2.637757210712690474e-04,5.942153800287570953e-04
2.619127636135632192e-04,5.913333752893757322e-04
2.583036178429713205e-04,5.900584567604645961e-04
2.572540742904247239e-04,5.880714807991540855e-04
2.480658640489344564e-04,5.880110828366667168e-04
2.533197120439779839e-04,5.883738073216222050e-04
2.702995540394276123e-04,5.871243249154802207e-04
2.561355789460198679e-04,5.896934173952167717e-04
2.509867365691517802e-04,5.872004107483680055e-04
2.388976940288514109e-04,5.875303788134869339e-04
2.232987887410092754e-04,5.877522480151424738e-04
1.978810821345964991e-04,5.892708527627936758e-04
1.901250467657051050e-04,5.879930514119304646e-04
1.805546641020516231e-04,5.878673631241809533e-04
1.373396300848776861e-04,5.884790770260058413e-04
1.304567254895605565e-04,5.915025048851005676e-04
1.298429545424190329e-04,5.890121107800924335e-04
1.161206996852680773e-04,5.886360103838299924e-04
1.104719646825783465e-04,5.900794699127080017e-04
9.373671184067112333e-05,5.917330064546320705e-04
7.942924550273028827e-05,5.894036768220428093e-04
7.561512117187269325e-05,5.888212780424071377e-04
8.495096071207055709e-05,5.891618464380389553e-04
8.563092731553175417e-05,5.887601373637398701e-04
9.183350527243084216e-05,5.830701163630440777e-04
1.139355509024975020e-04,5.850163866633072184e-04
1.029427114186097096e-04,5.846587275541007857e-04
1.150622558818956593e-04,5.870462294868044814e-04
1.142797731496727234e-04,5.839305633459608916e-04
9.036471432771613652e-05,5.780792977277281110e-04
9.191686778822962683e-05,5.761474371488470129e-04
8.872325679969344581e-05,5.761429052000884704e-04
7.842857917366608683e-05,5.762055420598694196e-04
7.832790063141766728e-05,5.751166346243954345e-04
7.883444333585455676e-05,5.747710203329073038e-04
7.999490076930859629e-05,5.733750921256589809e-04
8.237748991313442119e-05,5.738573918752526166e-04
8.398311588488255352e-05,5.744194301285267127e-04
9.301160501534716908e-05,5.747649594561901306e-04
1.235750111155112165e-04,5.758373965372161991e-04
1.987556472924959742e-04,5.781658030814703069e-04
2.216885843573028307e-04,5.807800288519486412e-04
2.661890183799202076e-04,5.807724590794487336e-04
2.760223080220053707e-04,5.783623069944810683e-04
2.807402984482040560e-04,5.801121845640452857e-04
2.770524770383234105e-04,5.823371359128441758e-04
3.012853567780188441e-04,5.854106634882314452e-04
3.275077710405619575e-04,5.916255565749572662e-04
3.563536808587188052e-04,5.925772288573602021e-04
3.820474981204327559e-04,6.050692695969660251e-04
4.092738160396356957e-04,6.073003792863232312e-04
4.173175566419928643e-04,6.203288923902142019e-04
4.385378050133449581e-04,6.175225207016543346e-04
4.244399277906596001e-04,6.149467912198326031e-04
4.167624668283488642e-04,6.226387338654632009e-04
4.457896620829260650e-04,6.286931502119398303e-04
4.856738598243938096e-04,6.408060027070824460e-04
5.015323216606263658e-04,6.404820767056184716e-04
5.209875118787122596e-04,6.419021519475658251e-04
5.242452403272138649e-04,6.491901165111923057e-04
5.190989869018531634e-04,6.486089522138742186e-04
5.251456900999618496e-04,6.506440879813967177e-04
5.282524216809803864e-04,6.543653008283022241e-04
5.416220060422749288e-04,6.649083518796992855e-04
5.435152383752866892e-04,6.625153065381248754e-04
5.526556529986477624e-04,6.622030046069793917e-04
5.754328485064126629e-04,6.691990671950593999e-04
5.708967762779569447e-04,6.650780032482432992e-04
5.706516273664507090e-04,6.643537780492024449e-04
5.810916807604423178e-04,6.667379535623288531e-04
5.855224331225581053e-04,6.687938201978453970e-04
6.282663426637056158e-04,6.712271924711330417e-04
6.494073304854576425e-04,6.721833312399850104e-04
6.806151787284052054e-04,6.721543963827084512e-04
7.993215781997902109e-04,6.725103863092738192e-04
8.253591425686181626e-04,6.739856600470973741e-04
8.544125076177421429e-04,6.764317849273040507e-04
9.296009759070058588e-04,6.805778228401377413e-04
8.969874117537117702e-04,6.853343538712758235e-04
9.240461064363670804e-04,6.906470758332251868e-04
9.861838546995878654e-04,6.941538796035892720e-04
9.822465798734903580e-04,6.951660260248752801e-04
9.986814601798221606e-04,6.901280126422449203e-04
1.022352184655129538e-03,6.893652885714141032e-04
1.022925136663492421e-03,6.890644203037376431e-04
1.038686622772490298e-03,6.894060291712729742e-04
1.042793310974499382e-03,6.906786717339485383e-04
1.070975547692455893e-03,6.918438501231331675e-04
1.119888609452971253e-03,6.925125304685535773e-04
1.146703899306232999e-03,6.928576592490677272e-04
1.217742859069367899e-03,6.928241366260520307e-04
1.209675832552412761e-03,6.928537623787312189e-04
1.249587679800669452e-03,6.929867181296024779e-04
1.268093698943357269e-03,6.933189847171565079e-04
1.316656830473072939e-03,6.938716267451123902e-04
1.288220784942219156e-03,6.948621376333022999e-04
1.307529456978453108e-03,6.963255815660471899e-04
1.335431566248011575e-03,6.979826993996766146e-04
1.324703129459136328e-03,6.985834786096775141e-04
1.326271386717242391e-03,6.953891043621920984e-04
1.335254855216832810e-03,6.890587147074539063e-04
1.357446388120838203e-03,6.894045759173602576e-04
1.363438933048321785e-03,6.894731679421948903e-04
1.375733353648514413e-03,6.906473231704737424e-04
1.414197757003994929e-03,6.904434859839115365e-04
1.417118888490277858e-03,6.901808842335382596e-04
1.443326565763562285e-03,6.897899110418716142e-04
1.497977101699186128e-03,6.883002495682946122e-04
1.543740153140529380e-03,6.886717764358115529e-04
1.625298842382266219e-03,6.894827002612980002e-04
1.697819445705686485e-03,6.913667110210062940e-04
1.804974236527519781e-03,6.950330808065001203e-04
1.916617383352077529e-03,6.955810898026602287e-04
1.963948621955635080e-03,6.954834210698195235e-04
1.963708720107774832e-03,6.956994402524761117e-04
2.008416992708322944e-03,6.959847809968576493e-04
2.007209796115367890e-03,6.962055334529881423e-04
2.023731018761215639e-03,6.956119259840569608e-04
2.037789440935274757e-03,6.957875001423921395e-04
2.056908380542385017e-03,6.965925837362375167e-04
2.056697568947740175e-03,6.950098535963637443e-04
2.083079689779118639e-03,6.961776751813595785e-04
2.093003326873478336e-03,6.972900837425315048e-04
2.128597113354658860e-03,6.963332870203447090e-04
2.238578215968845854e-03,6.959265922492379646e-04
2.274380359179926578e-03,6.959084215110146422e-04
2.289115674106090813e-03,6.954428172551804137e-04
2.394084062651580420e-03,6.954670502724079415e-04
2.476542556399727920e-03,6.952813797097955745e-04
2.563313661350030519e-03,6.955833928808623353e-04
2.632602740963796775e-03,6.958690218791266585e-04
2.607046703837819206e-03,6.959165428566868854e-04
2.661840624237261227e-03,6.961381452198109028e-04
2.731670371225148556e-03,6.955261882545783975e-04
2.765374293922959453e-03,6.953775890037994624e-04
2.841568408917115058e-03,6.965005621109556172e-04
2.818316597680136683e-03,6.961257070998464695e-04
2.856527084289354340e-03,6.956580860896214745e-04
2.982897309508712909e-03,6.957211041021392917e-04
3.023831667680307138e-03,6.957988921252460405e-04
3.096352697290584346e-03,6.948121595894594330e-04
3.122352018281150145e-03,6.859805689033784959e-04
3.121157828688546007e-03,6.823526524055173069e-04
3.247335623223741776e-03,6.818083976439263602e-04
3.200756458630187994e-03,6.808433861406785548e-04
3.251860207968605958e-03,6.798122633006175447e-04
3.344030085851290492e-03,6.761185457631772389e-04
3.338337281543051274e-03,6.665027885151871955e-04
3.403611702515956395e-03,6.576500352627785576e-04
3.448520891314025682e-03,6.536073502657444197e-04
3.560735479109881745e-03,6.567700275625354672e-04
3.539930053117191361e-03,6.574992534653518713e-04
3.563684965479899710e-03,6.572562094866128950e-04
3.637060821192531195e-03,6.568329508286410712e-04
3.621602712579637465e-03,6.543882040442493752e-04
3.737192563186490357e-03,6.517536672830696529e-04
3.771915148109436858e-03,6.493891490184944834e-04
3.799854827235756103e-03,6.494092807805186161e-04
3.886127363958672299e-03,6.481488456374602048e-04
3.862758184921619674e-03,6.465926530763701965e-04
3.878844336033281711e-03,6.439358781499488014e-04
3.922977289937137901e-03,6.415463898187054185e-04
3.940250472294361782e-03,6.385053623539411636e-04
3.954039338474744231e-03,6.282043220356987173e-04
3.974716241919558704e-03,6.228590192159979546e-04
3.959535966166534068e-03,6.247189343364617335e-04
3.969779004890703830e-03,6.369034485280966867e-04
4.017155349680997384e-03,6.380771664345692750e-04
4.040452083434007899e-03,6.385868123462927872e-04
4.096805643039757097e-03,6.353249506243308174e-04
4.154035726265349442e-03,6.272908598164218027e-04
4.207726419877193952e-03,6.253098668068065615e-04
4.401802759628750325e-03,6.231381396355580764e-04
4.388169500483742914e-03,6.250967026449775815e-04
4.387321028552171494e-03,6.227395686945765398e-04
4.400200937380830887e-03,6.225200152795581053e-04
4.448223753396905907e-03,6.218810916254260144e-04
4.472176573598996875e-03,6.211949102337425890e-04
4.545132469448880282e-03,6.204497711050451815e-04
4.573828474674784123e-03,6.202101184362908848e-04
4.637324282017852607e-03,6.195978764551577419e-04
4.590813725120098526e-03,6.183397392850420145e-04
4.615954355260110629e-03,6.152964291381208574e-04
4.625608828392114256e-03,6.103989447480348551e-04
4.644669541261948163e-03,6.077934195336913425e-04
4.693347897622270407e-03,6.016663006327512735e-04
4.683974207948513914e-03,5.999237744276291568e-04
4.755273150999718770e-03,6.003230251784217849e-04
4.762106774838165309e-03,6.018123130225383000e-04
4.817367010158092600e-03,5.996137895610864675e-04
4.792544808482854593e-03,5.969128316477247597e-04
4.807621366411948295e-03,5.951683475102626224e-04
4.830571318371254357e-03,5.926708681091193143e-04
4.849793410387775658e-03,5.911222142725621733e-04
4.864936669162094919e-03,5.873312520786246483e-04
4.882056213284345116e-03,5.859548890398122217e-04
4.887642333461550241e-03,5.833497283418504148e-04
4.939708334673698596e-03,5.811365158456302093e-04
4.928561745978701260e-03,5.796225117369302980e-04
4.956305243053517676e-03,5.763070250658661273e-04
4.977434986779877626e-03,5.765838935934635258e-04
4.979371118510417422e-03,5.753377934975572499e-04
4.978589896209130623e-03,5.737599633786279229e-04
4.980316392457046284e-03,5.732459774859447301e-04
4.982978677870749003e-03,5.721173210736281043e-04
4.975292684704785140e-03,5.706688848780729203e-04
4.968002928084589223e-03,5.702970589864362781e-04
4.966235476518757012e-03,5.685874960321379542e-04
4.961021134379358689e-03,5.680336496603695688e-04
4.954839635629975682e-03,5.671098338247143470e-04
4.950416839126860029e-03,5.654636349426985604e-04
4.938682365458859150e-03,5.655636863850185304e-04
4.924519979254167804e-03,5.656180607338628626e-04
4.919859037852391745e-03,5.654346612615668462e-04
4.910159207474532224e-03,5.653352554297017300e-04
4.905135861891885690e-03,5.652170348638081493e-04
4.899245425842295443e-03,5.650924081799453590e-04
4.890669885901955359e-03,5.648744415351858407e-04
4.889198028264603313e-03,5.643862055112008847e-04
4.888457825807887916e-03,5.638308335262036527e-04
4.891169207234383198e-03,5.634276843743837946e-04
4.892235674596682321e-03,5.632634140049074412e-04
4.897161696680458684e-03,5.629062472310776858e-04
4.899678058839154228e-03,5.625555790220219086e-04
4.895306714284747979e-03,5.616671846523551073e-04
4.895342680457080882e-03,5.606599773374217402e-04
4.894675254184837482e-03,5.595186640142088032e-04
4.894013918999321963e-03,5.580476161932192711e-04
4.893550668043574435e-03,5.572925995913056724e-04
4.894462018715246832e-03,5.562247606956328061e-04
4.900234387227818227e-03,5.550294115567845979e-04
4.926091908326378152e-03,5.537215284401239817e-04
4.982057059605215533e-03,5.537727067844506372e-04
4.976966187109610994e-03,5.535872218203430426e-04
4.994670040195107324e-03,5.530138478404026878e-04
5.006795873881279488e-03,5.528487817865925923e-04
4.911268107464376691e-03,5.530449831512050185e-04
4.892730655891089353e-03,5.530321400434475010e-04
4.855633426820573501e-03,5.527986813336217527e-04
4.826054764114382639e-03,5.523965159184963209e-04
4.746797187705827092e-03,5.518570345251842509e-04
4.759768822206201719e-03,5.512191255235091578e-04
4.783674438052544671e-03,5.510452308852346577e-04
4.749195703674115830e-03,5.513200094308446687e-04
4.707722595565521501e-03,5.516943942142099209e-04
4.669226886373495714e-03,5.531123747024444459e-04
4.613485280404720779e-03,5.533077745298676034e-04
4.569503172197982369e-03,5.556688580849284635e-04
4.494830757262679652e-03,5.539962653693712930e-04
4.467286774690233837e-03,5.518057850163107922e-04
4.399213002168064247e-03,5.530848569950031933e-04
4.407934056141604023e-03,5.558805052285889156e-04
4.365266190417729786e-03,5.628659838276746678e-04
4.316461958505398919e-03,5.669471455843654636e-04
4.306773760576984925e-03,5.716887376771616434e-04
4.265144254243803321e-03,5.730364907775286091e-04
4.244250225834940785e-03,5.779882518111562192e-04
4.203013148895907124e-03,5.726104772123590198e-04
4.173073522176645907e-03,5.644037076175189389e-04
4.161388414560134724e-03,5.563389854742070923e-04
4.086058503146501077e-03,5.599224739205611303e-04
4.107280326007730839e-03,5.544892093311345896e-04
4.120308740855245684e-03,5.506964193516622691e-04
4.140193253534767311e-03,5.523795707409615225e-04
4.174093579253431927e-03,5.536177616285670264e-04
4.209565551386333475e-03,5.526375024223695786e-04
4.339223679383879574e-03,5.527735641481392294e-04
4.344309008566190483e-03,5.526310685629122260e-04
4.338198603894643200e-03,5.519406576317760797e-04
4.412070371486311038e-03,5.532393319950677964e-04
4.445390376648663232e-03,5.527313789962426914e-04
4.416298253902718220e-03,5.484048840479027569e-04
4.421169357631109589e-03,5.446727411016012623e-04
4.436858217425796239e-03,5.457399978943239770e-04
4.477031587026657558e-03,5.450094328937346924e-04
4.520496065391912954e-03,5.443211275315616542e-04
4.575134622085832298e-03,5.432458188740401164e-04
4.623552186983491581e-03,5.426552355703500793e-04
4.633302818649375453e-03,5.420983451536676634e-04
4.654057716852269024e-03,5.414442238736959234e-04
4.676589469531882218e-03,5.400792031846918945e-04
4.667915456728038981e-03,5.373585960504499237e-04
4.661965679158946649e-03,5.331606765667442228e-04
4.639341433200510137e-03,5.229496934485223288e-04
4.591864318176139270e-03,5.277968041110793441e-04
4.528708885091675511e-03,5.293543741468439328e-04
4.489957472589526689e-03,5.279845011303979261e-04
4.442923160504148698e-03,5.271148048757782990e-04
4.467168213918602110e-03,5.255041349612164531e-04
4.440244945188223137e-03,5.247114443583696239e-04
4.432212519180408344e-03,5.267659688271981566e-04
4.376085774971123776e-03,5.320917856938243984e-04
4.296136283480355388e-03,5.299125474019888678e-04
4.223886049592663790e-03,5.270871121893357060e-04
4.161441097568091725e-03,5.262701571504846973e-04
4.129038585092716269e-03,5.260338184396004578e-04
4.135390645814155698e-03,5.253457401586025723e-04
4.137351692614957624e-03,5.241896552771383149e-04
4.086484398019099053e-03,5.197703989080820416e-04
4.036072640263627630e-03,5.173894318545546557e-04
4.047914933760722936e-03,5.185187860773693598e-04
4.051741485657356541e-03,5.154258992289535799e-04
4.047310994115954630e-03,5.137119225444557874e-04
4.046008822026480115e-03,5.039902824715932666e-04
4.048644382141000815e-03,4.991334794826051162e-04
4.072122129143799021e-03,4.965029485748653684e-04
4.078340884072835515e-03,4.975828528297061544e-04
4.084748458592469579e-03,4.902467952397421757e-04
4.109685913529531609e-03,4.878363462689920592e-04
4.111729183199100586e-03,4.856583744887061358e-04
4.135822907137430213e-03,4.800067206569032913e-04
4.165775758033687937e-03,4.648793015284832992e-04
4.191016263455061251e-03,4.609355468515259125e-04
4.197356939178564957e-03,4.579842649597964921e-04
4.212250394389040371e-03,4.533788309038993365e-04
4.227118381405053568e-03,4.531089219521494704e-04
4.225214303382976433e-03,4.480521281798416312e-04
4.214318254130523800e-03,4.418726365532923365e-04
4.194712019571803126e-03,4.419558228176732688e-04
4.161110567704526600e-03,4.375069225146454525e-04
4.101626739938299578e-03,4.346387482168779354e-04
4.059641891223949792e-03,4.337976650169218275e-04
4.032943278474686657e-03,4.329740513978297097e-04
4.043542413333582435e-03,4.283224727893323929e-04
4.067057705563315896e-03,4.274424430148893042e-04
4.040927154895449479e-03,4.272309383142132346e-04
4.030103356298650463e-03,4.291215926422167412e-04
4.009855280460369008e-03,4.277694902794250127e-04
3.983118012207542170e-03,4.278836599326745838e-04
3.964654432282639987e-03,4.278587537033120376e-04
3.960465960698340143e-03,4.281527770944825698e-04
3.952703839426688001e-03,4.287932361238714989e-04
3.942883094938804539e-03,4.306066764662703594e-04
3.958289444660985368e-03,4.331921560665010266e-04
4.003248700457894861e-03,4.356481509580988998e-04
3.981804301927229991e-03,4.365441308459385491e-04
3.975974072116294014e-03,4.365802779531533298e-04
3.975002196452991944e-03,4.364349518440022472e-04
3.973468726621227562e-03,4.360896213148629671e-04
3.969062822671537427e-03,4.354672294926237265e-04
3.953767511462574942e-03,4.342472486883861460e-04
3.937609679444259436e-03,4.319156877937113084e-04
3.923561104311628668e-03,4.263230040023808826e-04
3.914087923551163618e-03,4.258001512811977968e-04
3.907040808501802479e-03,4.213428093803982667e-04
3.886448540590343569e-03,4.205761118586943785e-04
3.897895431289336455e-03,4.244972908769512943e-04
3.887842256719684433e-03,4.370266226080807325e-04
3.888374859591348185e-03,4.561489249300761301e-04
3.945692244379752321e-03,4.544359456782304891e-04
3.993189482790234293e-03,4.440808886133927927e-04
3.962424998126374935e-03,4.472363086996687448e-04
3.891406261003885637e-03,4.523450341478650301e-04
3.874301588798289338e-03,4.589433337766209934e-04
3.829399419754799319e-03,4.544840941653552086e-04
3.738086961098119766e-03,4.551423349234799687e-04
3.758695891786895463e-03,4.555563554778319308e-04
3.631772528844905493e-03,4.579710973601927668e-04
3.558177980529368678e-03,4.584647743839151261e-04
3.581926893489966943e-03,4.591251425848489904e-04
3.509694213677851723e-03,4.596060692371556041e-04
3.451100976952494077e-03,4.601100240665278616e-04
3.408618420219041399e-03,4.607408272034557001e-04
3.293899251681356617e-03,4.616279461447754724e-04
3.441820232452427915e-03,4.638582880156793837e-04
3.503287690975079131e-03,4.643410247553939204e-04
3.495682856826968273e-03,4.581282667617594668e-04
3.514710516945096421e-03,4.567710471802663885e-04
3.541481503356335749e-03,4.551260087735002971e-04
3.574041175717457969e-03,4.546380879690707145e-04
3.615567955390457805e-03,4.529768870593771867e-04
3.677442672817309195e-03,4.535172194560878659e-04
3.669941321618999577e-03,4.502386753944069542e-04
3.675492711135172272e-03,4.439639143183091250e-04
3.678957895404010546e-03,4.260452407619137738e-04
3.685159995495604270e-03,4.189179953785172818e-04
3.697663786060333482e-03,4.217974989488547941e-04
3.700156142470232244e-03,4.317846523532100234e-04
3.664435656320117352e-03,4.312663161005021381e-04
3.586812389267553941e-03,4.286037261361211781e-04
3.594173916966271996e-03,4.252440984215396049e-04
3.623714701351712052e-03,4.095617088160279713e-04
3.637716045398363060e-03,4.089672708645419397e-04
3.639091153514062687e-03,4.087653260950786815e-04
3.617717110421268811e-03,4.076052261181985041e-04
3.593481312249517407e-03,3.972895202948231730e-04
3.595309773709465077e-03,3.911270503308038262e-04
3.628027667467149074e-03,3.853250650663430483e-04
3.666323716937996795e-03,3.800548840095305117e-04
3.716449765447806409e-03,3.813322275962968580e-04
3.746296392880205453e-03,3.749638917154101921e-04
3.777480508492029026e-03,3.603321398615339129e-04
3.788474558979116474e-03,3.643737646043200464e-04
3.836470464005582465e-03,3.585078919834201109e-04
3.826750043368788452e-03,3.569174842493011922e-04
3.828264900254127814e-03,3.523775298616798322e-04
3.835954690381730009e-03,3.419926335224555795e-04
3.826563863471706736e-03,3.398734395344313970e-04
3.849514893674504251e-03,3.329810025764828527e-04
3.865164506439682218e-03,3.158707167075012318e-04
3.872915772163385527e-03,3.163468140527043245e-04
3.868357931465735058e-03,3.101092247121689386e-04
3.854283385146101224e-03,3.025485605912630574e-04
3.842224300816679278e-03,2.987550459754950531e-04
3.851810019040579226e-03,2.862265972194737921e-04
3.864267576975332318e-03,2.697554235412931239e-04
3.871914812170906221e-03,2.685529893302114764e-04
3.887827797457893940e-03,2.591394738029679156e-04
3.891464290919679700e-03,2.552720192790746117e-04
3.908828361444824200e-03,2.488106834854214426e-04
3.908519848936588617e-03,2.372876768494902805e-04
3.934444761378461629e-03,2.343839381143750092e-04
3.955413920828724540e-03,2.218937387328996115e-04
3.980693276180106988e-03,2.122406585523000007e-04
3.978948451468095060e-03,2.110448054048538605e-04
3.989440561012464262e-03,2.116668913679670431e-04
3.995339110602965683e-03,2.007914113263713424e-04
4.017628407401904397e-03,1.862148496953299143e-04
4.015655482200208501e-03,1.757810691983427648e-04
4.029673508897253439e-03,1.642683546234710167e-04
4.048727743933474080e-03,1.588486477657609331e-04
4.048114606774916996e-03,1.510418487114725805e-04
4.055570306914189037e-03,1.449071272522663688e-04
4.079080260137681914e-03,1.448742059922939374e-04
4.063947103010163812e-03,1.442859170755998862e-04
4.075669719396444839e-03,1.369024836180183515e-04
4.079083709120269290e-03,1.361190973089407470e-04
4.099980003731172086e-03,1.360322523376369117e-04
4.098994941964128995e-03,1.362196530643179876e-04
4.091499777684450001e-03,1.372976635467608420e-04
4.095447350005957700e-03,1.333734650231994706e-04
4.097029526638498731e-03,1.320614908121049561e-04
4.102346204362661980e-03,1.305153684254515710e-04
4.106792166524392967e-03,1.249102834017596557e-04
4.111168059518453648e-03,1.236387801783154225e-04
4.123317332286046376e-03,1.165952414280073781e-04
4.132990007548742462e-03,1.153826766525722989e-04
4.167829753908445720e-03,1.154259878743536089e-04
4.185430631347105204e-03,1.154302085604010569e-04
4.223666856229294983e-03,1.149400370187112104e-04
4.215610537848164287e-03,1.142885913770019075e-04
4.239733907514908577e-03,1.153428286273776185e-04
4.255226563647924315e-03,1.145418157225110362e-04
4.251431651995500084e-03,1.160888737515833509e-04
4.266100131983682764e-03,1.200953289347995995e-04
4.272397470508776732e-03,1.241207140007916749e-04
4.280477351637817368e-03,1.258980093797279715e-04
4.287317803444052298e-03,1.326945146542334150e-04
4.296287986432049955e-03,1.288518206230830263e-04
4.327967621011674648e-03,1.302775155099336363e-04
4.326138053273803109e-03,1.361440981567581287e-04
4.327145490588972347e-03,1.344466505914729542e-04
4.329021010596250177e-03,1.448222776589734400e-04
4.329901993490539551e-03,1.431197665984086230e-04
4.327660606603561319e-03,1.459785970529120785e-04
4.312354215992150394e-03,1.500839450924658142e-04
4.318355883400134577e-03,1.581886998593299643e-04
4.326245196517197744e-03,1.650194477086187948e-04
4.332602348568141866e-03,1.572373133736873637e-04
4.341228448173712479e-03,1.599661232665260482e-04
4.345922981011577854e-03,1.724131735665822534e-04
4.351707522554868098e-03,1.665343855751204717e-04
4.364524708158400677e-03,1.803985055577653456e-04
4.371739348793862202e-03,1.710549287070324662e-04
4.415408904017370517e-03,1.766136258231099120e-04
4.412199801075854418e-03,1.824484988098225334e-04
4.406097568239499170e-03,1.814091755739973954e-04
4.411913022618558881e-03,1.823303006486090333e-04
4.416333360280916796e-03,1.820159034346432287e-04
4.423138452194803373e-03,1.803333894224863870e-04
4.436380301863112816e-03,1.764875584179720390e-04
4.440272295855627639e-03,1.763553755494820844e-04
4.453712512962498295e-03,1.766277649254359547e-04
4.463250069489600909e-03,1.764141128024208417e-04
4.511373992532724357e-03,1.767856922196742631e-04
4.501862818470570536e-03,1.795614445848552965e-04
4.522669784918537279e-03,1.856140247676756104e-04
4.560676949632061841e-03,1.948613643245724128e-04
4.550732579292635603e-03,1.978114873989448197e-04
4.566753721575476238e-03,2.149314722430048659e-04
4.578504191064870256e-03,2.148298237613856417e-04
4.590685377328914372e-03,2.219604383951540505e-04
4.607160149271310491e-03,2.304676605877439713e-04
4.598361709012091687e-03,2.333311798404467670e-04
4.603524960008649296e-03,2.347740596362608671e-04
4.604716175823779165e-03,2.409287735043742751e-04
4.596611698790928346e-03,2.465298412127675184e-04
4.626346758637487830e-03,2.474462100029134037e-04
4.647351533101663594e-03,2.576645535712407181e-04
4.702909023474726412e-03,2.551605497020349657e-04
4.746788722785500771e-03,2.577606852502580112e-04
4.782430508488668547e-03,2.602435041431130610e-04
4.755074230127349227e-03,2.599546790828813022e-04
4.767092561873451095e-03,2.614609384804140752e-04
4.765629191400233729e-03,2.614546398419135501e-04
4.811341719267003825e-03,2.636786246064833344e-04
4.839323208620373122e-03,2.693011767812875275e-04
4.887585966791510410e-03,2.731849861618004327e-04
4.948148923079981679e-03,2.763003916146323179e-04
4.976284308366042859e-03,2.771700737206407345e-04
4.975941271973175102e-03,2.797178305680207916e-04
5.020938305415706578e-03,2.816528150007589575e-04
5.018703010559320138e-03,2.848630524940418281e-04
5.127130846280945203e-03,2.857271832465059112e-04
5.174667851577708505e-03,2.922636160621568178e-04
5.188544865615551255e-03,2.899600290341426798e-04
5.229292012502152927e-03,2.928445953079959361e-04
5.197648000068951814e-03,2.960994049987604113e-04
5.232980508239577083e-03,2.975324571858425525e-04
5.250209124877869803e-03,3.060926128306721097e-04
5.254644937241813828e-03,3.020668652327214931e-04
5.267202893054972329e-03,3.003568202497483271e-04
5.292246657613561278e-03,3.006785084738597207e-04
5.298479651188498125e-03,3.028762960779913258e-04
5.383675490469913040e-03,3.018204959826964353e-04
5.440851379893980877e-03,3.013364486840054528e-04
5.458245955107847436e-03,2.999741680392068420e-04
5.523925052454509328e-03,2.989823319091081534e-04
5.514940501806955657e-03,2.984815765635892614e-04
5.548806812639276928e-03,2.970567330331456545e-04
5.585136229794443116e-03,2.952061995945766577e-04
5.591087172536117131e-03,2.924162489943890587e-04
5.644645342849739268e-03,2.808832884761550196e-04
5.675029462765929580e-03,2.821630922484405913e-04
5.698599442182495853e-03,2.756067327994045617e-04
5.737166597611578420e-03,2.692158936353406971e-04
5.763477642685615153e-03,2.702541278635015162e-04
5.749239982029944081e-03,2.624008984522611921e-04
5.731923954208516768e-03,2.584361028486144079e-04
5.752327358589864187e-03,2.529178484735307647e-04
5.736224146852623648e-03,2.478397982830480867e-04
5.719402414037008837e-03,2.394926400170639539e-04
5.710491014891456822e-03,2.286532504605458520e-04
5.705282148198244363e-03,2.236839751112863056e-04
5.708510238001157817e-03,2.050587551857853939e-04
5.707792889461075700e-03,1.969798115996514566e-04
5.698077244410183241e-03,1.989479061234589446e-04
5.690374594563089514e-03,1.958682626288552433e-04
5.684885853951217663e-03,1.727662671558179001e-04
5.677517613724343028e-03,1.782861063183696832e-04
5.660502113823621083e-03,1.674667430335424214e-04
5.658276464157475753e-03,1.561266455446125322e-04
5.668971561571976500e-03,1.567130786448450329e-04
5.851492403034344418e-03,1.588297831700462097e-04
5.883206093269330826e-03,1.516710278166933171e-04
5.940415274431980718e-03,1.459313960908826906e-04
5.982372646457495731e-03,1.469486403242694814e-04
6.063743405030854253e-03,1.446358214979552462e-04
6.108585254812733123e-03,1.405905794686332681e-04
6.101358837632223434e-03,1.387888526258813156e-04
6.117954744458205252e-03,1.346074390363301797e-04
6.130083949286707114e-03,1.281608398540252935e-04
6.151931020850748451e-03,1.292363927847053895e-04
6.171786470517252182e-03,1.251892981580064734e-04
6.194750315226285782e-03,1.233016769645164847e-04
6.238797150904999353e-03,1.248742526498516122e-04
6.238425614451438214e-03,1.238492428540664597e-04
6.262161528957976842e-03,1.224233009665833915e-04
6.240672212907594392e-03,1.248080976674550849e-04
6.234616112881477719e-03,1.254363246191055319e-04
6.194937099416461361e-03,1.261544084197750628e-04
6.181153719587956924e-03,1.304795364000321345e-04
6.185349275874321359e-03,1.290257691189208736e-04
6.181054673298960918e-03,1.304510820127686619e-04
6.182928675123832568e-03,1.344520010483651635e-04
6.197903302704168421e-03,1.358003705162770774e-04
6.204367243909355949e-03,1.407911942419934489e-04
6.204316198396330265e-03,1.435071674078093693e-04
6.210169590045984053e-03,1.433630937803203990e-04
6.216254111242542138e-03,1.478371365979712436e-04
6.229484416548188713e-03,1.518657168153561196e-04
6.237745405497101443e-03,1.598953598693112572e-04
6.246946557221457093e-03,1.702252198643286517e-04
6.255536645519607294e-03,1.752919796937585178e-04
6.260391531355555608e-03,1.829513442159803622e-04
6.249714274708956935e-03,1.994207842333506071e-04
6.239557006275932641e-03,2.005712762349056918e-04
6.181775869864599218e-03,2.054605726716250203e-04
6.168381800649413646e-03,1.964902073473900283e-04
6.166081168361083227e-03,2.013040079424035665e-04
6.184264602353392939e-03,1.950865315129106110e-04
6.226565495478489712e-03,1.954224087501945804e-04
6.297149522113950314e-03,1.990734202615236843e-04
6.337304449099713348e-03,1.999856600693684840e-04
6.294617822416965873e-03,2.016807728426215848e-04
6.318211231687134548e-03,2.030691471323313327e-04
6.339530754658035186e-03,2.040260872766328079e-04
6.355804255927701395e-03,2.090632475566950332e-04
6.407937569507276242e-03,2.029564534601564546e-04
6.437452662066294774e-03,2.044579759421699444e-04
6.485064880714149632e-03,2.031495851699427913e-04
6.503110611174810728e-03,2.059239098358430322e-04
6.531791283383254695e-03,2.069419867802659073e-04
6.613653500083583638e-03,2.113013662839020011e-04
6.603279225575120308e-03,2.177963672981664636e-04
6.585191803548145345e-03,2.250847199986736257e-04
6.620144352715841458e-03,2.403817571256282391e-04
6.617527016381861797e-03,2.575393467073343800e-04
6.629760850294579705e-03,2.591845485638754536e-04
6.643633545542186429e-03,2.615248007734190488e-04
6.643072916700488821e-03,2.764454763027116273e-04
6.673529757329598432e-03,2.709189943114564503e-04
6.680034137521665555e-03,2.700185746780568393e-04
6.705759077885206469e-03,2.779516833249968694e-04
6.762753652957621819e-03,2.802862123339528626e-04
6.781292019759191207e-03,2.861614777236211327e-04
6.865516072636549012e-03,3.072414774970864482e-04
6.905340116896773774e-03,3.004275511773635992e-04
6.940455283274226013e-03,3.058142516804543192e-04
6.938545088725166926e-03,3.117797006548116601e-04
6.982510492348825704e-03,3.288439859061982021e-04
6.986843654487215685e-03,3.269226529784955999e-04
7.023908089756231675e-03,3.353835034068662927e-04
7.059431748985820973e-03,3.595014292351602996e-04
7.047478964466687319e-03,3.599384378712866691e-04
7.064260121354758865e-03,3.823763063039215980e-04
7.095894820364245445e-03,3.973818917635464523e-04
7.105845454249606202e-03,4.000256406872930198e-04
7.117512612531543166e-03,4.213051237306002206e-04
7.124788133594671738e-03,4.289211580044624008e-04
7.155235179216646105e-03,4.293597392595011422e-04
7.183699699242649880e-03,4.374915244320384073e-04
7.215647874713196352e-03,4.361550889476459346e-04
7.340618425933097095e-03,4.461399672508738158e-04
7.353990379211077823e-03,4.550951818543010194e-04
7.402683390544233417e-03,4.658088053953517117e-04
7.435134250748720759e-03,4.711815995807402415e-04
7.452032946972818664e-03,4.729170294854277159e-04
7.463520302526238832e-03,4.761223495445034148e-04
7.476616111048540320e-03,4.743589330053914524e-04
7.487937520846885651e-03,4.796864901512591542e-04
7.522936467639516553e-03,4.923986588370448270e-04
7.508403013803574035e-03,4.991354947075719427e-04
7.519643571999748248e-03,5.179727384235868239e-04
7.529731032717971138e-03,5.317478227618968644e-04
7.559119896502490728e-03,5.527402216301605369e-04
7.573016782385763070e-03,5.677769568360711838e-04
7.610605843639955959e-03,5.704696944835722016e-04
7.625206407065923328e-03,5.836783496961468407e-04
7.665962162294633585e-03,5.853048741889746052e-04
7.671074396319899590e-03,6.054354598374648514e-04
7.679920454811621326e-03,6.186591547276119353e-04
7.695231935048188476e-03,6.309539679115043790e-04
7.722240885162294163e-03,6.491830801943938856e-04
7.730083554201924376e-03,7.033817233266145266e-04
7.699956867248148283e-03,6.994664501822093691e-04
7.665622967084627197e-03,7.112174485799456405e-04
7.668361905950480707e-03,7.264769534321805248e-04
7.663166188481160268e-03,7.386517571750339343e-04
7.659857457845182724e-03,7.876108368546672718e-04
7.646678305720530991e-03,7.688398015721300714e-04
7.654384957670776202e-03,7.924963019468350038e-04
7.650334457569738997e-03,8.404308381509567084e-04
7.644170348613037354e-03,8.458039341264242221e-04
7.648828539746907636e-03,9.027314804571418862e-04
7.653886553683329590e-03,9.293310319693688128e-04
7.659302910868448153e-03,9.472443996258825966e-04
7.676843058611363194e-03,1.040016405894790595e-03
7.733428545145654837e-03,1.029593859453558323e-03
7.783436902505819557e-03,1.032133774978664974e-03
7.762322208000100102e-03,1.055777579344459489e-03
7.796355463785483580e-03,1.071139117686076628e-03
7.796026524298186634e-03,1.119554273837966444e-03
7.802102832287774285e-03,1.102141112608544726e-03
7.833759231089695158e-03,1.117214684920376112e-03
7.837202014227289196e-03,1.125572638728648345e-03
7.841300365300681030e-03,1.136029499313836143e-03
7.846330897498672921e-03,1.150635774414207569e-03
7.851165096454199022e-03,1.182558459168597028e-03
7.860292274855800940e-03,1.182431904924544433e-03
7.862099963912728279e-03,1.198335816078854909e-03
7.886935238699353118e-03,1.231039015471638905e-03
7.858791843011745867e-03,1.236698300440861693e-03
7.873733529410124193e-03,1.276141916469819473e-03
7.894332688423872160e-03,1.264908044967022862e-03
7.958235209320310352e-03,1.278932429706039183e-03
7.955304807428337580e-03,1.299462242852596466e-03
7.911464618393858686e-03,1.295439978209774259e-03
7.941465459757365841e-03,1.333594843595905166e-03
7.950764171352028842e-03,1.347004593974825224e-03
7.959094476816641617e-03,1.352436410381666412e-03
7.960658591814094923e-03,1.369498137839420893e-03
7.961953690464916925e-03,1.367095970500755309e-03
7.962973707142466037e-03,1.371577147132591393e-03
7.976305573827658507e-03,1.382259918589856355e-03
7.980388530211050130e-03,1.385948352475683968e-03
7.993129777699840149e-03,1.395506160522761449e-03
7.997541973996597289e-03,1.397141962014615286e-03
8.008675296186503964e-03,1.401466878012532120e-03
8.011965545923071738e-03,1.409474705087495521e-03
8.023608298124275048e-03,1.420419571634020739e-03
8.026408272466381555e-03,1.415746454563123749e-03
8.032123017595956330e-03,1.425992395626886561e-03
8.028616507898191090e-03,1.433341620933125966e-03
8.030014476227247122e-03,1.434270034497322393e-03
8.030868919822143834e-03,1.430776382575482284e-03
8.032318772149375785e-03,1.432998928987946896e-03
8.036129472788753822e-03,1.422485283023363451e-03
8.040037153290047200e-03,1.416337588942808735e-03
8.050025388546362334e-03,1.408038867362437861e-03
8.054763457962799134e-03,1.398502027544768801e-03
8.058151571984261546e-03,1.403876546459328391e-03
8.069879539621745146e-03,1.403150377308630663e-03
8.078021532892771042e-03,1.400664161840397236e-03
8.082796298097863832e-03,1.407135399815759172e-03
8.093072523737466356e-03,1.411449171913849642e-03
8.098490436581987431e-03,1.420320806355845466e-03
8.103280409498845455e-03,1.419531358547872300e-03
8.110331353914016286e-03,1.427772954946060057e-03
8.118229764936113826e-03,1.435525922812982058e-03
8.161303269569831695e-03,1.440434314472124975e-03
8.170105075798723623e-03,1.445725168218049217e-03
8.153308163071798856e-03,1.449368771211923240e-03
8.162049076444646833e-03,1.456916913883775236e-03
8.169200506845206156e-03,1.462761439895870303e-03
8.178768907823964762e-03,1.470005233471657945e-03
8.184869438846968312e-03,1.469760511097930765e-03
8.179475314614884779e-03,1.467324649436709590e-03
8.178455946244250763e-03,1.468720236084394837e-03
8.176263191913956535e-03,1.471511872503105355e-03
8.155589736953407567e-03,1.471155134686566186e-03
8.163292163967597256e-03,1.470751005563725655e-03
8.215515290463184378e-03,1.468204048276293850e-03
8.291280353987321924e-03,1.467634972018981359e-03
8.312088082087715560e-03,1.467869953547187942e-03
8.401891258339606525e-03,1.466567238626085906e-03
8.416902221636577558e-03,1.466300350957310331e-03
8.459368498947482384e-03,1.466533078968698667e-03
8.455434911678551615e-03,1.467006358220674777e-03
8.496302314475137618e-03,1.467993804412006525e-03
8.563634808619014285e-03,1.470641060420733916e-03
8.632646990476356211e-03,1.470765551906999665e-03
8.597320862680800369e-03,1.474187072368901086e-03
8.547804337983976736e-03,1.473135820817388867e-03
8.535378475275825355e-03,1.476575625993335229e-03
8.549022834821421932e-03,1.477620025098906479e-03
8.611961773169056131e-03,1.478791937443968939e-03
8.665729723552071176e-03,1.480553839311197053e-03
8.704737884257148992e-03,1.486291849874675020e-03
8.731386985869074580e-03,1.486681747140150859e-03
8.759538292775388008e-03,1.508644707574233104e-03
8.823773917465771791e-03,1.501731049071165390e-03
8.907081775244338195e-03,1.501941242925233441e-03
8.929665759824911148e-03,1.504449983612784906e-03
8.967753867277111421e-03,1.506022981562245852e-03
8.988928066950252829e-03,1.507811501086766875e-03
8.984647818724432120e-03,1.507656607719648056e-03
8.975729431577737089e-03,1.505937763522927119e-03
8.970051716379972423e-03,1.479778539189583342e-03
8.969462083198823793e-03,1.478613045245336490e-03
8.979418821995290706e-03,1.490029241491261803e-03
