# loss_dp, loss_pinn
5.039628207964279571e-01,2.137855586959153294e-03
5.038393832236927050e-01,2.058397804258382553e-03
5.038208815905372839e-01,2.029870724960018257e-03
5.038208813102411643e-01,2.029870197813480465e-03
5.038208810246727065e-01,2.029865478762947744e-03
5.038208784744468982e-01,2.029858388504666641e-03
5.038208681432139180e-01,2.029854497131755673e-03
5.038208567286268647e-01,2.029854162856985483e-03
5.038208484538518883e-01,1.468557749306366846e-03
5.038208477244432437e-01,1.460383189416109961e-03
5.032472705928672241e-01,7.969164855806823780e-04
5.031374121949696576e-01,7.813200483465659613e-04
5.019218412522685746e-01,6.722557359990625515e-04
5.007868065610273645e-01,5.780392296262183488e-04
5.007225126092805789e-01,5.547479415258113828e-04
5.006669812246086204e-01,5.516312222308803088e-04
5.006516226832103955e-01,3.655503566379221243e-04
5.006017230487388447e-01,1.197323940091316887e-04
5.005861558389776977e-01,9.705617467331843946e-05
5.004691288148696016e-01,5.094595555481665677e-05
5.001498701520981083e-01,4.512729196959603919e-05
5.001194485069870854e-01,4.327705608817640666e-05
5.000743734145862707e-01,4.198169784167580609e-05
5.000366492952592612e-01,3.725758255212052847e-05
5.000169341844775683e-01,3.408460152562852309e-05
5.000141169623951720e-01,3.086741076390816548e-05
5.000139472219942149e-01,2.916925305180543645e-05
5.000137535287823010e-01,2.659244648949585658e-05
5.000132242353708678e-01,2.506898189225764369e-05
5.000119269634805130e-01,2.279030117475843538e-05
5.000109768806907384e-01,2.137798217783957330e-05
5.000077861566916138e-01,1.984116692334066760e-05
5.000070611409987986e-01,1.922488519717069824e-05
5.000059026211648439e-01,1.808561752383168496e-05
5.000052699912712617e-01,1.758555757732730833e-05
5.000046767049463048e-01,1.691587042440477373e-05
5.000045214852379960e-01,1.525502742669126593e-05
5.000044094124362903e-01,1.369971680837668178e-05
5.000043828891395092e-01,1.129934426456738758e-05
5.000043758142810324e-01,1.085622260544112721e-05
5.000043710643560235e-01,1.039323360327993581e-05
5.000043611351346895e-01,9.581685841015205810e-06
5.000043358707145780e-01,8.243995099544540838e-06
5.000042836542356595e-01,5.972480478074610589e-06
5.000042085279410298e-01,5.822941932574028129e-06
5.000041082405962678e-01,5.441075314837108590e-06
5.000040663394993423e-01,5.365255001609925383e-06
5.000040447372300356e-01,5.350185054999870968e-06
5.000040352541541555e-01,5.324214766917670603e-06
5.000040148391384776e-01,5.288622265128186839e-06
5.000040003113435105e-01,5.179166168197630988e-06
5.000039792514945347e-01,4.937813522145322161e-06
5.000039669422596811e-01,4.846715913034868246e-06
5.000039482404544655e-01,4.750862840036311877e-06
5.000039325362348741e-01,4.480521506993177900e-06
5.000039168746732710e-01,4.019355197427692354e-06
5.000038625175483586e-01,3.612225318755113835e-06
5.000038540943840815e-01,3.097333255273483232e-06
5.000037946374730202e-01,2.377994243708226177e-06
5.000037483025906448e-01,2.010310523622325057e-06
5.000036248402449646e-01,1.750859832681811781e-06
5.000035354322154291e-01,1.702588126938579983e-06
5.000034126259409462e-01,1.534175710128230458e-06
5.000032722142127017e-01,1.472287113543357468e-06
5.000032100260514145e-01,1.384698832170120694e-06
5.000031670366393843e-01,1.328552895552705715e-06
5.000031359945242837e-01,1.222725447430604279e-06
5.000031141225579345e-01,1.045280357786276728e-06
5.000031059499632224e-01,8.400528275373578004e-07
5.000030904965950818e-01,6.089921422476912706e-07
5.000030837833637776e-01,4.384325024725036308e-07
5.000030730494049447e-01,3.158857614102242837e-07
5.000030563161137476e-01,2.788273830161727696e-07
5.000030316627981364e-01,2.458204904339095059e-07
5.000030146037681700e-01,2.334189056952517701e-07
5.000030087665965350e-01,2.130334395258672004e-07
5.000030061022773253e-01,1.856094809874643118e-07
5.000030032511977307e-01,1.795121823255285770e-07
5.000029971736523748e-01,1.752868505824563150e-07
5.000029887145958085e-01,1.730305280480681316e-07
5.000029811145414449e-01,1.698842347853249455e-07
5.000029739787855698e-01,1.656802352549557168e-07
5.000029588254080171e-01,1.570227757393832590e-07
5.000029391628733055e-01,1.470468325666734384e-07
5.000029183946801403e-01,1.365424941013708100e-07
5.000028791592242561e-01,1.309131113307961524e-07
5.000027790627682434e-01,1.297968266191831342e-07
5.000024854610581881e-01,1.292945122404284201e-07
5.000024285321472695e-01,1.292200221880872017e-07
5.000021120558146848e-01,1.291621891209925944e-07
5.000019968263111902e-01,1.291192056417679150e-07
5.000018047326308945e-01,1.290876412374824609e-07
5.000016026754793286e-01,1.289963084163651380e-07
5.000013686176362215e-01,1.287077386145186637e-07
5.000013257448401305e-01,1.281233308307681093e-07
5.000012793655935761e-01,1.267547981530082509e-07
5.000011816124179109e-01,1.243264414880737077e-07
5.000011133074806491e-01,1.183272145742793717e-07
5.000010227595452772e-01,1.122263958538239863e-07
5.000009737899013817e-01,1.075907040736609616e-07
5.000008330873597640e-01,1.064876170909855734e-07
5.000007967219991523e-01,1.058031019637403697e-07
5.000007384986713266e-01,1.056127833864446749e-07
5.000006851508569383e-01,1.053907786237970394e-07
5.000006223834375652e-01,1.053377919288319872e-07
5.000006027065750924e-01,1.053340928089939400e-07
5.000005751869935899e-01,1.053337164240529607e-07
5.000005621840502013e-01,1.053336969349075642e-07
5.000005566703047410e-01,1.053336957251959936e-07
5.000005528237858599e-01,1.053336931762641617e-07
5.000005488761618544e-01,1.053336889770042124e-07
5.000005442348331997e-01,1.053336758048568419e-07
5.000005267178757595e-01,1.053336430986845371e-07
5.000004927897813145e-01,1.053335557387212520e-07
5.000004716539305782e-01,1.053333286263361103e-07
5.000004647022453508e-01,1.053327306344325555e-07
5.000004620489097995e-01,1.053311466804061534e-07
5.000004562198637759e-01,1.053201851335269907e-07
5.000004491170959575e-01,1.052670059258098342e-07
5.000004406017466430e-01,1.052287267427349556e-07
5.000004288655305329e-01,1.051678466304645457e-07
5.000004061456382320e-01,1.051363535424723573e-07
5.000003621452279168e-01,1.051159524405578345e-07
5.000003044217826709e-01,1.051070442605421368e-07
5.000002664261057328e-01,1.050963542963291336e-07
5.000002469523191495e-01,1.050796202473558518e-07
5.000001958242288325e-01,1.050518103282183111e-07
5.000001901398214432e-01,1.050395673949083698e-07
5.000001789700067034e-01,1.050205621479583360e-07
5.000001581206376944e-01,1.049727060914586888e-07
5.000001426808567961e-01,1.049437350979706843e-07
5.000001203979909103e-01,1.049375745570704344e-07
5.000001003747633899e-01,1.049159067652844221e-07
5.000000919607563432e-01,1.048842607392213015e-07
5.000000737215100077e-01,1.048646735407532695e-07
5.000000682768118709e-01,1.048391402178686613e-07
5.000000649594547042e-01,1.048265218720303048e-07
5.000000613007026251e-01,1.048135598959597704e-07
5.000000554325222391e-01,1.047952601865240763e-07
5.000000509015525285e-01,1.047682753946249413e-07
5.000000408659410756e-01,1.047522765541921301e-07
5.000000223345482109e-01,1.047471092528922378e-07
5.000000120405528881e-01,1.047390889400834578e-07
5.000000069907929445e-01,1.047299723990001007e-07
5.000000047249166801e-01,1.047189979933279799e-07
5.000000013976426683e-01,1.047049418664498355e-07
4.999999928437630081e-01,1.046848098005885916e-07
4.999999851669849060e-01,1.046734160087119330e-07
4.999999815080065080e-01,1.046555395223671405e-07
4.999999781182128400e-01,1.046449474632196223e-07
4.999999770895107720e-01,1.046248298747984893e-07
4.999999766419227498e-01,1.046103934545871819e-07
4.999999759587772097e-01,1.046074452491189191e-07
4.999999754284203957e-01,1.045994790790368028e-07
4.999999742681627835e-01,1.045938826691683621e-07
4.999999721945725395e-01,1.045904304139470365e-07
4.999999700828932636e-01,1.045832901816501966e-07
4.999999682488112662e-01,1.045794986025653217e-07
4.999999675666539911e-01,1.045776333376653870e-07
4.999999671905251963e-01,1.045747548151257482e-07
4.999999670619880154e-01,1.045718013811291824e-07
4.999999670241036531e-01,1.045590253839935869e-07
4.999999669494895604e-01,1.045530787058827036e-07
4.999999667248087309e-01,1.045448678269312620e-07
4.999999656164542117e-01,1.045296293314436625e-07
4.999999648449603429e-01,1.045233054317058630e-07
4.999999643957100948e-01,1.045216776744949373e-07
4.999999640334792939e-01,1.045162283716320933e-07
4.999999635874753934e-01,1.045136569181979174e-07
4.999999626439795564e-01,1.045101722774508988e-07
4.999999608606185419e-01,1.045067992161136632e-07
4.999999572832017902e-01,1.045031084081703153e-07
4.999999558428844249e-01,1.045006010283774954e-07
4.999999533566747978e-01,1.044990242313688322e-07
4.999999512014797753e-01,1.044988815347035703e-07
4.999999507293478307e-01,1.044983202619890474e-07
4.999999505316709558e-01,1.044979224198252583e-07
4.999999498558654887e-01,1.044977146164551689e-07
4.999999492849952487e-01,1.044971195764117117e-07
4.999999475836587881e-01,1.044961201440482594e-07
4.999999453888888112e-01,1.044941489654017286e-07
4.999999434003693510e-01,1.044920303584215117e-07
4.999999414359815875e-01,1.044912799367366864e-07
4.999999392912147789e-01,1.044902676735704004e-07
4.999999380211289646e-01,1.044898829390520788e-07
4.999999374555954557e-01,1.044896723827476059e-07
4.999999362806190062e-01,1.044893998938971841e-07
4.999999359125470444e-01,1.044888903559943305e-07
4.999999356244869686e-01,1.044883892238122144e-07
4.999999351250227209e-01,1.044881043370282777e-07
4.999999345246004534e-01,1.044878522518959996e-07
4.999999340508700651e-01,1.044877102618778736e-07
4.999999338902878510e-01,1.044876347514476860e-07
4.999999336845341036e-01,1.044875672418725278e-07
4.999999335281278823e-01,1.044875111361143320e-07
4.999999333872010010e-01,1.044874726889999252e-07
4.999999332049841483e-01,1.044874621620983987e-07
4.999999331124576063e-01,1.044874581114089944e-07
4.999999329021291294e-01,1.044874530934525263e-07
4.999999327529599524e-01,1.044874288681735582e-07
4.999999325121282645e-01,1.044873339007824600e-07
4.999999322746542241e-01,1.044871861773971021e-07
4.999999320580517104e-01,1.044862661570177520e-07
4.999999318780721236e-01,1.044832628002240478e-07
4.999999315162539926e-01,1.044813018647925689e-07
4.999999312959566566e-01,1.044750411388155485e-07
4.999999311448667383e-01,1.044619457094111219e-07
4.999999310726809254e-01,1.044484403348384417e-07
4.999999309324719698e-01,1.044387036584705035e-07
4.999999308384769359e-01,1.044319786746267276e-07
4.999999307814391170e-01,1.044241563843935762e-07
4.999999307178814578e-01,1.044212706613695646e-07
4.999999306792169973e-01,1.044163888648911461e-07
4.999999306745050442e-01,1.044125244443887324e-07
4.999999306726262138e-01,1.044105004058869457e-07
4.999999306720555037e-01,1.044100061293533016e-07
4.999999306717276548e-01,1.044099186877738392e-07
4.999999306715692260e-01,1.044099033293414832e-07
4.999999306715582348e-01,1.044098960677488184e-07
4.999999306715369740e-01,1.044098868155247145e-07
4.999999306714956182e-01,1.044098568513127006e-07
4.999999306713832636e-01,1.044097814449127703e-07
4.999999306711144786e-01,1.044094859093309015e-07
4.999999306704133173e-01,1.044086143431727464e-07
4.999999306686346845e-01,1.044073372860707878e-07
4.999999306642386454e-01,1.044064143242894308e-07
4.999999306562373791e-01,1.044049159264077531e-07
4.999999306443851932e-01,1.044038346931690217e-07
4.999999306057282267e-01,1.044031696372570086e-07
4.999999305967893215e-01,1.044025208795138329e-07
4.999999305693527685e-01,1.044016324782267942e-07
4.999999305594665655e-01,1.044010423570487822e-07
4.999999305492744961e-01,1.044004002681115938e-07
4.999999305437557995e-01,1.044002394014343133e-07
4.999999305343968414e-01,1.044000701642976020e-07
4.999999305223618018e-01,1.043998744068470386e-07
4.999999304870288430e-01,1.043997790234512726e-07
4.999999304776975850e-01,1.043996631605449475e-07
4.999999304468066841e-01,1.043993044845100307e-07
4.999999304410613354e-01,1.043990154011339279e-07
4.999999304307830572e-01,1.043983216064331518e-07
4.999999304082698437e-01,1.043977176927661042e-07
4.999999303913112980e-01,1.043967781363141442e-07
4.999999303825964914e-01,1.043952840570588266e-07
4.999999303715788601e-01,1.043934717633281076e-07
4.999999303624534930e-01,1.043924205793920567e-07
4.999999303515454963e-01,1.043900932282900736e-07
4.999999303385713745e-01,1.043870142192518759e-07
4.999999303179911703e-01,1.043819107237080792e-07
4.999999303078388468e-01,1.043781100732932831e-07
4.999999302895787867e-01,1.043765341496692916e-07
4.999999302664607237e-01,1.043678231649365634e-07
4.999999302603783669e-01,1.043654868748361531e-07
4.999999302486961561e-01,1.043622139429416244e-07
4.999999302370748966e-01,1.043602534693219448e-07
4.999999302186689532e-01,1.043576309842907139e-07
4.999999302129095602e-01,1.043536807817275142e-07
4.999999302058912853e-01,1.043520343282067096e-07
4.999999301984427991e-01,1.043505556348553427e-07
4.999999301941141505e-01,1.043487839152205658e-07
4.999999301820861053e-01,1.043472577078638132e-07
4.999999301643978655e-01,1.043465831356065708e-07
4.999999301268529539e-01,1.043461067774611558e-07
4.999999301168789323e-01,1.043447360196513968e-07
4.999999301045074951e-01,1.043413023902799245e-07
4.999999300826704074e-01,1.043402057534218396e-07
4.999999300740917141e-01,1.043394027233039937e-07
4.999999300477813713e-01,1.043369569468888432e-07
4.999999300406846592e-01,1.043358280989626313e-07
4.999999300329109886e-01,1.043334871761477988e-07
4.999999300212633058e-01,1.043322691841396759e-07
4.999999300128388779e-01,1.043308695757120129e-07
4.999999300046240047e-01,1.043295016369604631e-07
4.999999299960833365e-01,1.043281561705859270e-07
4.999999299920937501e-01,1.043269949964899618e-07
4.999999299833308708e-01,1.043248590628605327e-07
4.999999299780016893e-01,1.043215525533675266e-07
4.999999299682328369e-01,1.043134898316647548e-07
4.999999299440524014e-01,1.043085046156326767e-07
4.999999299305118994e-01,1.042984686225615819e-07
4.999999299228117255e-01,1.042901098061566074e-07
4.999999298957003013e-01,1.042865830990189544e-07
4.999999298838626594e-01,1.042847191926805106e-07
4.999999298745844145e-01,1.042826000595911763e-07
4.999999298691991112e-01,1.042819954393422275e-07
4.999999298637579082e-01,1.042819091732391566e-07
4.999999298576880968e-01,1.042817722680353842e-07
4.999999298475480414e-01,1.042816139946427248e-07
4.999999298348080101e-01,1.042813179238688984e-07
4.999999298156018179e-01,1.042810537755279077e-07
4.999999297944076604e-01,1.042803387883403534e-07
4.999999297663390574e-01,1.042793776054832064e-07
4.999999297332735626e-01,1.042785645877454652e-07
4.999999297038270063e-01,1.042780834899672530e-07
4.999999296913570368e-01,1.042773920505457983e-07
4.999999296812627225e-01,1.042766926420349555e-07
4.999999296762034362e-01,1.042755544338674911e-07
4.999999296713990016e-01,1.042733431295572596e-07
4.999999296668240500e-01,1.042668422799584569e-07
4.999999296588694131e-01,1.042661118449454687e-07
4.999999296479518684e-01,1.042577650223288613e-07
4.999999296219960199e-01,1.042440035669909521e-07
4.999999296140767990e-01,1.042401239189725624e-07
4.999999295809883781e-01,1.042271937719888948e-07
4.999999295550179301e-01,1.042236758298361598e-07
4.999999295316222003e-01,1.042167033808708337e-07
4.999999295005239652e-01,1.042090949447184650e-07
4.999999294749741807e-01,1.042006245709731377e-07
4.999999294669937866e-01,1.041983826932285860e-07
4.999999294404920414e-01,1.041978218556334983e-07
4.999999294271675887e-01,1.041968540757822276e-07
4.999999294120727189e-01,1.041958070118217246e-07
4.999999294074056744e-01,1.041947180690643769e-07
4.999999294035179509e-01,1.041928673318187970e-07
4.999999293931494115e-01,1.041886183874105674e-07
4.999999293869752393e-01,1.041803859985279703e-07
4.999999293810183931e-01,1.041770329215922985e-07
4.999999293766748121e-01,1.041630979402918824e-07
4.999999293673946799e-01,1.041571767654063946e-07
4.999999293622262586e-01,1.041509520722423170e-07
4.999999293522991994e-01,1.041499658206686050e-07
4.999999293406011125e-01,1.041481200886610288e-07
4.999999292996158418e-01,1.041473721457320307e-07
4.999999292853460897e-01,1.041469776557751399e-07
4.999999292647629989e-01,1.041466752353188405e-07
4.999999292234573178e-01,1.041461932289647155e-07
4.999999291996464756e-01,1.041459045402270862e-07
4.999999291781330735e-01,1.041455111076558341e-07
4.999999291693980052e-01,1.041450342437602812e-07
4.999999291486831865e-01,1.041441126887885103e-07
4.999999291391613587e-01,1.041426046123212568e-07
4.999999291296440829e-01,1.041404254052618660e-07
4.999999291213114705e-01,1.041398964844670171e-07
4.999999291132642965e-01,1.041387442639216241e-07
4.999999291063846885e-01,1.041385776155281005e-07
4.999999291043045746e-01,1.041385091361325372e-07
4.999999291025982173e-01,1.041384412936231382e-07
4.999999290993972778e-01,1.041383019442670844e-07
4.999999290931964602e-01,1.041382176157398631e-07
4.999999290789102213e-01,1.041381882630329225e-07
4.999999290716768963e-01,1.041381850122441510e-07
4.999999290605480207e-01,1.041381817132561343e-07
4.999999290297270083e-01,1.041381775978653375e-07
4.999999289957481885e-01,1.041381668676853137e-07
4.999999289789729406e-01,1.041381390280758637e-07
4.999999289386363177e-01,1.041380775401788415e-07
4.999999289173490680e-01,1.041379267408828565e-07
4.999999288780456741e-01,1.041376049918274678e-07
4.999999288607571701e-01,1.041370143803306833e-07
4.999999288356171689e-01,1.041359369626423497e-07
4.999999288238865525e-01,1.041331368020099437e-07
4.999999288031301559e-01,1.041315032332230371e-07
4.999999287972703987e-01,1.041308881436057130e-07
4.999999287872245457e-01,1.041303063313451723e-07
4.999999287834402395e-01,1.041297900052425773e-07
4.999999287768131517e-01,1.041296195164053105e-07
4.999999287678730808e-01,1.041294530125429245e-07
4.999999287534039327e-01,1.041293079281674614e-07
4.999999287352425714e-01,1.041291267216212220e-07
4.999999286970522872e-01,1.041288889923217389e-07
4.999999286225210171e-01,1.041285393796588819e-07
4.999999286030107903e-01,1.041279979111732269e-07
4.999999285332473731e-01,1.041274691623238560e-07
4.999999284961093027e-01,1.041273208260187607e-07
4.999999284848483105e-01,1.041271823557279521e-07
4.999999284788225751e-01,1.041270814325724793e-07
4.999999284744689465e-01,1.041268972985347110e-07
4.999999284653264264e-01,1.041265215483748734e-07
4.999999284565547208e-01,1.041260174980037281e-07
4.999999284469847094e-01,1.041258945870084849e-07
4.999999284382917186e-01,1.041254496978333629e-07
4.999999284282677925e-01,1.041250958474957861e-07
4.999999284186478765e-01,1.041247805852932388e-07
4.999999283891595758e-01,1.041246680412671418e-07
4.999999283339793821e-01,1.041244255952743534e-07
4.999999283144209716e-01,1.041242614547370827e-07
4.999999282781618648e-01,1.041239484202112549e-07
4.999999282659326472e-01,1.041236047776437230e-07
4.999999282335637618e-01,1.041232267299180142e-07
4.999999282148100410e-01,1.041224437475676184e-07
4.999999281819423325e-01,1.041221753200441038e-07
4.999999281699145648e-01,1.041216652236885900e-07
4.999999281334648882e-01,1.041215577515797112e-07
4.999999280987729722e-01,1.041211752947975710e-07
4.999999280795207612e-01,1.041208431944577437e-07
4.999999280685857306e-01,1.041202085381535773e-07
4.999999280457856354e-01,1.041193677473391566e-07
4.999999280263086043e-01,1.041189923121208330e-07
4.999999280105824617e-01,1.041169176655348915e-07
4.999999279855995016e-01,1.041166663952390045e-07
4.999999279677995734e-01,1.041157688712612357e-07
4.999999279543750896e-01,1.041145929619291601e-07
4.999999279384925721e-01,1.041067254485675545e-07
4.999999279260776697e-01,1.041045530616585967e-07
4.999999279175940115e-01,1.040994312934244020e-07
4.999999278936777536e-01,1.040922806020709129e-07
4.999999278761603216e-01,1.040869829300138519e-07
4.999999278654791990e-01,1.040805531196493170e-07
4.999999278470894648e-01,1.040671002607094291e-07
4.999999278236003097e-01,1.040606249078567888e-07
4.999999278129149682e-01,1.040518452222340271e-07
4.999999278043373852e-01,1.040452125152790776e-07
4.999999277936424402e-01,1.040418995966200612e-07
4.999999277888366178e-01,1.040369046291348098e-07
4.999999277861946201e-01,1.040327390632159172e-07
4.999999277809558107e-01,1.040247233743288149e-07
4.999999277616570814e-01,1.040213497889288802e-07
4.999999277561706368e-01,1.040130325294053627e-07
4.999999277514841634e-01,1.040086165266903526e-07
4.999999277432025102e-01,1.040039557987797087e-07
4.999999277359205019e-01,1.039988424746104403e-07
4.999999277273314280e-01,1.039951219801831265e-07
4.999999277217869187e-01,1.039902662273210963e-07
4.999999277168504785e-01,1.039876290021509032e-07
4.999999277062532332e-01,1.039807909102593137e-07
4.999999277035655498e-01,1.039664789622026336e-07
4.999999277003888132e-01,1.039510318888580930e-07
4.999999276984638530e-01,1.039453304519518077e-07
4.999999276924951275e-01,1.039378272337784549e-07
4.999999276884272703e-01,1.039297807001542058e-07
4.999999276808767545e-01,1.039235043979095811e-07
4.999999276719596653e-01,1.039209910122662299e-07
4.999999276706671436e-01,1.039187301219575563e-07
4.999999276489385802e-01,1.039149190020494343e-07
4.999999276459937136e-01,1.039112757282914895e-07
4.999999276414804905e-01,1.039106270398249151e-07
4.999999276377974367e-01,1.039081017762681510e-07
4.999999276328993547e-01,1.039077086822988092e-07
4.999999276299037509e-01,1.039072864975369463e-07
4.999999276265524317e-01,1.039070907822751617e-07
4.999999276199781351e-01,1.039069903772782243e-07
4.999999276182633956e-01,1.039066663757021897e-07
4.999999276140332238e-01,1.039060133022672128e-07
4.999999276109574620e-01,1.039041869387063056e-07
4.999999276099525436e-01,1.039016847560359642e-07
4.999999276081608102e-01,1.038993814684343282e-07
4.999999276066436904e-01,1.038960171101913514e-07
4.999999276034774454e-01,1.038937614715612382e-07
4.999999275927342057e-01,1.038917471346780635e-07
4.999999275915490982e-01,1.038901570122877742e-07
4.999999275862672121e-01,1.038883237062638840e-07
4.999999275847812896e-01,1.038869825743232353e-07
4.999999275811952137e-01,1.038860643133421456e-07
4.999999275784182684e-01,1.038843495373024075e-07
4.999999275734924309e-01,1.038830908662211024e-07
4.999999275677111665e-01,1.038809007795058761e-07
4.999999275590965020e-01,1.038802418721038802e-07
4.999999275561713419e-01,1.038789536074051972e-07
4.999999275532064358e-01,1.038783637708739704e-07
4.999999275432704393e-01,1.038776591259667489e-07
4.999999275355769823e-01,1.038769746521920985e-07
4.999999275322985492e-01,1.038762842832303552e-07
4.999999275247186126e-01,1.038759237318067758e-07
4.999999275140822319e-01,1.038756851143256569e-07
4.999999275122648523e-01,1.038754243833227865e-07
4.999999275027288137e-01,1.038751218564552070e-07
4.999999274949448180e-01,1.038749731916869210e-07
4.999999274890752909e-01,1.038747143137988569e-07
4.999999274843563990e-01,1.038743733528459844e-07
4.999999274814761474e-01,1.038742632593942799e-07
4.999999274778618719e-01,1.038740630721849794e-07
4.999999274746314004e-01,1.038738335060269959e-07
4.999999274701520946e-01,1.038737830022334153e-07
4.999999274642438207e-01,1.038737174006779905e-07
4.999999274625078205e-01,1.038737058835082071e-07
4.999999274617250578e-01,1.038736948801024463e-07
4.999999274612959010e-01,1.038736838560895120e-07
4.999999274610075206e-01,1.038736807155809627e-07
4.999999274608432076e-01,1.038736742911927513e-07
4.999999274608047939e-01,1.038736588232239209e-07
4.999999274607897504e-01,1.038736432254330507e-07
4.999999274607679900e-01,1.038736333824536660e-07
4.999999274607022093e-01,1.038736272672115957e-07
4.999999274604574051e-01,1.038736157967681599e-07
4.999999274598972421e-01,1.038735860063242801e-07
4.999999274597957122e-01,1.038734956895054411e-07
4.999999274597616283e-01,1.038732479990181096e-07
4.999999274596637622e-01,1.038729157380242034e-07
4.999999274594251752e-01,1.038719532401513307e-07
4.999999274587923481e-01,1.038708402960359168e-07
4.999999274572177743e-01,1.038695329065855965e-07
4.999999274530561033e-01,1.038686593598857794e-07
4.999999274396422222e-01,1.038680731647927224e-07
4.999999274197453047e-01,1.038677731937781869e-07
4.999999274047795539e-01,1.038673236274177453e-07
4.999999273641515529e-01,1.038669955865891439e-07
4.999999273527414578e-01,1.038668086365889263e-07
4.999999273002108668e-01,1.038667155499601207e-07
4.999999272766604275e-01,1.038666132223682496e-07
4.999999272420175833e-01,1.038664666678289078e-07
4.999999272302038666e-01,1.038661007400958753e-07
4.999999271851198746e-01,1.038655967871147386e-07
4.999999271398133938e-01,1.038649575377622528e-07
4.999999270918242811e-01,1.038644232923239827e-07
4.999999270816491981e-01,1.038636036480003336e-07
4.999999270752217284e-01,1.038598111956270180e-07
4.999999270464329237e-01,1.038548988681229557e-07
4.999999270316252131e-01,1.038515180087180545e-07
4.999999270144881991e-01,1.038472997527041184e-07
4.999999269877776764e-01,1.038405482065647847e-07
4.999999269750775577e-01,1.038376690570497967e-07
4.999999269671228097e-01,1.038317192392406569e-07
4.999999269565101878e-01,1.038282908405572363e-07
4.999999269495386534e-01,1.038165232192464573e-07
4.999999269426099180e-01,1.038122703931922343e-07
4.999999269404932778e-01,1.037905050636583348e-07
4.999999269371538935e-01,1.037777923226898582e-07
4.999999269337617180e-01,1.037676651447370416e-07
4.999999269276044211e-01,1.037545430473460066e-07
4.999999269191577889e-01,1.037494774682759524e-07
4.999999269168324822e-01,1.037447855390137119e-07
4.999999269018576831e-01,1.037410517941787816e-07
4.999999268708114064e-01,1.037378095157429901e-07
4.999999267697915473e-01,1.037346466882965196e-07
4.999999267186911456e-01,1.037331493075859637e-07
4.999999266716148028e-01,1.037318777661020817e-07
4.999999266291400568e-01,1.037304836710255044e-07
4.999999265670401760e-01,1.037298587941777646e-07
4.999999265380464242e-01,1.037292017183151635e-07
4.999999265116321090e-01,1.037278742905281124e-07
4.999999265039349883e-01,1.037259462173899483e-07
4.999999264842413527e-01,1.037233560865717595e-07
4.999999264720267345e-01,1.037210779349662905e-07
4.999999264622007056e-01,1.037205212113199393e-07
4.999999264532490328e-01,1.037196744341279703e-07
4.999999264450802339e-01,1.037194340658906697e-07
4.999999264348266026e-01,1.037192001622017021e-07
4.999999264229686990e-01,1.037189098079251363e-07
4.999999264182974357e-01,1.037187377793469310e-07
4.999999264091157247e-01,1.037185053501393543e-07
4.999999264021586232e-01,1.037180597614073577e-07
4.999999264006153021e-01,1.037169935934428263e-07
4.999999263977170649e-01,1.037155129266676270e-07
4.999999263945827943e-01,1.037137174644705205e-07
4.999999263872048627e-01,1.037122236804826827e-07
4.999999263740296795e-01,1.037088931149102380e-07
4.999999263532258764e-01,1.037072074591185389e-07
4.999999263285340168e-01,1.037045468432661342e-07
4.999999263123852677e-01,1.037020241180534358e-07
4.999999262984085591e-01,1.036993692759487588e-07
4.999999262847513171e-01,1.036959997314915129e-07
4.999999262694917457e-01,1.036939964029667006e-07
4.999999262341907613e-01,1.036909520993501982e-07
4.999999262097409858e-01,1.036873596226841473e-07
4.999999261736756684e-01,1.036849326589434148e-07
4.999999261556085095e-01,1.036833211662019222e-07
4.999999261164582154e-01,1.036822140582660170e-07
4.999999261063289291e-01,1.036807143480508361e-07
4.999999260915434784e-01,1.036788591396370900e-07
4.999999260699800052e-01,1.036770756600779957e-07
4.999999260609180318e-01,1.036741293576031198e-07
4.999999260346164598e-01,1.036709014680666088e-07
4.999999260097200970e-01,1.036616637812948531e-07
4.999999259981163791e-01,1.036583351842935625e-07
4.999999259856141021e-01,1.036517206028267550e-07
4.999999259704893673e-01,1.036429076500294591e-07
4.999999259432515442e-01,1.036420800513062496e-07
4.999999259192654533e-01,1.036349729365444036e-07
4.999999259099164872e-01,1.036292633065692374e-07
4.999999258973223393e-01,1.036254509795418627e-07
4.999999258861103635e-01,1.036233488570358564e-07
4.999999258745024822e-01,1.036189844633954245e-07
4.999999258681037118e-01,1.036146544006579336e-07
4.999999258645395073e-01,1.036083858675658769e-07
4.999999258628249343e-01,1.036047831898648842e-07
4.999999258607052410e-01,1.036027830143133067e-07
4.999999258584706396e-01,1.035991295242842824e-07
4.999999258563063709e-01,1.035948078455219300e-07
4.999999258535762214e-01,1.035919188454798585e-07
4.999999258509817412e-01,1.035907580199549183e-07
4.999999258469205454e-01,1.035861197735671395e-07
4.999999258393934554e-01,1.035835175724101663e-07
4.999999258299621108e-01,1.035813874131078090e-07
4.999999258172476702e-01,1.035793832678876595e-07
4.999999258141349379e-01,1.035763197855528405e-07
4.999999258117057144e-01,1.035745586489485063e-07
4.999999258095023658e-01,1.035732560040941066e-07
4.999999258078693942e-01,1.035730138595035267e-07
4.999999258054932394e-01,1.035725588585615108e-07
4.999999258025540350e-01,1.035725281692223520e-07
4.999999257995180191e-01,1.035724952501116156e-07
4.999999257989821144e-01,1.035724374811734832e-07
4.999999257977898459e-01,1.035723667966163420e-07
4.999999257969456323e-01,1.035722257081787484e-07
4.999999257954907406e-01,1.035720666862278422e-07
4.999999257943763542e-01,1.035719246720221213e-07
4.999999257931090346e-01,1.035718493487869959e-07
4.999999257929994001e-01,1.035718388186259807e-07
4.999999257929090835e-01,1.035718241258471321e-07
4.999999257927469909e-01,1.035717895427315416e-07
4.999999257924788720e-01,1.035717147011540519e-07
4.999999257918434359e-01,1.035715219942401453e-07
4.999999257911955652e-01,1.035710239975638034e-07
4.999999257909677475e-01,1.035697350051968369e-07
4.999999257904540473e-01,1.035688161677960755e-07
4.999999257897865812e-01,1.035653132409103432e-07
4.999999257885376913e-01,1.035628586830073067e-07
4.999999257857162815e-01,1.035540738967975379e-07
4.999999257813608766e-01,1.035487873520939586e-07
4.999999257690277421e-01,1.035385635406280972e-07
4.999999257651646101e-01,1.035330026347836815e-07
4.999999257467869773e-01,1.035304027188330982e-07
4.999999257373397010e-01,1.035250239382253875e-07
4.999999257209243875e-01,1.035217915695060316e-07
4.999999256928603364e-01,1.035177335984276375e-07
4.999999256762871491e-01,1.035142758836951683e-07
4.999999256156074656e-01,1.035124332308604740e-07
4.999999255740287807e-01,1.035116000356130492e-07
4.999999255395224385e-01,1.035109517854930925e-07
4.999999254453654229e-01,1.035105996016919394e-07
4.999999253789321196e-01,1.035103461742233511e-07
4.999999253443099256e-01,1.035101866077143940e-07
4.999999252659755311e-01,1.035097047863611453e-07
4.999999252454786491e-01,1.035086092180967978e-07
4.999999251297566616e-01,1.035057395210255500e-07
4.999999250746904877e-01,1.034993238198765941e-07
4.999999250520055227e-01,1.034972390300825177e-07
4.999999250110585547e-01,1.034877488576634149e-07
4.999999249836731274e-01,1.034850889492330887e-07
4.999999249601677631e-01,1.034784306923836371e-07
4.999999249165641979e-01,1.034756706975068037e-07
4.999999248409524033e-01,1.034687151608988152e-07
4.999999247532757596e-01,1.034662976449353464e-07
4.999999247095495702e-01,1.034617584366020731e-07
4.999999246889998972e-01,1.034561256867556791e-07
4.999999246770814310e-01,1.034482855439024895e-07
4.999999246568697098e-01,1.034323642578123508e-07
4.999999246297645028e-01,1.034267624148484948e-07
4.999999246009055875e-01,1.034238027819247241e-07
4.999999245352175770e-01,1.034156751050646863e-07
4.999999245190824282e-01,1.034129480338057046e-07
4.999999244988569402e-01,1.034072093593909423e-07
4.999999244744585125e-01,1.033864371100019525e-07
4.999999244529516051e-01,1.033754625588486937e-07
4.999999244336058579e-01,1.033629122947372857e-07
4.999999244213417238e-01,1.033587550487088188e-07
4.999999244013854094e-01,1.033471697446077213e-07
4.999999243772735302e-01,1.033423408811030632e-07
4.999999243570879548e-01,1.033336546617362906e-07
4.999999243280640604e-01,1.033313725491952784e-07
4.999999243110440639e-01,1.033226381525595825e-07
4.999999242918486964e-01,1.033139994069042559e-07
4.999999242796833721e-01,1.033063435558916550e-07
4.999999242636603558e-01,1.032952134059805800e-07
4.999999242564456825e-01,1.032853496956492702e-07
4.999999242448850967e-01,1.032831092381350785e-07
4.999999242357801021e-01,1.032775780317595115e-07
4.999999242290511514e-01,1.032715192819504828e-07
4.999999242172722402e-01,1.032636835703298544e-07
4.999999242024703028e-01,1.032529080777665998e-07
4.999999241958212881e-01,1.032384132668383049e-07
4.999999241799425453e-01,1.032305048675904572e-07
4.999999241720787801e-01,1.032200086571292951e-07
4.999999241692459906e-01,1.032142586420174598e-07
4.999999241662433924e-01,1.032060607303656702e-07
4.999999241624856761e-01,1.031965617013295457e-07
4.999999241600009414e-01,1.031850893036553815e-07
4.999999241557896434e-01,1.031760811938128773e-07
4.999999241518397475e-01,1.031636631495329912e-07
4.999999241505995728e-01,1.031585636130893232e-07
4.999999241462931288e-01,1.031502796292425257e-07
4.999999241422503626e-01,1.031394290926516293e-07
4.999999241373580539e-01,1.031261217400708529e-07
4.999999241314904141e-01,1.031108296038326797e-07
4.999999241289820873e-01,1.030909741086753774e-07
4.999999241260371097e-01,1.030612148819521263e-07
4.999999241246847470e-01,1.030537341992106535e-07
4.999999241237994552e-01,1.030364865256973135e-07
4.999999241220628443e-01,1.030181757156885800e-07
4.999999241213970436e-01,1.029953047766249956e-07
4.999999241204347578e-01,1.029751169458467698e-07
4.999999241198567201e-01,1.029620333300691582e-07
4.999999241189545529e-01,1.029471166600670332e-07
4.999999241174120090e-01,1.029382558657108611e-07
4.999999241161601216e-01,1.029316923508484245e-07
4.999999241131558581e-01,1.029178625508826188e-07
4.999999241105630987e-01,1.029104329060496156e-07
4.999999241099267189e-01,1.029009763033561101e-07
4.999999241076017453e-01,1.028843227468208896e-07
4.999999241063790012e-01,1.028812850827914170e-07
4.999999241047289322e-01,1.028739261739569379e-07
4.999999241036388598e-01,1.028663289669824887e-07
4.999999241028504349e-01,1.028599935646410138e-07
4.999999241021254592e-01,1.028524197242469434e-07
4.999999241015817830e-01,1.028346890164757743e-07
4.999999241002697214e-01,1.028317728732285503e-07
4.999999240962442748e-01,1.028234907128554616e-07
4.999999240934318578e-01,1.028156020383956440e-07
4.999999240837474934e-01,1.028087325026221494e-07
4.999999240685512603e-01,1.028064464863704782e-07
4.999999240522897681e-01,1.027987591311414315e-07
4.999999240270875389e-01,1.027928402647452576e-07
4.999999239985937205e-01,1.027844801710691529e-07
4.999999239864606482e-01,1.027776342958409655e-07
4.999999239690177122e-01,1.027699338782600956e-07
4.999999239493698733e-01,1.027636801048176109e-07
4.999999239299260934e-01,1.027588769154140898e-07
4.999999239126000639e-01,1.027569716755530054e-07
4.999999239070370693e-01,1.027548291624206829e-07
4.999999239002128615e-01,1.027535918270733373e-07
4.999999238908782728e-01,1.027526160238936649e-07
4.999999238806814295e-01,1.027519400184666152e-07
4.999999238726551831e-01,1.027506391946844932e-07
4.999999238664573076e-01,1.027488260302641364e-07
4.999999238569816651e-01,1.027485073640543380e-07
4.999999238451036110e-01,1.027482196745586840e-07
4.999999238366846788e-01,1.027479815952884011e-07
4.999999238258927559e-01,1.027474371688377511e-07
4.999999238216891184e-01,1.027469158612190248e-07
4.999999238134471558e-01,1.027460202267312569e-07
4.999999238061679785e-01,1.027448902963738331e-07
4.999999238015030434e-01,1.027440601511361841e-07
4.999999237973353217e-01,1.027410918131725066e-07
4.999999237907460925e-01,1.027363330512735028e-07
4.999999237841001309e-01,1.027302061916608848e-07
4.999999237720545997e-01,1.027213686557604623e-07
4.999999237654995099e-01,1.027183054647750398e-07
4.999999237621675086e-01,1.027138437955024029e-07
4.999999237530663998e-01,1.027083224479754093e-07
4.999999237502546490e-01,1.027036842084242320e-07
4.999999237469153757e-01,1.027025867009525436e-07
4.999999237416670184e-01,1.027005915239707029e-07
4.999999237312005573e-01,1.027000345207348959e-07
4.999999237099680971e-01,1.026996133883753387e-07
4.999999237035552824e-01,1.026990862130815732e-07
4.999999236877817888e-01,1.026984036750578795e-07
4.999999236819597792e-01,1.026970038834989273e-07
4.999999236585864204e-01,1.026947559942052581e-07
4.999999236488235077e-01,1.026911277318126572e-07
4.999999236365202382e-01,1.026901187668423327e-07
4.999999236233613198e-01,1.026859135308890294e-07
4.999999236145601933e-01,1.026845152734393980e-07
4.999999236040130746e-01,1.026828084183092711e-07
4.999999235878558324e-01,1.026819280491971653e-07
4.999999235704599698e-01,1.026809925154419440e-07
4.999999235507606166e-01,1.026806527576929541e-07
4.999999235337104220e-01,1.026801955976606073e-07
4.999999235189146463e-01,1.026795807046752585e-07
4.999999234977343110e-01,1.026790963611106131e-07
4.999999234842696927e-01,1.026785373411431585e-07
4.999999234596990139e-01,1.026780904107586456e-07
4.999999234453439412e-01,1.026777698524542597e-07
4.999999233968911438e-01,1.026775186691017255e-07
4.999999233655711417e-01,1.026772922517884587e-07
4.999999233448786939e-01,1.026771996129912397e-07
4.999999232918295733e-01,1.026771065652606355e-07
4.999999232406220906e-01,1.026769834670809445e-07
4.999999231424661628e-01,1.026768039805734091e-07
4.999999231233033248e-01,1.026766633453319266e-07
4.999999230687542373e-01,1.026766164890249928e-07
4.999999229932960976e-01,1.026765679900431887e-07
4.999999229653349087e-01,1.026765222276005852e-07
4.999999229295134517e-01,1.026764478943342640e-07
4.999999229140981161e-01,1.026762526667943284e-07
4.999999228326656997e-01,1.026760720395669030e-07
4.999999227943596747e-01,1.026759511529246716e-07
4.999999227355409470e-01,1.026754225218545174e-07
4.999999227184350192e-01,1.026744754805249005e-07
4.999999226556678389e-01,1.026738109776068173e-07
4.999999226190632307e-01,1.026734168687841007e-07
4.999999225739729658e-01,1.026728469727416028e-07
4.999999225636173605e-01,1.026714228626511385e-07
4.999999225352048104e-01,1.026707083176890304e-07
4.999999225030251626e-01,1.026688945925663600e-07
4.999999224673092879e-01,1.026681138957514397e-07
4.999999224234145112e-01,1.026669017346068468e-07
4.999999223778782698e-01,1.026650642972178595e-07
4.999999223645515412e-01,1.026646670598510134e-07
4.999999222863226733e-01,1.026639950662670870e-07
4.999999222561959389e-01,1.026636903845344151e-07
4.999999222128710397e-01,1.026633796970748787e-07
4.999999221666377447e-01,1.026630373319957278e-07
4.999999221090229984e-01,1.026626154146564335e-07
4.999999220724931637e-01,1.026617259210099376e-07
4.999999219999230471e-01,1.026588827356624498e-07
4.999999218828624081e-01,1.026558451793791812e-07
4.999999218675911239e-01,1.026534186669687580e-07
4.999999217720427214e-01,1.026526153551996723e-07
4.999999216980497430e-01,1.026497481119021663e-07
4.999999216553533410e-01,1.026477221232259605e-07
4.999999216310813677e-01,1.026441828107019184e-07
4.999999215951480558e-01,1.026436634311906427e-07
4.999999215729991620e-01,1.026406505816042147e-07
4.999999215546555020e-01,1.026365793086674245e-07
4.999999215404303810e-01,1.026353130728418848e-07
4.999999215139920294e-01,1.026322971022293138e-07
4.999999215013216647e-01,1.026309798178699777e-07
4.999999214741923104e-01,1.026284501863064737e-07
4.999999214686309812e-01,1.026260693982329975e-07
4.999999214465319364e-01,1.026230907458113461e-07
4.999999214212970111e-01,1.026194240499594228e-07
4.999999213945950927e-01,1.026167448526764063e-07
4.999999213394876740e-01,1.026155375574535172e-07
4.999999213028506473e-01,1.026142032724863203e-07
4.999999211997330217e-01,1.026132514723783279e-07
4.999999211449421832e-01,1.026118660415204131e-07
4.999999211157600820e-01,1.026113474347986278e-07
4.999999210736981725e-01,1.026104946413054086e-07
4.999999210573522479e-01,1.026097286291306739e-07
4.999999210518666359e-01,1.026082166885646012e-07
4.999999210368837321e-01,1.026078167058342844e-07
4.999999210342518929e-01,1.026066134145680463e-07
4.999999210308364028e-01,1.026046229803712491e-07
4.999999210271234840e-01,1.026030754849353783e-07
4.999999210251154791e-01,1.026018400941561789e-07
4.999999210218081247e-01,1.026013600965410457e-07
4.999999210191212184e-01,1.026002604574125045e-07
4.999999210115766424e-01,1.025987130589614826e-07
4.999999210022268992e-01,1.025970216764943898e-07
4.999999209881381690e-01,1.025943696489188633e-07
4.999999209845917836e-01,1.025933732443232662e-07
4.999999209774431130e-01,1.025917000133474063e-07
4.999999209749650397e-01,1.025897777569399215e-07
4.999999209733044792e-01,1.025869884065789780e-07
4.999999209697200131e-01,1.025855968813118874e-07
4.999999209664400257e-01,1.025832739065060923e-07
4.999999209657921551e-01,1.025768531915199219e-07
4.999999209636125097e-01,1.025704765758140208e-07
4.999999209631314501e-01,1.025628063094995004e-07
4.999999209626461161e-01,1.025570441701162283e-07
4.999999209622494334e-01,1.025545729295342905e-07
4.999999209614533480e-01,1.025471645914038940e-07
4.999999209606580952e-01,1.025404530620673773e-07
4.999999209587826510e-01,1.025348386256896518e-07
4.999999209546627243e-01,1.025300602672313757e-07
4.999999209455915361e-01,1.025252670821295742e-07
4.999999209298449654e-01,1.025169325684657235e-07
4.999999209238822906e-01,1.025053777010229114e-07
4.999999208931522610e-01,1.024955660620330608e-07
4.999999208786405358e-01,1.024831610666431166e-07
4.999999208694473340e-01,1.024793139104552517e-07
4.999999208610318990e-01,1.024682516138245395e-07
4.999999208350022206e-01,1.024604191380653416e-07
4.999999208031261633e-01,1.024416877236838814e-07
4.999999207728150763e-01,1.024357765135293014e-07
4.999999207358098441e-01,1.024190961367712203e-07
4.999999207248659872e-01,1.024022740301282943e-07
4.999999206970636711e-01,1.023828205823134657e-07
4.999999206790061157e-01,1.023672635510324999e-07
4.999999206527667717e-01,1.023375164431598203e-07
4.999999206232484950e-01,1.023167470600005956e-07
4.999999205831468507e-01,1.022836223126068893e-07
4.999999205720648265e-01,1.022710725779879130e-07
4.999999205511069800e-01,1.022320016549750313e-07
4.999999205326102203e-01,1.021932664278525604e-07
4.999999205075617570e-01,1.021551890200382861e-07
4.999999204811623188e-01,1.021429491635513853e-07
4.999999204622935789e-01,1.020992554992727894e-07
4.999999204392419072e-01,1.020676662733000415e-07
4.999999203934034075e-01,1.020534137469108967e-07
4.999999203729266206e-01,1.020445558813640780e-07
4.999999203495353872e-01,1.020234843664381479e-07
4.999999203327624153e-01,1.020058305038480848e-07
4.999999203273635118e-01,1.019928149662245044e-07
4.999999203104948386e-01,1.019726344682583736e-07
4.999999202924224617e-01,1.019684150757056742e-07
4.999999202744859761e-01,1.019588397257437369e-07
4.999999202401239629e-01,1.019536657841019496e-07
4.999999201905730439e-01,1.019387938236000594e-07
4.999999201767327817e-01,1.019307436536800304e-07
4.999999201648582248e-01,1.019254490678116929e-07
4.999999201468512400e-01,1.019207104158897593e-07
4.999999201175858166e-01,1.019122992941675602e-07
4.999999200944604816e-01,1.019045117085464994e-07
4.999999200834296387e-01,1.018944093531254818e-07
4.999999200630337870e-01,1.018876565825069286e-07
4.999999200386270326e-01,1.018762353797802688e-07
4.999999200131782784e-01,1.018649553201396244e-07
4.999999199941238537e-01,1.018556104633918040e-07
4.999999199765590152e-01,1.018346167180663130e-07
4.999999199654444615e-01,1.018258614089994010e-07
4.999999199473906808e-01,1.018142504187646796e-07
4.999999199345344647e-01,1.018079575113178413e-07
4.999999199189171795e-01,1.017987813739565331e-07
4.999999198845735959e-01,1.017861330085539492e-07
4.999999198721076787e-01,1.017690451936641778e-07
4.999999198540163170e-01,1.017628185618761268e-07
4.999999198453615179e-01,1.017369590987034952e-07
4.999999198371811726e-01,1.017294902550759133e-07
4.999999198208114892e-01,1.017191392828471450e-07
4.999999198127787481e-01,1.017155875011201299e-07
4.999999197997236910e-01,1.017072240738727914e-07
4.999999197798243311e-01,1.016999608019677285e-07
4.999999197509634175e-01,1.016925232558738431e-07
4.999999197383894201e-01,1.016812436633988683e-07
4.999999197215416191e-01,1.016683275743009933e-07
4.999999197152944497e-01,1.016442989394085101e-07
4.999999196833871951e-01,1.016205523180445630e-07
4.999999196486988873e-01,1.016104080367922846e-07
4.999999196363738019e-01,1.015691996082894931e-07
4.999999196058452222e-01,1.015586775376511550e-07
4.999999195833690901e-01,1.015502866606710855e-07
4.999999195687581111e-01,1.015380029154594316e-07
4.999999195534761132e-01,1.015152267194332095e-07
4.999999195383891815e-01,1.015007986080106508e-07
4.999999195240690253e-01,1.014826291938347421e-07
4.999999195066535673e-01,1.014644610551680823e-07
4.999999195000467966e-01,1.014386554570551453e-07
4.999999194823526727e-01,1.014245752966413707e-07
4.999999194726956753e-01,1.014131026857164578e-07
4.999999194659303647e-01,1.014018230553269118e-07
4.999999194572058436e-01,1.013709740721233995e-07
4.999999194492511512e-01,1.013509448371998352e-07
4.999999194444447181e-01,1.013299429037670249e-07
4.999999194414334047e-01,1.013062269186841458e-07
4.999999194395476909e-01,1.012667387506170318e-07
4.999999194387461099e-01,1.012299395706530359e-07
4.999999194379358691e-01,1.012175333679006478e-07
4.999999194350347453e-01,1.012007225987927679e-07
4.999999194258146762e-01,1.011651695626052895e-07
4.999999194197026764e-01,1.011511849034964243e-07
4.999999194003047487e-01,1.011239627851064683e-07
4.999999193973946876e-01,1.011137877148703002e-07
4.999999193884259174e-01,1.011063898987893210e-07
4.999999193815697351e-01,1.010860188274131050e-07
4.999999193725683799e-01,1.010718746451526759e-07
4.999999193690206067e-01,1.010664690915495515e-07
4.999999193630061400e-01,1.010601350273167659e-07
4.999999193569706346e-01,1.010524392544973503e-07
4.999999193514911289e-01,1.010437540473631268e-07
4.999999193493600003e-01,1.010334819970653653e-07
4.999999193426454269e-01,1.010211690661826209e-07
4.999999193302478995e-01,1.010113690742299363e-07
4.999999193275428411e-01,1.010001754113006478e-07
4.999999193220949212e-01,1.009943118199992960e-07
4.999999193191658753e-01,1.009823660098597958e-07
4.999999193037459877e-01,1.009760137078181569e-07
4.999999193008386467e-01,1.009740166101456714e-07
4.999999192969003525e-01,1.009705497833308185e-07
4.999999192908517465e-01,1.009598215625642620e-07
4.999999192891231847e-01,1.009579270964175847e-07
4.999999192858961550e-01,1.009558391599885815e-07
4.999999192836694917e-01,1.009534951184292480e-07
4.999999192776037882e-01,1.009523779199357171e-07
4.999999192750467225e-01,1.009513639099281695e-07
4.999999192739905673e-01,1.009503216528928506e-07
4.999999192715045560e-01,1.009498180692709787e-07
4.999999192699646766e-01,1.009494527975586243e-07
4.999999192677530013e-01,1.009491548800655404e-07
4.999999192655860680e-01,1.009489836489014232e-07
4.999999192632770262e-01,1.009486056297809699e-07
4.999999192603596931e-01,1.009484361308104795e-07
4.999999192592885500e-01,1.009478664981706377e-07
4.999999192577856411e-01,1.009470430036851966e-07
4.999999192544176685e-01,1.009460854286786763e-07
4.999999192519489211e-01,1.009440368246899705e-07
4.999999192506665580e-01,1.009413409105181258e-07
4.999999192494909983e-01,1.009398372505931955e-07
4.999999192477677656e-01,1.009345668002180293e-07
4.999999192451584640e-01,1.009323469167255124e-07
4.999999192418670968e-01,1.009315929122574049e-07
4.999999192395226943e-01,1.009304617323231225e-07
4.999999192357965638e-01,1.009301087755662488e-07
4.999999192315760510e-01,1.009299287955998441e-07
4.999999192251300961e-01,1.009294931211153006e-07
4.999999192192217667e-01,1.009280395722610291e-07
4.999999192152719263e-01,1.009270612114658622e-07
4.999999192095430089e-01,1.009252001312799917e-07
4.999999192071663545e-01,1.009241516612644898e-07
4.999999192049714436e-01,1.009235994315965448e-07
4.999999192019528582e-01,1.009227804270760428e-07
4.999999191962161138e-01,1.009220287528358866e-07
4.999999191910897145e-01,1.009213079222672039e-07
4.999999191842489088e-01,1.009209198345912292e-07
4.999999191750380545e-01,1.009206881492057675e-07
4.999999191658950348e-01,1.009197159093479219e-07
4.999999191582803482e-01,1.009194450084716842e-07
4.999999191488662120e-01,1.009192114598015946e-07
4.999999191354889683e-01,1.009189058748102063e-07
4.999999191260376397e-01,1.009186481547682973e-07
4.999999191233213680e-01,1.009183431590869266e-07
4.999999191096548001e-01,1.009180000077773812e-07
4.999999190948019034e-01,1.009177039113640131e-07
4.999999190796697857e-01,1.009174218634523979e-07
4.999999190274893590e-01,1.009173188577476941e-07
4.999999189873194361e-01,1.009172261694900112e-07
4.999999189676910816e-01,1.009171686935535057e-07
4.999999189529874544e-01,1.009171291428701005e-07
4.999999189367876351e-01,1.009170676652298002e-07
4.999999189178066517e-01,1.009169809661461315e-07
4.999999188967285679e-01,1.009168456844675880e-07
4.999999188551740303e-01,1.009165771338454767e-07
4.999999187616495089e-01,1.009165529250704425e-07
4.999999187196598749e-01,1.009164337833275704e-07
4.999999186774474746e-01,1.009159696465259502e-07
4.999999186286858133e-01,1.009155833992047863e-07
4.999999186035123389e-01,1.009154632853785416e-07
4.999999185666486046e-01,1.009153402676397696e-07
4.999999185519786726e-01,1.009151732109256229e-07
4.999999185315872618e-01,1.009149365018806070e-07
4.999999185034073035e-01,1.009146427667051591e-07
4.999999184854614920e-01,1.009140246461919797e-07
4.999999184589917212e-01,1.009138886663194244e-07
4.999999184491688564e-01,1.009134697674292597e-07
4.999999184236254557e-01,1.009133022305125608e-07
4.999999184169070521e-01,1.009131289078669854e-07
4.999999184129969021e-01,1.009126261183764195e-07
4.999999184079998438e-01,1.009117704105036488e-07
4.999999184053197654e-01,1.009099423097477559e-07
4.999999184033740995e-01,1.009088975546478320e-07
4.999999184015928022e-01,1.009055304144261089e-07
