# s_error_dp, s_error_pinn
4.225676331105672479e-02,4.241232876028244031e-02
4.218036278851895055e-02,4.218037302430113766e-02
4.218035594948416067e-02,4.218035597160793571e-02
4.218035697021583347e-02,4.218045508135871008e-02
4.218037011122488522e-02,4.218024506811035579e-02
4.218059541664925111e-02,4.218016979340277750e-02
4.218030853467182040e-02,4.218016583466121378e-02
4.218016426732827673e-02,2.947717786466672388e-02
4.218016054130296899e-02,3.018391823421865197e-02
3.418920564113953064e-02,1.733890661433472660e-02
3.690371566552760191e-02,1.763730307360531629e-02
2.723442707386965200e-02,1.919126814677092271e-02
1.572409043349254701e-02,1.530250815069595857e-02
1.520717574726647425e-02,1.432389718669426111e-02
1.429722522845545442e-02,1.410339649380969521e-02
1.424653189036326900e-02,1.245750537458381255e-02
1.349019803820933686e-02,6.093280615622444912e-03
1.378874529871174440e-02,7.476307276861575944e-03
1.181281237515660262e-02,3.968482013993844017e-03
6.455278436130424367e-03,2.075884329520648677e-03
7.009751673583994834e-03,2.384087214926381391e-03
4.659392985521723304e-03,2.843299847598009661e-03
3.214308042261218752e-03,1.785438640342553590e-03
2.068886463846454551e-03,1.976276446418077318e-03
1.821409446826580038e-03,1.731076421442097812e-03
1.821403506067041872e-03,2.170677047219342348e-03
2.070651456297447918e-03,1.536488731250294825e-03
1.993964333723710972e-03,1.146384566156722273e-03
1.709606234542594781e-03,1.242676545913856938e-03
1.344999356584195916e-03,1.174114701999769486e-03
9.310391697395832165e-04,1.577231120656626953e-03
1.147098499228870307e-03,1.445377125555351782e-03
8.067347927081659591e-04,9.356530762572575020e-04
9.325042354351540264e-04,8.571338034026510953e-04
1.352370374028435268e-03,1.267459590815703295e-03
1.105911502328859068e-03,1.688609625922865608e-03
1.195936314139719537e-03,8.002616333356023064e-04
1.244852352085789628e-03,7.637577511811525447e-04
1.221146121344995243e-03,9.401418549955102870e-04
1.206919538637499494e-03,1.297773450472373925e-03
1.141546587247442091e-03,1.220039731598166616e-03
9.908024091972893795e-04,1.466909049711818611e-03
8.437232348504241546e-04,1.060312777757217457e-03
1.378565801574354417e-03,1.426880337531692428e-03
8.560428119125560679e-04,1.481950798625127075e-03
8.335382654379273762e-04,1.466293045702139362e-03
9.885533885582015439e-04,1.345405357547337696e-03
1.000555217983416234e-03,1.313979318807784484e-03
7.887110591969272990e-04,1.303878868701016137e-03
9.277795144273995450e-04,1.164885468344758644e-03
1.326437445651605217e-03,1.134685616195744247e-03
1.009316220168375187e-03,1.369757588711259088e-03
9.110835092268547257e-04,1.518290670666691934e-03
1.437579255733486714e-03,1.762498225712140964e-03
8.542079393283338136e-04,1.633781760243075689e-03
1.603262183050605102e-03,1.288813189106962492e-03
1.309187718965316820e-03,9.560880309684325826e-04
1.365818000195807760e-03,1.197585404262824530e-03
1.230014999428902895e-03,6.945446568149012513e-04
8.197567576358075420e-04,8.184191249741144163e-04
1.656525167366270637e-03,1.039885215389707530e-03
1.196383021439056124e-03,9.422614843205472188e-04
7.750658029384049127e-04,6.427489054914482672e-04
9.889315442417041888e-04,5.693687395490072125e-04
7.603695520462260037e-04,6.844912962652981723e-04
7.189294505356221433e-04,1.234699995600636781e-03
1.075113542001951287e-03,6.796007022465023074e-04
1.597830384860254947e-03,1.447698790955383955e-03
1.019930206280665564e-03,5.235626379051238916e-04
1.102606214112645698e-03,7.075802865071047958e-04
9.143823264122076348e-04,1.103912520336487301e-03
6.769931199734872821e-04,8.098074986457138658e-04
1.127688227767358964e-03,5.040040919273563059e-04
1.257047566394237570e-03,7.709048078317523285e-04
1.409817136053999288e-03,8.765747306015465737e-04
1.137135331384305469e-03,1.052607083653680446e-03
7.853558206947166718e-04,1.041155508465667345e-03
7.521201966090573787e-04,1.035647981799167790e-03
1.411722194325861846e-03,9.071195640843439725e-04
1.221591089021105544e-03,9.260138116599433023e-04
7.121666896148832896e-04,9.237956938181884903e-04
1.537245388782053877e-03,9.174011382971853160e-04
6.977370949432218274e-04,9.240582704635048449e-04
7.585785685604837280e-04,9.568115127659876677e-04
7.632587490009263339e-04,9.885507817027638661e-04
1.166496889164130068e-03,1.060612993980832811e-03
1.213536174419684727e-03,1.043916880373572205e-03
1.098434178322026979e-03,1.017795952873122144e-03
1.346332269063444699e-03,1.016395552419338804e-03
1.259537871800317510e-03,1.019439285645157289e-03
5.685079553760664494e-04,1.025520039497814992e-03
5.275345709474670063e-04,1.041761994832921760e-03
5.172960326230009688e-04,1.186457949975436342e-03
8.660305082566473276e-04,1.144559434514229139e-03
5.250018935434392015e-04,1.088034132085282475e-03
8.717150097853752127e-04,1.110415988921315726e-03
8.856058472766155419e-04,1.303282032075846544e-03
5.445993545697786972e-04,1.194640413840294783e-03
6.276008266372900537e-04,8.777522166841416392e-04
1.002357042402765271e-03,8.115216451885514000e-04
7.953930345895583558e-04,7.086276669188824005e-04
9.029542943848954499e-04,7.051706896638015171e-04
8.019988860720534589e-04,7.130373050435299563e-04
6.106253025912605900e-04,7.146307207822929618e-04
7.599528436529972251e-04,7.180617223550248441e-04
1.055217861126825666e-03,7.172121757344051673e-04
5.109316840451478409e-04,7.176577905107100770e-04
5.350682348354819868e-04,7.176747840324420105e-04
4.288182390734671047e-04,7.177155308913864707e-04
4.033011850907054102e-04,7.179448890902904133e-04
4.679249312583134523e-04,7.178536783629813067e-04
6.080800878622375514e-04,7.177129303570268940e-04
3.530485653292406265e-04,7.174754135395419903e-04
1.120070715695323021e-03,7.170831269746172137e-04
1.211402610026983667e-03,7.164191929760109706e-04
1.255041378500569788e-03,7.152747392206950825e-04
6.039326396670896459e-04,7.058200666722366486e-04
5.500155198432341583e-04,7.041718190227099676e-04
4.714883931975871701e-04,7.073808490041580670e-04
7.570448597916439254e-04,7.253563097177756491e-04
3.513703600474988057e-04,7.106777629883691532e-04
1.008409064015553316e-03,7.084796379019529713e-04
8.919267655975639947e-04,7.103879295090715328e-04
9.010528491893861867e-04,7.068319201499913534e-04
1.048664225900944151e-03,6.899340113241243756e-04
2.770129432462145169e-04,6.904392790722227360e-04
4.306770404871976569e-04,6.917848086304514196e-04
3.990950924991098527e-04,7.037415789201764693e-04
3.048837584879516877e-04,7.026015984018681680e-04
3.196454478183827653e-04,7.007062624137356480e-04
2.347421974883723858e-04,7.004949115401543037e-04
6.051341850492256277e-04,6.953355057961406981e-04
1.436242305382061336e-03,6.898969256348250374e-04
2.301560132513828165e-04,6.859740772942198549e-04
4.046376582115241934e-04,6.844216885724574602e-04
1.199686900730332273e-03,6.850608111931526115e-04
1.220315332000402025e-03,6.858218648066908641e-04
1.370351896265670525e-03,6.935956647694876964e-04
3.996248918687826646e-04,6.902736933986162310e-04
6.693023488958494771e-04,6.872550454730297527e-04
7.339689748076777109e-04,6.872786764808613879e-04
1.286472477983305373e-03,6.872092704046880475e-04
1.224395650307688859e-03,6.868455799999934009e-04
1.262986997553684852e-03,6.857504640299060244e-04
1.372105770519316736e-03,6.805379776619313852e-04
1.103465995262103722e-03,6.787835377232157496e-04
8.481529162414383179e-04,6.780182677752988546e-04
7.168472491329623639e-04,6.740520052534800140e-04
8.499443909335049072e-04,6.775140062676672037e-04
6.941700000492273624e-04,6.748966233423296006e-04
7.009664838473211737e-04,6.743855226331062821e-04
7.136200095060168383e-04,6.745156354088663537e-04
6.551444579721819612e-04,6.698459350602580312e-04
5.261527861489016192e-04,6.688546204067950330e-04
2.753997642985521921e-04,6.726499254890294785e-04
1.419568756373854024e-04,6.684702427027206613e-04
2.558786351960142414e-04,6.664816175176914046e-04
4.078113493325696013e-04,6.663172836792316187e-04
3.218871933610928469e-04,6.648715032156281681e-04
2.539803697489322683e-04,6.637998680727106833e-04
2.885852489827194813e-04,6.601817348895724002e-04
2.933011332490707292e-04,6.561778509298419725e-04
3.102559095585081584e-04,6.569365919588216959e-04
2.669189573781068536e-04,6.575144623128439253e-04
1.544805610292469291e-04,6.574809862005460319e-04
1.421464654415268499e-04,6.579080535900144961e-04
1.449640710146523053e-04,6.574914612076933037e-04
1.239623267852016310e-04,6.553615742829194254e-04
3.763954262733465537e-04,6.493706322394835568e-04
3.576044541046087067e-04,6.453421654755336955e-04
7.056467252817926177e-04,6.427825496650149467e-04
1.067241737108535473e-03,6.408715908203712480e-04
1.260661119106627499e-03,6.417024421636639353e-04
8.798097086168495031e-04,6.431413508673626848e-04
1.144029307650059474e-03,6.433679218001027694e-04
1.095930237317882744e-03,6.420161685427582280e-04
9.937038993358179167e-04,6.436270068656758025e-04
9.352710015355361270e-04,6.422704524144677747e-04
9.522383973621967486e-04,6.399047675907228129e-04
1.117340805537364330e-03,6.360412177422034496e-04
9.977392311180876498e-04,6.324198072541498692e-04
1.112519076212477699e-03,6.310644678203302998e-04
1.129270369392559653e-03,6.323991063618705517e-04
1.095921337387064601e-03,6.333910579199207797e-04
1.052299688359609143e-03,6.336050908681715782e-04
8.771624014205431970e-04,6.338164444143179997e-04
7.469688363157184815e-04,6.328168069281468267e-04
6.687609464305663103e-04,6.310782829809597145e-04
7.189750041761196891e-04,6.278543372020455385e-04
4.904418132651482479e-04,6.255415736782198033e-04
4.957707426768857882e-04,6.258120974543975295e-04
3.782602671634681607e-04,6.256981616730446878e-04
2.439650198877120414e-04,6.259306858739785082e-04
1.676430614372696401e-04,6.250641243935583244e-04
8.202801430264943211e-05,6.238162404674082659e-04
1.439650026844105227e-04,6.233381222931988703e-04
2.506785713153511486e-04,6.231207518222071483e-04
2.006721044302919616e-04,6.227517693904090776e-04
3.043731074675891162e-04,6.226170197317427209e-04
3.444447600888342234e-04,6.212031741059178018e-04
3.905023761259967044e-04,6.212519327726507504e-04
4.187669630430509537e-04,6.218974406604398314e-04
5.893327947227004369e-04,6.172052285302389056e-04
6.047239505938700483e-04,6.222214625419003478e-04
6.856324051830957724e-04,6.111613906421124471e-04
7.381184464703782018e-04,6.215566233206176652e-04
7.709656808819373951e-04,6.257246534451366788e-04
7.294306980972524099e-04,6.277090555676141529e-04
6.558399078449932661e-04,6.287833548196811780e-04
5.595073088069271814e-04,6.352605467541939076e-04
5.157505785264765484e-04,6.350517514517852119e-04
4.788302008741807548e-04,6.366468499925163026e-04
4.710911424243637859e-04,6.362352085088079532e-04
4.829024777540876531e-04,6.357775813692656845e-04
4.744075273193186764e-04,6.342548049735130880e-04
4.706803369076445909e-04,6.343528790546627480e-04
4.673624748568941238e-04,6.344303894174568945e-04
4.670072932416694683e-04,6.345084640394061748e-04
4.666945611956609336e-04,6.346830987641418655e-04
4.665578483632756650e-04,6.351950502970110960e-04
4.665843410358919401e-04,6.354322515024806361e-04
4.668336326583370083e-04,6.353126122686694310e-04
4.673063329351871383e-04,6.337886828340600579e-04
4.676613283850499132e-04,6.324432175014724558e-04
4.665589678879505063e-04,6.314192184680263642e-04
4.604150632097476462e-04,6.306767686994374815e-04
4.509087166584934271e-04,6.297631699156029444e-04
4.251509272613289794e-04,6.277836671635226998e-04
4.156673582469986791e-04,6.263838556537182313e-04
4.065154837515852103e-04,6.232567263050282566e-04
4.214924055342627283e-04,6.219423595097803466e-04
4.267332960953981952e-04,6.203616719481398626e-04
4.265002091775982156e-04,6.190637142837393525e-04
4.294054235624018400e-04,6.185918131275283498e-04
4.317567546496923906e-04,6.173935491468583465e-04
4.147183218031193176e-04,6.173626193093355741e-04
4.023667112555358348e-04,6.136029208989492037e-04
3.968831082311120623e-04,6.135630703337002561e-04
3.840487779154063059e-04,6.139942774396423084e-04
3.718518777367300064e-04,6.130590463496288873e-04
3.467171167631237678e-04,6.124637232855457622e-04
3.084777108906975262e-04,6.111637451714049037e-04
2.937150770329315769e-04,6.084553058824405123e-04
2.865921013330607133e-04,6.041079275728222569e-04
2.851789968960154707e-04,5.995245470120248027e-04
2.981991117631456359e-04,5.966155567273590844e-04
2.700559846770478009e-04,5.970923941535765528e-04
2.609330973703294951e-04,5.960312984173719896e-04
2.553743858328898870e-04,5.959421757924058269e-04
2.635592199949533137e-04,5.934302674089768402e-04
2.637757210712690474e-04,5.942153800287570953e-04
2.619127636135632192e-04,5.913333752893757322e-04
2.583036178429713205e-04,5.900584567604645961e-04
2.572540742904247239e-04,5.880714807991540855e-04
2.480658640489344564e-04,5.880110828366667168e-04
2.533197120439779839e-04,5.883738073216222050e-04
2.702995540394276123e-04,5.871243249154802207e-04
2.561355789460198679e-04,5.896934173952167717e-04
2.509867365691517802e-04,5.872004107483680055e-04
2.388976940288514109e-04,5.875303788134869339e-04
2.232987887410092754e-04,5.877522480151424738e-04
1.978810821345964991e-04,5.892708527627936758e-04
1.901250467657051050e-04,5.879930514119304646e-04
1.805546641020516231e-04,5.878673631241809533e-04
1.373396300848776861e-04,5.884790770260058413e-04
1.304567254895605565e-04,5.915025048851005676e-04
1.298429545424190329e-04,5.890121107800924335e-04
1.161206996852680773e-04,5.886360103838299924e-04
1.104719646825783465e-04,5.900794699127080017e-04
9.373671184067112333e-05,5.917330064546320705e-04
7.942924550273028827e-05,5.894036768220428093e-04
7.561512117187269325e-05,5.888212780424071377e-04
8.495096071207055709e-05,5.891618464380389553e-04
8.563092731553175417e-05,5.887601373637398701e-04
9.183350527243084216e-05,5.830701163630440777e-04
1.139355509024975020e-04,5.850163866633072184e-04
1.029427114186097096e-04,5.846587275541007857e-04
1.150622558818956593e-04,5.870462294868044814e-04
1.142797731496727234e-04,5.839305633459608916e-04
9.036471432771613652e-05,5.780792977277281110e-04
9.191686778822962683e-05,5.761474371488470129e-04
8.872325679969344581e-05,5.761429052000884704e-04
7.842857917366608683e-05,5.762055420598694196e-04
7.832790063141766728e-05,5.751166346243954345e-04
7.883444333585455676e-05,5.747710203329073038e-04
7.999490076930859629e-05,5.733750921256589809e-04
8.237748991313442119e-05,5.738573918752526166e-04
8.398311588488255352e-05,5.744194301285267127e-04
9.301160501534716908e-05,5.747649594561901306e-04
1.235750111155112165e-04,5.758373965372161991e-04
1.987556472924959742e-04,5.781658030814703069e-04
2.216885843573028307e-04,5.807800288519486412e-04
2.661890183799202076e-04,5.807724590794487336e-04
2.760223080220053707e-04,5.783623069944810683e-04
2.807402984482040560e-04,5.801121845640452857e-04
2.770524770383234105e-04,5.823371359128441758e-04
3.012853567780188441e-04,5.854106634882314452e-04
3.275077710405619575e-04,5.916255565749572662e-04
3.563536808587188052e-04,5.925772288573602021e-04
3.820474981204327559e-04,6.050692695969660251e-04
4.092738160396356957e-04,6.073003792863232312e-04
4.173175566419928643e-04,6.203288923902142019e-04
4.385378050133449581e-04,6.175225207016543346e-04
4.244399277906596001e-04,6.149467912198326031e-04
4.167624668283488642e-04,6.226387338654632009e-04
4.457896620829260650e-04,6.286931502119398303e-04
4.856738598243938096e-04,6.408060027070824460e-04
5.015323216606263658e-04,6.404820767056184716e-04
5.209875118787122596e-04,6.419021519475658251e-04
5.242452403272138649e-04,6.491901165111923057e-04
5.190989869018531634e-04,6.486089522138742186e-04
5.251456900999618496e-04,6.506440879813967177e-04
5.282524216809803864e-04,6.543653008283022241e-04
5.416220060422749288e-04,6.649083518796992855e-04
5.435152383752866892e-04,6.625153065381248754e-04
5.526556529986477624e-04,6.622030046069793917e-04
5.754328485064126629e-04,6.691990671950593999e-04
5.708967762779569447e-04,6.650780032482432992e-04
5.706516273664507090e-04,6.643537780492024449e-04
5.810916807604423178e-04,6.667379535623288531e-04
5.855224331225581053e-04,6.687938201978453970e-04
6.282663426637056158e-04,6.712271924711330417e-04
6.494073304854576425e-04,6.721833312399850104e-04
6.806151787284052054e-04,6.721543963827084512e-04
7.993215781997902109e-04,6.725103863092738192e-04
8.253591425686181626e-04,6.739856600470973741e-04
8.544125076177421429e-04,6.764317849273040507e-04
9.296009759070058588e-04,6.805778228401377413e-04
8.969874117537117702e-04,6.853343538712758235e-04
9.240461064363670804e-04,6.906470758332251868e-04
9.861838546995878654e-04,6.941538796035892720e-04
9.822465798734903580e-04,6.951660260248752801e-04
9.986814601798221606e-04,6.901280126422449203e-04
1.022352184655129538e-03,6.893652885714141032e-04
1.022925136663492421e-03,6.890644203037376431e-04
1.038686622772490298e-03,6.894060291712729742e-04
1.042793310974499382e-03,6.906786717339485383e-04
1.070975547692455893e-03,6.918438501231331675e-04
1.119888609452971253e-03,6.925125304685535773e-04
1.146703899306232999e-03,6.928576592490677272e-04
1.217742859069367899e-03,6.928241366260520307e-04
1.209675832552412761e-03,6.928537623787312189e-04
1.249587679800669452e-03,6.929867181296024779e-04
1.268093698943357269e-03,6.933189847171565079e-04
1.316656830473072939e-03,6.938716267451123902e-04
1.288220784942219156e-03,6.948621376333022999e-04
1.307529456978453108e-03,6.963255815660471899e-04
1.335431566248011575e-03,6.979826993996766146e-04
1.324703129459136328e-03,6.985834786096775141e-04
1.326271386717242391e-03,6.953891043621920984e-04
1.335254855216832810e-03,6.890587147074539063e-04
1.357446388120838203e-03,6.894045759173602576e-04
1.363438933048321785e-03,6.894731679421948903e-04
1.375733353648514413e-03,6.906473231704737424e-04
1.414197757003994929e-03,6.904434859839115365e-04
1.417118888490277858e-03,6.901808842335382596e-04
1.388710556737355684e-03,6.897899110418716142e-04
1.334050153507826495e-03,6.883002495682946122e-04
1.288314578130642356e-03,6.886717764358115529e-04
1.206841477070983359e-03,6.894827002612980002e-04
1.134392590891530059e-03,6.913667110210062940e-04
1.027373682227856501e-03,6.950330808065001203e-04
9.159926334031215324e-04,6.955810898026602287e-04
8.687883212747498632e-04,6.954834210698195235e-04
8.690259586083140877e-04,6.956994402524761117e-04
8.244461409784639835e-04,6.959847809968576493e-04
8.256529585129674179e-04,6.962055334529881423e-04
8.091859121977391369e-04,6.956119259840569608e-04
7.951663666512392460e-04,6.957875001423921395e-04
7.761069374700617970e-04,6.965925837362375167e-04
7.762965280832016205e-04,6.950098535963637443e-04
7.500062395479365016e-04,6.961776751813595785e-04
7.400902139951956926e-04,6.972900837425315048e-04
7.046136486286630257e-04,6.963332870203447090e-04
5.952268828853888444e-04,6.959265922492379646e-04
5.596687121546370554e-04,6.959084215110146422e-04
5.450578985835580897e-04,6.954428172551804137e-04
4.411565684715911461e-04,6.954670502724079415e-04
3.599564410176813931e-04,6.952813797097955745e-04
2.753057094325485083e-04,6.955833928808623353e-04
2.090224374162372699e-04,6.958690218791266585e-04
2.332000200609277759e-04,6.959165428566868854e-04
1.816792049015288968e-04,6.961381452198109028e-04
1.204306053125894918e-04,6.955261882545783975e-04
9.530740217750374374e-05,6.953775890037994624e-04
7.173791899325496994e-05,6.965005621109556172e-04
7.148939804171089896e-05,6.961257070998464695e-04
7.565738489833002955e-05,6.956580860896214745e-04
1.691347406186695661e-04,6.957211041021392917e-04
2.069721099843509010e-04,6.957988921252460405e-04
2.762713464074914214e-04,6.948121595894594330e-04
3.015183086355624964e-04,6.859805689033784959e-04
3.003441078305571694e-04,6.823526524055173069e-04
4.240907527265950984e-04,6.818083976439263602e-04
3.781701977107056016e-04,6.808433861406785548e-04
4.284891292790605436e-04,6.798122633006175447e-04
5.196560527230816105e-04,6.761185457631772389e-04
5.139945675797910401e-04,6.665027885151871955e-04
5.787157801724468736e-04,6.576500352627785576e-04
6.233207584241142168e-04,6.536073502657444197e-04
7.349428665739575961e-04,6.567700275625354672e-04
7.142157370581916388e-04,6.574992534653518713e-04
7.378634439011897382e-04,6.572562094866128950e-04
8.109528502659424896e-04,6.568329508286410712e-04
7.955473957410902526e-04,6.543882040442493752e-04
9.107675192890029008e-04,6.517536672830696529e-04
9.453999309007943622e-04,6.493891490184944834e-04
9.732722962825931471e-04,6.494092807805186161e-04
1.059365905706380383e-03,6.481488456374602048e-04
1.036040347722746004e-03,6.465926530763701965e-04
1.052097561844610217e-03,6.439358781499488014e-04
1.096149287791728854e-03,6.415463898187054185e-04
1.113392357759524854e-03,6.385053623539411636e-04
1.127155451791490414e-03,6.282043220356987173e-04
1.147800719594394741e-03,6.228590192159979546e-04
1.132638244479058356e-03,6.247189343364617335e-04
1.142863268783397271e-03,6.369034485280966867e-04
1.190160481428227798e-03,6.380771664345692750e-04
1.213417934893405584e-03,6.385868123462927872e-04
1.269687680564858838e-03,6.353249506243308174e-04
1.326842272996421861e-03,6.272908598164218027e-04
1.380473970577855616e-03,6.253098668068065615e-04
1.257487464390592878e-03,6.231381396355580764e-04
1.271100983086552536e-03,6.250967026449775815e-04
1.271956430895988897e-03,6.227395686945765398e-04
1.259085083879155640e-03,6.225200152795581053e-04
1.211118913053156262e-03,6.218810916254260144e-04
1.187197916030272981e-03,6.211949102337425890e-04
1.114364382742646454e-03,6.204497711050451815e-04
1.085720130514238827e-03,6.202101184362908848e-04
1.022356013372716001e-03,6.195978764551577419e-04
1.068757976673076655e-03,6.183397392850420145e-04
1.043668019122291407e-03,6.152964291381208574e-04
1.034033304452558390e-03,6.103989447480348551e-04
1.015012771249338298e-03,6.077934195336913425e-04
9.664466873404520611e-04,6.016663006327512735e-04
9.757938738870366004e-04,5.999237744276291568e-04
9.046623189219392923e-04,6.003230251784217849e-04
8.978482130559880267e-04,6.018123130225383000e-04
8.427631831645422981e-04,5.996137895610864675e-04
8.674992957157337840e-04,5.969128316477247597e-04
8.524677822354519586e-04,5.951683475102626224e-04
8.295956697206052820e-04,5.926708681091193143e-04
8.104223897478537693e-04,5.911222142725621733e-04
7.953317984355663933e-04,5.873312520786246483e-04
7.782673307541824190e-04,5.859548890398122217e-04
7.726996525752209211e-04,5.833497283418504148e-04
7.208582620538001029e-04,5.811365158456302093e-04
7.319452143452774345e-04,5.796225117369302980e-04
7.043074988747672792e-04,5.763070250658661273e-04
6.832804909127286304e-04,5.765838935934635258e-04
6.813420147971923713e-04,5.753377934975572499e-04
6.821153958131366719e-04,5.737599633786279229e-04
6.803959442397790108e-04,5.732459774859447301e-04
6.777375613418163249e-04,5.721173210736281043e-04
6.853754303177605946e-04,5.706688848780729203e-04
6.926264096118222224e-04,5.702970589864362781e-04
6.943704982527200420e-04,5.685874960321379542e-04
6.995483750551459348e-04,5.680336496603695688e-04
7.057024726841209031e-04,5.671098338247143470e-04
7.101065900939490267e-04,5.654636349426985604e-04
7.217836389427606091e-04,5.655636863850185304e-04
7.358804248969599100e-04,5.656180607338628626e-04
7.405217387923095085e-04,5.654346612615668462e-04
7.501833344615349347e-04,5.653352554297017300e-04
7.551888906415589377e-04,5.652170348638081493e-04
7.610541920711187160e-04,5.650924081799453590e-04
7.695954895859811106e-04,5.648744415351858407e-04
7.710611802264098280e-04,5.643862055112008847e-04
7.717985741080826603e-04,5.638308335262036527e-04
7.690977708814782793e-04,5.634276843743837946e-04
7.680350483902213289e-04,5.632634140049074412e-04
7.631304021847011175e-04,5.629062472310776858e-04
7.606297880282485288e-04,5.625555790220219086e-04
7.649840061689418963e-04,5.616671846523551073e-04
7.649482524819700051e-04,5.606599773374217402e-04
7.656131165355541590e-04,5.595186640142088032e-04
7.662719100446943425e-04,5.580476161932192711e-04
7.667335381473958057e-04,5.572925995913056724e-04
7.658264747624020765e-04,5.562247606956328061e-04
7.600791746853592613e-04,5.550294115567845979e-04
7.343313645450458022e-04,5.537215284401239817e-04
6.786077175416597865e-04,5.537727067844506372e-04
6.836752593403641956e-04,5.535872218203430426e-04
6.659922383620189412e-04,5.530138478404026878e-04
6.538893873494000053e-04,5.528487817865925923e-04
7.490472292849567702e-04,5.530449831512050185e-04
7.675015173991252488e-04,5.530321400434475010e-04
8.044714837343909389e-04,5.527986813336217527e-04
8.339613656907706677e-04,5.523965159184963209e-04
9.129960486165098095e-04,5.518570345251842509e-04
9.000554681970091312e-04,5.512191255235091578e-04
8.761769809664721100e-04,5.510452308852346577e-04
9.105703473544443389e-04,5.513200094308446687e-04
9.519607864032758994e-04,5.516943942142099209e-04
9.903546360211686050e-04,5.531123747024444459e-04
1.045973376069917133e-03,5.533077745298676034e-04
1.089868132142419966e-03,5.556688580849284635e-04
1.164413508218501130e-03,5.539962653693712930e-04
1.191907544947938850e-03,5.518057850163107922e-04
1.259881893781502607e-03,5.530848569950031933e-04
1.251178587724196710e-03,5.558805052285889156e-04
1.293791926309963928e-03,5.628659838276746678e-04
1.342537054342573827e-03,5.669471455843654636e-04
1.352212914107712907e-03,5.716887376771616434e-04
1.393794730556317547e-03,5.730364907775286091e-04
1.416863100044982258e-03,5.779882518111562192e-04
1.375663354191324550e-03,5.726104772123590198e-04
1.345751501678170425e-03,5.644037076175189389e-04
1.334078752488130227e-03,5.563389854742070923e-04
1.258835390134789307e-03,5.599224739205611303e-04
1.280026974995632488e-03,5.544892093311345896e-04
1.293039148311379404e-03,5.506964193516622691e-04
1.312905133562013073e-03,5.523795707409615225e-04
1.346772032023509048e-03,5.536177616285670264e-04
1.382211491335820931e-03,5.526375024223695786e-04
1.319812905998868878e-03,5.527735641481392294e-04
1.314732609128021340e-03,5.526310685629122260e-04
1.320836117175214989e-03,5.519406576317760797e-04
1.247039240008017934e-03,5.532393319950677964e-04
1.213804636158542696e-03,5.527313789962426914e-04
1.242846014684294504e-03,5.484048840479027569e-04
1.237975012749415989e-03,5.446727411016012623e-04
1.222306180550526830e-03,5.457399978943239770e-04
1.182193483451020538e-03,5.450094328937346924e-04
1.138796260755031578e-03,5.443211275315616542e-04
1.084248453913102097e-03,5.432458188740401164e-04
1.035918065878151063e-03,5.426552355703500793e-04
1.026194159164586480e-03,5.420983451536676634e-04
1.005476638381787042e-03,5.414442238736959234e-04
9.829820244861868159e-04,5.400792031846918945e-04
9.916396823011143676e-04,5.373585960504499237e-04
9.975781564719493795e-04,5.331606765667442228e-04
1.020153868394487601e-03,5.229496934485223288e-04
1.067536472828254854e-03,5.277968041110793441e-04
1.130572404183142728e-03,5.293543741468439328e-04
1.169247487677371137e-03,5.279845011303979261e-04
1.216175633030154449e-03,5.271148048757782990e-04
1.191968267221838254e-03,5.255041349612164531e-04
1.218865541877454115e-03,5.247114443583696239e-04
1.226891040330535705e-03,5.267659688271981566e-04
1.282943101787262360e-03,5.320917856938243984e-04
1.362793342300704222e-03,5.299125474019888678e-04
1.396497471410596772e-03,5.270871121893357060e-04
1.334120392252500934e-03,5.262701571504846973e-04
1.301740279986605313e-03,5.260338184396004578e-04
1.308083462228176990e-03,5.253457401586025723e-04
1.310042102556081226e-03,5.241896552771383149e-04
1.259239142983955943e-03,5.197703989080820416e-04
1.208897340675322380e-03,5.173894318545546557e-04
1.220713142137401031e-03,5.185187860773693598e-04
1.224531127403322541e-03,5.154258992289535799e-04
1.220106071328658573e-03,5.137119225444557874e-04
1.218804631115467810e-03,5.039902824715932666e-04
1.221442418190521158e-03,4.991334794826051162e-04
1.244873795918285779e-03,4.965029485748653684e-04
1.251084503389264481e-03,4.975828528297061544e-04
1.257484976738291278e-03,4.902467952397421757e-04
1.282396372611536344e-03,4.878363462689920592e-04
1.284432730477194856e-03,4.856583744887061358e-04
1.308494067729490959e-03,4.800067206569032913e-04
1.338417005342769361e-03,4.648793015284832992e-04
1.363628655695522810e-03,4.609355468515259125e-04
1.369960704899544262e-03,4.579842649597964921e-04
1.384839846449739198e-03,4.533788309038993365e-04
1.399694614722639266e-03,4.531089219521494704e-04
1.397791863378571552e-03,4.480521281798416312e-04
1.386905856678336468e-03,4.418726365532923365e-04
1.367316476464453976e-03,4.419558228176732688e-04
1.333748096159695059e-03,4.375069225146454525e-04
1.274322633460992903e-03,4.346387482168779354e-04
1.232385182167854273e-03,4.337976650169218275e-04
1.205715532264563803e-03,4.329740513978297097e-04
1.216302136493346408e-03,4.283224727893323929e-04
1.239785453786651894e-03,4.274424430148893042e-04
1.213687291145467946e-03,4.272309383142132346e-04
1.202877723821440701e-03,4.291215926422167412e-04
1.182655067162185873e-03,4.277694902794250127e-04
1.155952258205802463e-03,4.278836599326745838e-04
1.137510441340757773e-03,4.278587537033120376e-04
1.133327625830996997e-03,4.281527770944825698e-04
1.125575498767721104e-03,4.287932361238714989e-04
1.115766581311137488e-03,4.306066764662703594e-04
1.131148867270311345e-03,4.331921560665010266e-04
1.176044167529937626e-03,4.356481509580988998e-04
1.154627735059218655e-03,4.365441308459385491e-04
1.148805047928535628e-03,4.365802779531533298e-04
1.147834333508343909e-03,4.364349518440022472e-04
1.146302542631139109e-03,4.360896213148629671e-04
1.141901936747142816e-03,4.354672294926237265e-04
1.126626771919967979e-03,4.342472486883861460e-04
1.110490473035336814e-03,4.319156877937113084e-04
1.096462426783793506e-03,4.263230040023808826e-04
1.087002969913694389e-03,4.258001512811977968e-04
1.079965589798033551e-03,4.213428093803982667e-04
1.059403903489987246e-03,4.205761118586943785e-04
1.070828937333589883e-03,4.244972908769512943e-04
1.060789463322057936e-03,4.370266226080807325e-04
1.061319686619271226e-03,4.561489249300761301e-04
1.118548227426448575e-03,4.544359456782304891e-04
1.165982773608144427e-03,4.440808886133927927e-04
1.135258616472946793e-03,4.472363086996687448e-04
1.064337131423896340e-03,4.523450341478650301e-04
1.047261226493167822e-03,4.589433337766209934e-04
1.002447229123829345e-03,4.544840941653552086e-04
9.113027663054908611e-04,4.551423349234799687e-04
9.318716134159234395e-04,4.555563554778319308e-04
8.052868290140404676e-04,4.579710973601927668e-04
7.319155511491112417e-04,4.584647743839151261e-04
7.555790579136672808e-04,4.591251425848489904e-04
6.836255538137320578e-04,4.596060692371556041e-04
6.252964036600507092e-04,4.601100240665278616e-04
5.830744089121753281e-04,4.607408272034557001e-04
4.692160848336465111e-04,4.616279461447754724e-04
6.161210179377756870e-04,4.638582880156793837e-04
6.773198848272015370e-04,4.643410247553939204e-04
6.697366009548605132e-04,4.581282667617594668e-04
6.886915558105001197e-04,4.567710471802663885e-04
7.153666443627907127e-04,4.551260087735002971e-04
7.478174631906917610e-04,4.546380879690707145e-04
7.892071328420408559e-04,4.529768870593771867e-04
8.508926671488135267e-04,4.535172194560878659e-04
8.433995682847753505e-04,4.502386753944069542e-04
8.489347594649609453e-04,4.439639143183091250e-04
8.523904164241469716e-04,4.260452407619137738e-04
8.585765716256488342e-04,4.189179953785172818e-04
8.710542304458620579e-04,4.217974989488547941e-04
8.735380504400503407e-04,4.317846523532100234e-04
8.379059708256892704e-04,4.312663161005021381e-04
7.605196216403237175e-04,4.286037261361211781e-04
7.678614800579575779e-04,4.252440984215396049e-04
7.973237859554129035e-04,4.095617088160279713e-04
8.112912816433102449e-04,4.089672708645419397e-04
8.126752262923553046e-04,4.087653260950786815e-04
7.913748947876055170e-04,4.076052261181985041e-04
7.672300538506297233e-04,3.972895202948231730e-04
7.690513526595937812e-04,3.911270503308038262e-04
8.016648212545936280e-04,3.853250650663430483e-04
8.398378557499431999e-04,3.800548840095305117e-04
8.898386277890577185e-04,3.813322275962968580e-04
9.196180649323056023e-04,3.749638917154101921e-04
9.507351661994951084e-04,3.603321398615339129e-04
9.617036295832699080e-04,3.643737646043200464e-04
1.009602962285621264e-03,3.585078919834201109e-04
9.998989666004437157e-04,3.569174842493011922e-04
1.001416179078122538e-03,3.523775298616798322e-04
1.009097558174228875e-03,3.419926335224555795e-04
9.997257624866958802e-04,3.398734395344313970e-04
1.022637665226814241e-03,3.329810025764828527e-04
1.038263045861037397e-03,3.158707167075012318e-04
1.045996266687114441e-03,3.163468140527043245e-04
1.041448788688348510e-03,3.101092247121689386e-04
1.027403237960176820e-03,3.025485605912630574e-04
1.015370046949125825e-03,2.987550459754950531e-04
1.024939790276648477e-03,2.862265972194737921e-04
1.037377269042209001e-03,2.697554235412931239e-04
1.045009972658169674e-03,2.685529893302114764e-04
1.060898062514470169e-03,2.591394738029679156e-04
1.064528931666494736e-03,2.552720192790746117e-04
1.081867210336638326e-03,2.488106834854214426e-04
1.081560005451326746e-03,2.372876768494902805e-04
1.107445320087020778e-03,2.343839381143750092e-04
1.128380505149910408e-03,2.218937387328996115e-04
1.153620058972473555e-03,2.122406585523000007e-04
1.151875182052223895e-03,2.110448054048538605e-04
1.162352432729223074e-03,2.116668913679670431e-04
1.168242934614629721e-03,2.007914113263713424e-04
1.190503766184477499e-03,1.862148496953299143e-04
1.188534299398928814e-03,1.757810691983427648e-04
1.202533170734999910e-03,1.642683546234710167e-04
1.221562554888013397e-03,1.588486477657609331e-04
1.220949386734206110e-03,1.510418487114725805e-04
1.228395879596147185e-03,1.449071272522663688e-04
1.251878831935123110e-03,1.448742059922939374e-04
1.236765665428739584e-03,1.442859170755998862e-04
1.248475077732337252e-03,1.369024836180183515e-04
1.251885127751314409e-03,1.361190973089407470e-04
1.272757017277224801e-03,1.360322523376369117e-04
1.271771930764825122e-03,1.362196530643179876e-04
1.264286341598489611e-03,1.372976635467608420e-04
1.268231389613683636e-03,1.333734650231994706e-04
1.269812331855581797e-03,1.320614908121049561e-04
1.275123331242092317e-03,1.305153684254515710e-04
1.279562128244358206e-03,1.249102834017596557e-04
1.283934118337796623e-03,1.236387801783154225e-04
1.296070950836422696e-03,1.165952414280073781e-04
1.305733254133282237e-03,1.153826766525722989e-04
1.340537266912912497e-03,1.154259878743536089e-04
1.358118070523961626e-03,1.154302085604010569e-04
1.396315128427145190e-03,1.149400370187112104e-04
1.388258733054105335e-03,1.142885913770019075e-04
1.412346073236516765e-03,1.153428286273776185e-04
1.403686702221506330e-03,1.145418157225110362e-04
1.407498754873688380e-03,1.160888737515833509e-04
1.392832700929849633e-03,1.200953289347995995e-04
1.386525034871934547e-03,1.241207140007916749e-04
1.378442635217240041e-03,1.258980093797279715e-04
1.371603397855422537e-03,1.326945146542334150e-04
1.362638537397211583e-03,1.288518206230830263e-04
1.330976805088902003e-03,1.302775155099336363e-04
1.332823838454025083e-03,1.361440981567581287e-04
1.331814621285705349e-03,1.344466505914729542e-04
1.329937560530298395e-03,1.448222776589734400e-04
1.329051711520341491e-03,1.431197665984086230e-04
1.331276968517462788e-03,1.459785970529120785e-04
1.346580512263672452e-03,1.500839450924658142e-04
1.340580778147149217e-03,1.581886998593299643e-04
1.332685778715287468e-03,1.650194477086187948e-04
1.326344161889707720e-03,1.572373133736873637e-04
1.317722805056543685e-03,1.599661232665260482e-04
1.313028899496116201e-03,1.724131735665822534e-04
1.307245891210838699e-03,1.665343855751204717e-04
1.294432852055599128e-03,1.803985055577653456e-04
1.287225067992741126e-03,1.710549287070324662e-04
1.243599230107873691e-03,1.766136258231099120e-04
1.246815701898467809e-03,1.824484988098225334e-04
1.252903563739863908e-03,1.814091755739973954e-04
1.247093352622242720e-03,1.823303006486090333e-04
1.242676645015724276e-03,1.820159034346432287e-04
1.235878116546874515e-03,1.803333894224863870e-04
1.222648263693923475e-03,1.764875584179720390e-04
1.218769349602111772e-03,1.763553755494820844e-04
1.205342993103048453e-03,1.766277649254359547e-04
1.195816665770930510e-03,1.764141128024208417e-04
1.147750003785841331e-03,1.767856922196742631e-04
1.157266367257812380e-03,1.795614445848552965e-04
1.136488884764178973e-03,1.856140247676756104e-04
1.098527260270664579e-03,1.948613643245724128e-04
1.108459421159940913e-03,1.978114873989448197e-04
1.092460572369893194e-03,2.149314722430048659e-04
1.080726163363238037e-03,2.148298237613856417e-04
1.068562619949883210e-03,2.219604383951540505e-04
1.052111319281786011e-03,2.304676605877439713e-04
1.060908144898693034e-03,2.333311798404467670e-04
1.055752459029326348e-03,2.347740596362608671e-04
1.054573142130231251e-03,2.409287735043742751e-04
1.062714404763046624e-03,2.465298412127675184e-04
1.033023060297953146e-03,2.474462100029134037e-04
1.012052348040630651e-03,2.576645535712407181e-04
9.565870284248805672e-04,2.551605497020349657e-04
9.128021639503304096e-04,2.577606852502580112e-04
8.772242956900099279e-04,2.602435041431130610e-04
9.045409197312936304e-04,2.599546790828813022e-04
8.925618692411411374e-04,2.614609384804140752e-04
8.940379316382849424e-04,2.614546398419135501e-04
8.484384212376518261e-04,2.636786246064833344e-04
8.204989758025777553e-04,2.693011767812875275e-04
7.723669845744313405e-04,2.731849861618004327e-04
7.120102848899083304e-04,2.763003916146323179e-04
6.840247833464609215e-04,2.771700737206407345e-04
6.843743449028898487e-04,2.797178305680207916e-04
6.396385676434452596e-04,2.816528150007589575e-04
6.418662463628221210e-04,2.848630524940418281e-04
5.339874635593279493e-04,2.857271832465059112e-04
4.868178120131582765e-04,2.922636160621568178e-04
4.730695779332053682e-04,2.899600290341426798e-04
4.327543142125961383e-04,2.928445953079959361e-04
4.640463057367268649e-04,2.960994049987604113e-04
4.290399058987085694e-04,2.975324571858425525e-04
4.119993651171621144e-04,3.060926128306721097e-04
4.076235738954491448e-04,3.020668652327214931e-04
3.952367731712529142e-04,3.003568202497483271e-04
3.706100059932463222e-04,3.006785084738597207e-04
3.644658257653671783e-04,3.028762960779913258e-04
2.808947304331490895e-04,3.018204959826964353e-04
2.255949906665365113e-04,3.013364486840054528e-04
2.089036281444257446e-04,2.999741680392068420e-04
1.477003651489184114e-04,2.989823319091081534e-04
1.557861687457771601e-04,2.984815765635892614e-04
1.254972379984607234e-04,2.970567330331456545e-04
9.570286274809423812e-05,2.952061995945766577e-04
9.111190830093757154e-05,2.924162489943890587e-04
6.393300811782382236e-05,2.808832884761550196e-04
6.491622311952278956e-05,2.821630922484405913e-04
7.457459218107718622e-05,2.756067327994045617e-04
1.012368596864533093e-04,2.692158936353406971e-04
1.228720262456867748e-04,2.702541278635015162e-04
1.107634662808874192e-04,2.624008984522611921e-04
9.673995731351506385e-05,2.584361028486144079e-04
1.131340498005870530e-04,2.529178484735307647e-04
9.984142314851043453e-05,2.478397982830480867e-04
8.703928326369604618e-05,2.394926400170639539e-04
8.079290826222825330e-05,2.286532504605458520e-04
7.744887172398463068e-05,2.236839751112863056e-04
7.932916260735414847e-05,2.050587551857853939e-04
7.885426349703284193e-05,1.969798115996514566e-04
7.308697237692860795e-05,1.989479061234589446e-04
6.907997042313892113e-05,1.958682626288552433e-04
6.658499372574321073e-05,1.727662671558179001e-04
6.381950023720669909e-05,1.782861063183696832e-04
6.045065710492065943e-05,1.674667430335424214e-04
5.996537291183985505e-05,1.561266455446125322e-04
6.086209050471618994e-05,1.567130786448450329e-04
2.031379494771377988e-04,1.588297831700462097e-04
2.335747021213056590e-04,1.516710278166933171e-04
2.893277866198725140e-04,1.459313960908826906e-04
3.305623572027662372e-04,1.469486403242694814e-04
4.108900429827179891e-04,1.446358214979552462e-04
4.552950625641056809e-04,1.405905794686332681e-04
4.481226969278511666e-04,1.387888526258813156e-04
4.645813674836404036e-04,1.346074390363301797e-04
4.766063759839586178e-04,1.281608398540252935e-04
4.982811564948335260e-04,1.292363927847053895e-04
5.179987143534830335e-04,1.251892981580064734e-04
5.408138714641716732e-04,1.233016769645164847e-04
5.846219468968012149e-04,1.248742526498516122e-04
5.842448082486721315e-04,1.238492428540664597e-04
6.078643725483396775e-04,1.224233009665833915e-04
5.864632555155501912e-04,1.248080976674550849e-04
5.804361618540838843e-04,1.254363246191055319e-04
5.409518807905050030e-04,1.261544084197750628e-04
5.272440047963361347e-04,1.304795364000321345e-04
5.314131199279282678e-04,1.290257691189208736e-04
5.271364644169256953e-04,1.304510820127686619e-04
5.289851598556188049e-04,1.344520010483651635e-04
5.438615377416597700e-04,1.358003705162770774e-04
5.502891269931979969e-04,1.407911942419934489e-04
5.502385620284487230e-04,1.435071674078093693e-04
5.560602678451729468e-04,1.433630937803203990e-04
5.621127587455815831e-04,1.478371365979712436e-04
5.752762080105566951e-04,1.518657168153561196e-04
5.834961133677530904e-04,1.598953598693112572e-04
5.926531775087166614e-04,1.702252198643286517e-04
6.012033805528856686e-04,1.752919796937585178e-04
6.060376057294112077e-04,1.829513442159803622e-04
5.954093114483244645e-04,1.994207842333506071e-04
5.853134451306132077e-04,2.005712762349056918e-04
5.278402182574948830e-04,2.054605726716250203e-04
5.145332115287550847e-04,1.964902073473900283e-04
5.122519322340461688e-04,2.013040079424035665e-04
5.303182098283921835e-04,1.950865315129106110e-04
5.723868010327443990e-04,1.954224087501945804e-04
6.426653483220636301e-04,1.990734202615236843e-04
6.826647483891536356e-04,1.999856600693684840e-04
6.401339151718246938e-04,2.016807728426215848e-04
6.636377022126015591e-04,2.030691471323313327e-04
6.848576920292270874e-04,2.040260872766328079e-04
7.010746041832156003e-04,2.090632475566950332e-04
7.530611783322040034e-04,2.029564534601564546e-04
7.824871509555312828e-04,2.044579759421699444e-04
8.299744217383358018e-04,2.031495851699427913e-04
8.479792124318475104e-04,2.059239098358430322e-04
8.765980988154659266e-04,2.069419867802659073e-04
9.583194859420176475e-04,2.113013662839020011e-04
9.479413093212416853e-04,2.177963672981664636e-04
9.298947289200736174e-04,2.250847199986736257e-04
9.647948207161248816e-04,2.403817571256282391e-04
9.621738508187117943e-04,2.575393467073343800e-04
9.743672074239294496e-04,2.591845485638754536e-04
9.882321319018203248e-04,2.615248007734190488e-04
9.876627545284133187e-04,2.764454763027116273e-04
1.018069420914264082e-03,2.709189943114564503e-04
1.024565032999181363e-03,2.700185746780568393e-04
1.050254923056029429e-03,2.779516833249968694e-04
1.107182826607244633e-03,2.802862123339528626e-04
1.125690034828213167e-03,2.861614777236211327e-04
1.209813951568402754e-03,3.072414774970864482e-04
1.249590367618363994e-03,3.004275511773635992e-04
1.284675352066259706e-03,3.058142516804543192e-04
1.282761695659471969e-03,3.117797006548116601e-04
1.326707844627592796e-03,3.288439859061982021e-04
1.331009974591213906e-03,3.269226529784955999e-04
1.368044392556160655e-03,3.353835034068662927e-04
1.403554586256283753e-03,3.595014292351602996e-04
1.391606035190390842e-03,3.599384378712866691e-04
1.408364500928607028e-03,3.823763063039215980e-04
1.390734153239316876e-03,3.973818917635464523e-04
1.380800017665644291e-03,4.000256406872930198e-04
1.369147142306707463e-03,4.213051237306002206e-04
1.361901616534718891e-03,4.289211580044624008e-04
1.331458069743128147e-03,4.293597392595011422e-04
1.303026091498627999e-03,4.374915244320384073e-04
1.271107538213809077e-03,4.361550889476459346e-04
1.146257127618699597e-03,4.461399672508738158e-04
1.132911984973031206e-03,4.550951818543010194e-04
1.084272989087507050e-03,4.658088053953517117e-04
1.051856302533979307e-03,4.711815995807402415e-04
1.034980358427195274e-03,4.729170294854277159e-04
1.023511789065211994e-03,4.761223495445034148e-04
1.010433325489112476e-03,4.743589330053914524e-04
9.991312616712782861e-04,4.796864901512591542e-04
9.641956201360168044e-04,4.923986588370448270e-04
9.787285575099725389e-04,4.991354947075719427e-04
9.675012085696668056e-04,5.179727384235868239e-04
9.574313507568128247e-04,5.317478227618968644e-04
9.280857758359408903e-04,5.527402216301605369e-04
9.142249455577278671e-04,5.677769568360711838e-04
8.767056599046144354e-04,5.704696944835722016e-04
8.621315107866785003e-04,5.836783496961468407e-04
8.214632921606430417e-04,5.853048741889746052e-04
8.163797755635967407e-04,6.054354598374648514e-04
8.075514696964606470e-04,6.186591547276119353e-04
7.922756334539456016e-04,6.309539679115043790e-04
7.653338093165889915e-04,6.491830801943938856e-04
7.575327523259571712e-04,7.033817233266145266e-04
7.875754851819432266e-04,6.994664501822093691e-04
8.218111613143656022e-04,7.112174485799456405e-04
8.190944113065065689e-04,7.264769534321805248e-04
8.242785974190070713e-04,7.386517571750339343e-04
8.275788037789495776e-04,7.876108368546672718e-04
8.407224269756668643e-04,7.688398015721300714e-04
8.330436612574852913e-04,7.924963019468350038e-04
8.370879701781531231e-04,8.404308381509567084e-04
8.432367645821079415e-04,8.458039341264242221e-04
8.385944617857269681e-04,9.027314804571418862e-04
8.335503741809553854e-04,9.293310319693688128e-04
8.281462352258670868e-04,9.472443996258825966e-04
8.106561638615796721e-04,1.040016405894790595e-03
7.541960996678049884e-04,1.029593859453558323e-03
7.043392797187161868e-04,1.032133774978664974e-03
7.253878862033101430e-04,1.055777579344459489e-03
6.914504173527839803e-04,1.071139117686076628e-03
6.917923921709245253e-04,1.119554273837966444e-03
6.857385901643178868e-04,1.102141112608544726e-03
6.542030312235653025e-04,1.117214684920376112e-03
6.507834742644104517e-04,1.125572638728648345e-03
6.467161102489910138e-04,1.136029499313836143e-03
6.417170558755135078e-04,1.150635774414207569e-03
6.369138668311562440e-04,1.182558459168597028e-03
6.278200532241524781e-04,1.182431904924544433e-03
6.260176355471905926e-04,1.198335816078854909e-03
6.012781233360254326e-04,1.231039015471638905e-03
6.292982041942186402e-04,1.236698300440861693e-03
6.144185486243815318e-04,1.276141916469819473e-03
5.939104608446946643e-04,1.264908044967022862e-03
5.303646251499526034e-04,1.278932429706039183e-03
5.332784214284452947e-04,1.299462242852596466e-03
5.769139695952315476e-04,1.295439978209774259e-03
5.470611453787630092e-04,1.333594843595905166e-03
5.378076823126711620e-04,1.347004593974825224e-03
5.295268543704119814e-04,1.352436410381666412e-03
5.279725886193656305e-04,1.369498137839420893e-03
5.266942131939575736e-04,1.367095970500755309e-03
5.256812815466827341e-04,1.371577147132591393e-03
5.124343006748337519e-04,1.382259918589856355e-03
5.083839629249828612e-04,1.385948352475683968e-03
4.957277409570650783e-04,1.395506160522761449e-03
4.913519882879984271e-04,1.397141962014615286e-03
4.803009949925056161e-04,1.401466878012532120e-03
4.770375118186914124e-04,1.409474705087495521e-03
4.654877684586202478e-04,1.416758122613247630e-03
4.627100896883488360e-04,1.415746454563123749e-03
4.570430736577443679e-04,1.411192887449070309e-03
4.605245379866410461e-04,1.403857666088482656e-03
4.591431088649276164e-04,1.402916929344968965e-03
4.582966523524821100e-04,1.406393927165882187e-03
4.568602758043273067e-04,1.404233823075848320e-03
4.530851374648932448e-04,1.414728940662029468e-03
4.492138167140782672e-04,1.416337588942808735e-03
4.393126832993758733e-04,1.408038867362437861e-03
4.346148018288246875e-04,1.398502027544768801e-03
4.312552733028763327e-04,1.403876546459328391e-03
4.196311231363447159e-04,1.403150377308630663e-03
4.115787806188369409e-04,1.400664161840397236e-03
4.068527773322390775e-04,1.407135399815759172e-03
3.966830983023758930e-04,1.411449171913849642e-03
3.913194494064120934e-04,1.416848632966075452e-03
3.865815181047027398e-04,1.417617202506095799e-03
3.796133418912281095e-04,1.409402119208379633e-03
3.718106424987458630e-04,1.401629214630621808e-03
3.293523761554582223e-04,1.396721462839749022e-03
3.206993818739260630e-04,1.391421299240707407e-03
3.372156763785139912e-04,1.387771628724876081e-03
3.286120272642940572e-04,1.380245765127276853e-03
3.215907472196044580e-04,1.374370177978288116e-03
3.121949951755370969e-04,1.367147728296180505e-03
3.062095716873505574e-04,1.367371155396167326e-03
3.115191993538886047e-04,1.369795006655235214e-03
3.125195847714509691e-04,1.368397991647096181e-03
3.146743311627558850e-04,1.365620402229398775e-03
3.350207063137512482e-04,1.365961977177375863e-03
3.274371368711180932e-04,1.366373691035879714e-03
2.761815404611435215e-04,1.368902123670548811e-03
2.027019678780647596e-04,1.369483528534846646e-03
1.828890516824797105e-04,1.369238917805822931e-03
1.017149388126837570e-04,1.370541555574748827e-03
8.970250645888088543e-05,1.370812631215052348e-03
6.332240251562049939e-05,1.370572337921292317e-03
6.499976629772219537e-05,1.370093800880357654e-03
5.862848167790036028e-05,1.369103250301120529e-03
9.699094104981808575e-05,1.366446435884949989e-03
1.577769741752243365e-04,1.366323195305779161e-03
1.254582992504522758e-04,1.362927857382024424e-03
8.422815679087345059e-05,1.363939748091486754e-03
7.534275937709478642e-05,1.360507989138959057e-03
8.489227951188766112e-05,1.359467577056035822e-03
1.383925238230714657e-04,1.358299069489185117e-03
1.887696497138913925e-04,1.356541884006279590e-03
2.263066296427220328e-04,1.350824403765501971e-03
2.521689617162982747e-04,1.350419288520937231e-03
2.796538687021124557e-04,1.328466974090374052e-03
3.428146194221822624e-04,1.335335149184543836e-03
4.252302088403039568e-04,1.335144358331672408e-03
4.476055940527626643e-04,1.332645056985643124e-03
4.854236962037260347e-04,1.331073154172947304e-03
5.064680567591090671e-04,1.329282539311347090e-03
5.022099347295308535e-04,1.329430520737283307e-03
4.933484899323617228e-04,1.331157747032154798e-03
4.877096064618354648e-04,1.357327828027194523e-03
4.871301484264496857e-04,1.358402641823823129e-03
4.970234910701519645e-04,1.347012294410321722e-03
