# step_dp, step_pinn
5.000000000000000278e-02,5.000000000000000278e-02
5.000000000000000278e-02,5.000000000000000278e-02
5.000000000000000278e-02,5.000000000000000278e-02
5.000000000000000278e-02,5.000000000000000278e-02
5.000000000000000278e-02,5.000000000000000278e-02
5.000000000000000278e-02,5.000000000000000278e-02
5.000000000000000278e-02,5.000000000000000278e-02
5.000000000000000278e-02,7.385660537854626284e+01
5.000000000000000278e-02,2.170852259306473714e-02
5.000000000000000278e-02,1.223685549675419398e-01
2.047899621713083207e-01,5.000000000000000278e-02
4.143285690094684059e-01,5.000000000000000278e-02
3.935813613921174126e-01,3.314832144841873829e-01
3.625466253832686503e-01,5.000000000000000278e-02
5.000000000000000278e-02,5.000000000000000278e-02
5.000000000000000278e-02,1.166489777196400901e+01
5.000000000000000278e-02,5.000000000000000278e-02
5.289378276604884688e-01,1.166264657790900827e-01
5.000000000000000278e-02,3.216322491271809136e-01
1.634642585350513100e+00,5.000000000000000278e-02
2.326374884168218998e-02,5.000000000000000278e-02
5.000000000000000278e-02,5.000000000000000278e-02
5.000000000000000278e-02,5.000000000000000278e-02
5.000000000000000278e-02,5.000000000000000278e-02
5.000000000000000278e-02,5.000000000000000278e-02
5.000000000000000278e-02,5.000000000000000278e-02
5.000000000000000278e-02,5.000000000000000278e-02
5.000000000000000278e-02,5.000000000000000278e-02
5.000000000000000278e-02,5.000000000000000278e-02
5.000000000000000278e-02,5.000000000000000278e-02
5.000000000000000278e-02,5.000000000000000278e-02
6.211296551063471005e-01,5.000000000000000278e-02
5.000000000000000278e-02,5.000000000000000278e-02
5.000000000000000278e-02,2.056573149099136244e-01
5.000000000000000278e-02,5.000000000000000278e-02
5.000000000000000278e-02,5.000000000000000278e-02
5.000000000000000278e-02,5.000000000000000278e-02
5.000000000000000278e-02,5.000000000000000278e-02
5.000000000000000278e-02,5.030619100778490616e-01
5.000000000000000278e-02,5.000000000000000278e-02
5.000000000000000278e-02,5.000000000000000278e-02
5.000000000000000278e-02,5.000000000000000278e-02
5.000000000000000278e-02,5.000000000000000278e-02
5.000000000000000278e-02,5.000000000000000278e-02
5.000000000000000278e-02,5.000000000000000278e-02
5.000000000000000278e-02,5.416601967284441210e-01
5.000000000000000278e-02,5.000000000000000278e-02
5.000000000000000278e-02,5.000000000000000278e-02
5.000000000000000278e-02,5.000000000000000278e-02
5.000000000000000278e-02,5.000000000000000278e-02
5.000000000000000278e-02,5.000000000000000278e-02
5.000000000000000278e-02,2.233159875231526537e-01
5.000000000000000278e-02,6.956271662222286434e-01
5.000000000000000278e-02,5.000000000000000278e-02
5.000000000000000278e-02,5.000000000000000278e-02
5.000000000000000278e-02,1.462202772014700169e-01
3.449119880134413063e-01,2.245234215326600558e-01
5.000000000000000278e-02,5.000000000000000278e-02
7.433375200258286464e-01,5.000000000000000278e-02
5.000000000000000278e-02,5.000000000000000278e-02
5.000000000000000278e-02,5.000000000000000278e-02
5.000000000000000278e-02,5.000000000000000278e-02
5.000000000000000278e-02,5.000000000000000278e-02
5.000000000000000278e-02,5.000000000000000278e-02
4.742943947196973098e-01,5.000000000000000278e-02
5.000000000000000278e-02,5.000000000000000278e-02
5.000000000000000278e-02,5.000000000000000278e-02
5.000000000000000278e-02,5.000000000000000278e-02
5.000000000000000278e-02,5.000000000000000278e-02
5.000000000000000278e-02,5.000000000000000278e-02
5.000000000000000278e-02,5.000000000000000278e-02
5.000000000000000278e-02,5.000000000000000278e-02
5.000000000000000278e-02,5.000000000000000278e-02
5.000000000000000278e-02,5.000000000000000278e-02
5.000000000000000278e-02,5.000000000000000278e-02
5.000000000000000278e-02,5.000000000000000278e-02
5.000000000000000278e-02,5.000000000000000278e-02
5.000000000000000278e-02,5.000000000000000278e-02
5.000000000000000278e-02,5.000000000000000278e-02
5.000000000000000278e-02,5.000000000000000278e-02
5.000000000000000278e-02,5.000000000000000278e-02
5.000000000000000278e-02,5.000000000000000278e-02
5.000000000000000278e-02,5.000000000000000278e-02
3.888573863715326095e-01,5.000000000000000278e-02
5.000000000000000278e-02,5.000000000000000278e-02
5.000000000000000278e-02,5.000000000000000278e-02
5.882179317282051345e-01,5.420730305125305293e-01
4.008006026153097534e-01,5.506496773069666784e-01
6.259370711035774359e-01,5.000000000000000278e-02
5.323591911873096771e-01,5.000000000000000278e-02
5.000000000000000278e-02,5.000000000000000278e-02
3.523862509201188264e-01,5.000000000000000278e-02
4.191655446386460260e-01,5.000000000000000278e-02
3.708152723806318329e-01,5.000000000000000278e-02
5.000000000000000278e-02,5.000000000000000278e-02
5.000000000000000278e-02,5.000000000000000278e-02
3.652958143609235098e-01,5.000000000000000278e-02
5.000000000000000278e-02,5.000000000000000278e-02
5.000000000000000278e-02,5.000000000000000278e-02
5.000000000000000278e-02,4.677179285483908933e-01
6.691481542026544993e-01,5.000000000000000278e-02
5.000000000000000278e-02,5.000000000000000278e-02
5.000000000000000278e-02,5.000000000000000278e-02
5.000000000000000278e-02,5.000000000000000278e-02
5.000000000000000278e-02,5.000000000000000278e-02
5.000000000000000278e-02,5.000000000000000278e-02
5.000000000000000278e-02,5.000000000000000278e-02
5.000000000000000278e-02,5.000000000000000278e-02
5.000000000000000278e-02,5.000000000000000278e-02
5.000000000000000278e-02,5.000000000000000278e-02
5.000000000000000278e-02,5.000000000000000278e-02
5.000000000000000278e-02,5.000000000000000278e-02
5.000000000000000278e-02,5.000000000000000278e-02
5.000000000000000278e-02,5.000000000000000278e-02
3.869334635834508207e-01,5.000000000000000278e-02
5.000000000000000278e-02,5.000000000000000278e-02
5.000000000000000278e-02,5.000000000000000278e-02
5.000000000000000278e-02,3.213086434971446970e+00
5.000000000000000278e-02,5.000000000000000278e-02
5.000000000000000278e-02,5.000000000000000278e-02
5.000000000000000278e-02,5.000000000000000278e-02
5.000000000000000278e-02,5.000000000000000278e-02
5.000000000000000278e-02,5.000000000000000278e-02
3.929554449718555831e-01,5.000000000000000278e-02
5.000000000000000278e-02,5.000000000000000278e-02
5.000000000000000278e-02,5.000000000000000278e-02
5.185157966335705026e-01,1.956237047901715487e-01
5.000000000000000278e-02,5.000000000000000278e-02
5.000000000000000278e-02,5.000000000000000278e-02
5.000000000000000278e-02,5.000000000000000278e-02
5.000000000000000278e-02,5.000000000000000278e-02
5.000000000000000278e-02,5.000000000000000278e-02
6.844364617166496245e-01,5.000000000000000278e-02
5.000000000000000278e-02,5.000000000000000278e-02
5.000000000000000278e-02,5.000000000000000278e-02
5.000000000000000278e-02,1.212530377547950539e-01
5.000000000000000278e-02,2.109268827093322141e-01
5.000000000000000278e-02,5.000000000000000278e-02
5.000000000000000278e-02,5.000000000000000278e-02
5.000000000000000278e-02,5.000000000000000278e-02
5.000000000000000278e-02,1.005571380628475370e-01
5.715824865218368522e-01,1.845459201377167013e-01
4.471823947350043738e-01,2.911475948901696142e-01
5.000000000000000278e-02,5.000000000000000278e-02
5.000000000000000278e-02,5.000000000000000278e-02
5.000000000000000278e-02,5.000000000000000278e-02
5.000000000000000278e-02,4.822085249033027377e-01
6.946673753431967802e-01,5.000000000000000278e-02
5.000000000000000278e-02,5.000000000000000278e-02
5.000000000000000278e-02,5.000000000000000278e-02
5.000000000000000278e-02,5.000000000000000278e-02
5.000000000000000278e-02,4.527429087667847463e-01
5.000000000000000278e-02,5.000000000000000278e-02
5.000000000000000278e-02,5.000000000000000278e-02
5.000000000000000278e-02,5.000000000000000278e-02
5.000000000000000278e-02,5.000000000000000278e-02
3.339650349022078579e-01,5.000000000000000278e-02
4.728395773134656532e-01,1.341197727422064612e-01
5.000000000000000278e-02,7.636298074128190505e-01
5.000000000000000278e-02,5.000000000000000278e-02
5.000000000000000278e-02,5.000000000000000278e-02
5.000000000000000278e-02,5.000000000000000278e-02
5.000000000000000278e-02,5.000000000000000278e-02
5.000000000000000278e-02,4.204937383741265133e-01
6.969874992328598529e-01,5.000000000000000278e-02
5.000000000000000278e-02,5.231129127786746102e-02
5.000000000000000278e-02,2.086229466857212889e-01
5.000000000000000278e-02,5.488158999779093605e-01
5.000000000000000278e-02,5.000000000000000278e-02
5.000000000000000278e-02,5.000000000000000278e-02
5.000000000000000278e-02,5.000000000000000278e-02
5.000000000000000278e-02,5.000000000000000278e-02
5.000000000000000278e-02,5.000000000000000278e-02
5.000000000000000278e-02,5.000000000000000278e-02
5.000000000000000278e-02,5.000000000000000278e-02
5.000000000000000278e-02,5.000000000000000278e-02
5.000000000000000278e-02,5.000000000000000278e-02
5.000000000000000278e-02,5.000000000000000278e-02
5.000000000000000278e-02,5.000000000000000278e-02
3.275552150393514772e-01,5.000000000000000278e-02
5.000000000000000278e-02,5.000000000000000278e-02
5.000000000000000278e-02,3.547976304089602850e-01
5.000000000000000278e-02,5.000000000000000278e-02
5.000000000000000278e-02,5.000000000000000278e-02
3.319026859474237257e-01,5.000000000000000278e-02
5.000000000000000278e-02,5.000000000000000278e-02
5.000000000000000278e-02,5.000000000000000278e-02
5.000000000000000278e-02,5.000000000000000278e-02
5.000000000000000278e-02,5.000000000000000278e-02
5.000000000000000278e-02,5.000000000000000278e-02
5.000000000000000278e-02,5.000000000000000278e-02
5.000000000000000278e-02,5.000000000000000278e-02
5.000000000000000278e-02,5.000000000000000278e-02
5.000000000000000278e-02,5.000000000000000278e-02
5.000000000000000278e-02,5.000000000000000278e-02
5.000000000000000278e-02,5.000000000000000278e-02
5.000000000000000278e-02,5.000000000000000278e-02
5.000000000000000278e-02,5.000000000000000278e-02
5.000000000000000278e-02,5.000000000000000278e-02
5.000000000000000278e-02,5.000000000000000278e-02
5.000000000000000278e-02,5.000000000000000278e-02
5.000000000000000278e-02,5.000000000000000278e-02
6.858171491099396277e-01,5.000000000000000278e-02
5.000000000000000278e-02,5.000000000000000278e-02
5.000000000000000278e-02,5.000000000000000278e-02
5.000000000000000278e-02,5.000000000000000278e-02
5.000000000000000278e-02,5.000000000000000278e-02
5.000000000000000278e-02,1.779948400751281412e-01
5.000000000000000278e-02,1.771009213946668770e-01
5.000000000000000278e-02,5.865612216211957275e-01
5.000000000000000278e-02,2.436034968089671182e-01
5.000000000000000278e-02,5.000000000000000278e-02
5.000000000000000278e-02,5.000000000000000278e-02
5.000000000000000278e-02,5.000000000000000278e-02
5.000000000000000278e-02,5.000000000000000278e-02
5.000000000000000278e-02,5.000000000000000278e-02
5.000000000000000278e-02,5.000000000000000278e-02
5.000000000000000278e-02,5.000000000000000278e-02
5.000000000000000278e-02,5.000000000000000278e-02
5.000000000000000278e-02,5.000000000000000278e-02
5.000000000000000278e-02,5.000000000000000278e-02
5.000000000000000278e-02,5.000000000000000278e-02
5.000000000000000278e-02,5.000000000000000278e-02
5.000000000000000278e-02,5.000000000000000278e-02
5.000000000000000278e-02,5.000000000000000278e-02
5.000000000000000278e-02,5.000000000000000278e-02
5.000000000000000278e-02,3.013620984784632362e-01
5.000000000000000278e-02,5.000000000000000278e-02
5.000000000000000278e-02,5.000000000000000278e-02
5.000000000000000278e-02,5.000000000000000278e-02
5.000000000000000278e-02,5.000000000000000278e-02
5.000000000000000278e-02,5.000000000000000278e-02
1.360709236717764781e-01,5.000000000000000278e-02
7.936036420137797531e-01,1.648406916880689188e-01
5.000000000000000278e-02,2.816549714538779670e-01
5.000000000000000278e-02,5.000000000000000278e-02
5.000000000000000278e-02,5.000000000000000278e-02
5.000000000000000278e-02,5.000000000000000278e-02
3.910007372580837082e-01,5.000000000000000278e-02
5.000000000000000278e-02,5.000000000000000278e-02
5.000000000000000278e-02,5.000000000000000278e-02
6.149357759628916176e-01,5.815162445399862934e-01
5.000000000000000278e-02,5.000000000000000278e-02
5.000000000000000278e-02,5.000000000000000278e-02
5.000000000000000278e-02,5.000000000000000278e-02
5.324429912656311048e-01,3.999802671301336821e-01
5.000000000000000278e-02,5.000000000000000278e-02
5.000000000000000278e-02,5.000000000000000278e-02
3.180364427676978800e-01,5.000000000000000278e-02
5.000000000000000278e-02,5.000000000000000278e-02
5.000000000000000278e-02,5.583463143292157760e-01
8.521789111697795904e-02,5.000000000000000278e-02
1.519996253312000389e-01,5.000000000000000278e-02
2.431695072330713192e-01,5.000000000000000278e-02
5.000000000000000278e-02,5.000000000000000278e-02
5.000000000000000278e-02,5.000000000000000278e-02
5.000000000000000278e-02,3.310217971172363938e-01
5.000000000000000278e-02,5.000000000000000278e-02
5.000000000000000278e-02,5.000000000000000278e-02
5.000000000000000278e-02,5.000000000000000278e-02
5.000000000000000278e-02,1.351039739648746962e-01
5.000000000000000278e-02,5.000000000000000278e-02
1.207964650322487371e-01,5.000000000000000278e-02
1.549412391286467960e-01,5.000000000000000278e-02
5.000000000000000278e-02,2.820253914349510338e-01
5.000000000000000278e-02,5.000000000000000278e-02
5.000000000000000278e-02,5.000000000000000278e-02
5.000000000000000278e-02,5.000000000000000278e-02
5.000000000000000278e-02,5.000000000000000278e-02
5.000000000000000278e-02,5.000000000000000278e-02
5.000000000000000278e-02,5.000000000000000278e-02
5.000000000000000278e-02,5.000000000000000278e-02
5.000000000000000278e-02,5.000000000000000278e-02
4.840734158640445095e-01,5.000000000000000278e-02
5.000000000000000278e-02,5.000000000000000278e-02
5.000000000000000278e-02,5.000000000000000278e-02
5.000000000000000278e-02,5.000000000000000278e-02
5.000000000000000278e-02,2.911963094904628235e-01
5.000000000000000278e-02,5.000000000000000278e-02
5.000000000000000278e-02,5.000000000000000278e-02
5.000000000000000278e-02,6.623141770519401783e-01
5.000000000000000278e-02,4.706670391283926391e-01
5.000000000000000278e-02,5.000000000000000278e-02
5.000000000000000278e-02,5.000000000000000278e-02
5.000000000000000278e-02,5.000000000000000278e-02
5.000000000000000278e-02,5.000000000000000278e-02
5.000000000000000278e-02,5.000000000000000278e-02
5.000000000000000278e-02,5.000000000000000278e-02
5.000000000000000278e-02,5.000000000000000278e-02
6.081347323584781472e-01,5.000000000000000278e-02
5.000000000000000278e-02,5.000000000000000278e-02
1.838292039252451826e-01,5.000000000000000278e-02
4.638105265035254998e-01,5.000000000000000278e-02
5.000000000000000278e-02,5.000000000000000278e-02
5.000000000000000278e-02,5.000000000000000278e-02
5.000000000000000278e-02,5.000000000000000278e-02
5.000000000000000278e-02,5.000000000000000278e-02
5.000000000000000278e-02,5.000000000000000278e-02
5.000000000000000278e-02,4.315170966456371299e-02
5.000000000000000278e-02,3.413852200349947186e-01
5.000000000000000278e-02,5.000000000000000278e-02
2.460337785991422721e-01,5.000000000000000278e-02
7.102039404395293909e-01,5.516356771706500961e-01
4.845686811435730990e-01,3.813853744501175536e-01
5.000000000000000278e-02,5.245009958879065515e-01
5.000000000000000278e-02,5.000000000000000278e-02
5.000000000000000278e-02,5.000000000000000278e-02
5.718671222141560317e-01,5.362703671911315251e-01
5.000000000000000278e-02,5.000000000000000278e-02
5.000000000000000278e-02,5.000000000000000278e-02
5.000000000000000278e-02,5.000000000000000278e-02
5.000000000000000278e-02,5.000000000000000278e-02
7.868150036807508574e-02,5.000000000000000278e-02
2.210849243433199995e-01,5.237711577997096191e-01
5.000000000000000278e-02,5.000000000000000278e-02
5.000000000000000278e-02,5.206236544754159201e-01
5.000000000000000278e-02,5.000000000000000278e-02
5.000000000000000278e-02,5.000000000000000278e-02
5.000000000000000278e-02,5.000000000000000278e-02
5.000000000000000278e-02,2.807222998249193635e-01
5.000000000000000278e-02,5.000000000000000278e-02
5.000000000000000278e-02,5.000000000000000278e-02
1.434843560639231519e-01,5.000000000000000278e-02
1.899789738591823873e-01,5.000000000000000278e-02
5.000000000000000278e-02,5.000000000000000278e-02
4.943545006449016621e-01,5.000000000000000278e-02
5.000000000000000278e-02,5.000000000000000278e-02
5.000000000000000278e-02,5.000000000000000278e-02
5.000000000000000278e-02,5.000000000000000278e-02
5.000000000000000278e-02,5.000000000000000278e-02
6.895344705709296473e-01,5.000000000000000278e-02
5.000000000000000278e-02,3.640992025574899538e-01
5.000000000000000278e-02,5.000000000000000278e-02
5.000000000000000278e-02,5.000000000000000278e-02
5.000000000000000278e-02,5.000000000000000278e-02
5.000000000000000278e-02,5.000000000000000278e-02
5.000000000000000278e-02,5.000000000000000278e-02
5.000000000000000278e-02,5.000000000000000278e-02
5.000000000000000278e-02,5.000000000000000278e-02
1.266025543574454959e-01,5.000000000000000278e-02
3.891422314014902906e-01,5.000000000000000278e-02
5.000000000000000278e-02,5.000000000000000278e-02
5.000000000000000278e-02,5.000000000000000278e-02
2.466331632715332844e-01,5.000000000000000278e-02
5.000000000000000278e-02,5.000000000000000278e-02
5.000000000000000278e-02,5.000000000000000278e-02
5.000000000000000278e-02,5.000000000000000278e-02
5.000000000000000278e-02,5.000000000000000278e-02
5.000000000000000278e-02,5.000000000000000278e-02
5.000000000000000278e-02,5.000000000000000278e-02
5.000000000000000278e-02,3.632566020726908373e-01
5.000000000000000278e-02,1.132475516885694811e-01
5.000000000000000278e-02,1.404269540362294011e-01
5.000000000000000278e-02,5.138807000644292078e-01
5.000000000000000278e-02,5.000000000000000278e-02
5.000000000000000278e-02,5.000000000000000278e-02
5.000000000000000278e-02,5.000000000000000278e-02
3.336448113144107053e-01,5.000000000000000278e-02
5.000000000000000278e-02,5.000000000000000278e-02
5.000000000000000278e-02,5.000000000000000278e-02
1.214672976483262140e-01,5.000000000000000278e-02
5.000000000000000278e-02,5.000000000000000278e-02
5.000000000000000278e-02,3.671718888697612648e-01
5.182094758125539435e-01,5.000000000000000278e-02
5.113136410742785687e-01,5.000000000000000278e-02
5.000000000000000278e-02,5.000000000000000278e-02
5.000000000000000278e-02,5.000000000000000278e-02
5.000000000000000278e-02,5.000000000000000278e-02
5.000000000000000278e-02,8.882581489793342500e-02
5.000000000000000278e-02,6.629619355211275877e-01
5.000000000000000278e-02,5.000000000000000278e-02
5.000000000000000278e-02,5.405315233020683285e-01
5.000000000000000278e-02,5.000000000000000278e-02
5.000000000000000278e-02,5.000000000000000278e-02
5.000000000000000278e-02,5.000000000000000278e-02
3.824291189792147772e-01,5.000000000000000278e-02
5.000000000000000278e-02,5.000000000000000278e-02
5.000000000000000278e-02,5.000000000000000278e-02
5.000000000000000278e-02,5.000000000000000278e-02
5.000000000000000278e-02,1.660001213405836173e-01
6.761532069012708979e-01,2.751290396627908974e-01
5.000000000000000278e-02,7.065837656611281825e-02
5.000000000000000278e-02,4.947968639976634275e-01
6.197664605791074477e-01,5.000000000000000278e-02
5.000000000000000278e-02,5.000000000000000278e-02
5.000000000000000278e-02,5.000000000000000278e-02
5.000000000000000278e-02,5.000000000000000278e-02
5.000000000000000278e-02,5.000000000000000278e-02
5.000000000000000278e-02,6.429266716208009713e-02
4.538641913079159429e-01,5.254695910668177872e-01
6.862472323740473890e-01,5.000000000000000278e-02
5.000000000000000278e-02,5.000000000000000278e-02
5.000000000000000278e-02,5.000000000000000278e-02
5.000000000000000278e-02,6.110855874856350178e-01
5.000000000000000278e-02,2.318554206086485270e-01
5.000000000000000278e-02,5.470496272346735411e-01
3.161775236512915921e-01,5.000000000000000278e-02
5.000000000000000278e-02,5.000000000000000278e-02
5.000000000000000278e-02,5.000000000000000278e-02
2.994337583393778535e-01,5.770080339829947169e-01
5.000000000000000278e-02,5.000000000000000278e-02
5.000000000000000278e-02,5.000000000000000278e-02
5.000000000000000278e-02,5.000000000000000278e-02
5.000000000000000278e-02,5.000000000000000278e-02
5.000000000000000278e-02,5.000000000000000278e-02
5.000000000000000278e-02,5.000000000000000278e-02
1.527134335632326922e-01,5.000000000000000278e-02
1.858107660341702383e-01,5.000000000000000278e-02
5.000000000000000278e-02,5.000000000000000278e-02
5.000000000000000278e-02,5.000000000000000278e-02
5.000000000000000278e-02,5.000000000000000278e-02
5.000000000000000278e-02,5.000000000000000278e-02
5.000000000000000278e-02,7.325445410029173265e-01
5.000000000000000278e-02,5.000000000000000278e-02
5.000000000000000278e-02,5.000000000000000278e-02
5.000000000000000278e-02,6.061817076891151679e-01
5.000000000000000278e-02,5.000000000000000278e-02
5.000000000000000278e-02,1.628655681465822902e-01
5.000000000000000278e-02,1.397877449206640366e-01
5.000000000000000278e-02,5.707362484880064146e-01
5.000000000000000278e-02,5.000000000000000278e-02
3.067706073204379269e-01,5.000000000000000278e-02
5.000000000000000278e-02,5.000000000000000278e-02
1.538856781275880214e-01,5.000000000000000278e-02
3.343643472281510598e-01,5.000000000000000278e-02
5.000000000000000278e-02,5.000000000000000278e-02
5.000000000000000278e-02,5.000000000000000278e-02
5.000000000000000278e-02,5.000000000000000278e-02
5.000000000000000278e-02,5.000000000000000278e-02
5.000000000000000278e-02,5.000000000000000278e-02
5.000000000000000278e-02,5.000000000000000278e-02
5.000000000000000278e-02,5.000000000000000278e-02
5.000000000000000278e-02,5.000000000000000278e-02
1.050424125835168060e-01,5.000000000000000278e-02
2.751119456295366694e-01,5.000000000000000278e-02
5.000000000000000278e-02,5.000000000000000278e-02
5.000000000000000278e-02,5.446296359744574600e-01
5.000000000000000278e-02,4.541963221692988939e-01
5.724270158390269009e-02,5.000000000000000278e-02
6.646605228032896884e-01,6.460361746150187212e-01
5.000000000000000278e-02,3.805029385665330000e-01
5.000000000000000278e-02,5.000000000000000278e-02
5.000000000000000278e-02,5.000000000000000278e-02
5.000000000000000278e-02,2.532951313175896835e-01
3.436298642353191046e-01,5.000000000000000278e-02
4.542018685298519487e-01,5.000000000000000278e-02
5.000000000000000278e-02,5.000000000000000278e-02
5.000000000000000278e-02,5.148299989711188074e-01
5.000000000000000278e-02,5.000000000000000278e-02
5.000000000000000278e-02,5.000000000000000278e-02
6.720591046542515601e-01,5.000000000000000278e-02
5.000000000000000278e-02,5.000000000000000278e-02
5.000000000000000278e-02,6.441688606647236748e-01
7.650776771111833519e-02,5.000000000000000278e-02
4.674733417548260217e-01,5.000000000000000278e-02
5.000000000000000278e-02,5.000000000000000278e-02
7.632278366690119498e-01,5.000000000000000278e-02
5.000000000000000278e-02,5.000000000000000278e-02
5.000000000000000278e-02,1.311278312674250546e-01
5.000000000000000278e-02,2.656874792698922239e-01
5.000000000000000278e-02,5.000000000000000278e-02
5.000000000000000278e-02,5.000000000000000278e-02
5.000000000000000278e-02,5.000000000000000278e-02
5.000000000000000278e-02,5.000000000000000278e-02
4.602288971050867428e-01,5.000000000000000278e-02
5.000000000000000278e-02,5.000000000000000278e-02
5.000000000000000278e-02,5.000000000000000278e-02
5.000000000000000278e-02,5.000000000000000278e-02
5.000000000000000278e-02,5.000000000000000278e-02
5.000000000000000278e-02,5.000000000000000278e-02
5.000000000000000278e-02,5.000000000000000278e-02
5.000000000000000278e-02,5.000000000000000278e-02
5.000000000000000278e-02,5.000000000000000278e-02
5.000000000000000278e-02,5.000000000000000278e-02
5.000000000000000278e-02,5.000000000000000278e-02
5.000000000000000278e-02,5.000000000000000278e-02
5.000000000000000278e-02,5.000000000000000278e-02
5.000000000000000278e-02,5.238790656458097716e-01
5.000000000000000278e-02,4.061635965120883318e-01
5.000000000000000278e-02,5.000000000000000278e-02
5.000000000000000278e-02,5.000000000000000278e-02
5.000000000000000278e-02,6.325959371556567623e-01
1.729254784039679638e-01,5.000000000000000278e-02
5.906153619057962212e-01,4.449380478183502796e-01
5.000000000000000278e-02,5.000000000000000278e-02
1.050518393051986105e-01,5.000000000000000278e-02
5.000000000000000278e-02,5.000000000000000278e-02
5.000000000000000278e-02,5.000000000000000278e-02
5.000000000000000278e-02,5.000000000000000278e-02
5.000000000000000278e-02,5.000000000000000278e-02
5.000000000000000278e-02,5.000000000000000278e-02
5.000000000000000278e-02,5.000000000000000278e-02
4.795123134626973482e-01,6.309504422837493021e-01
2.964476219010163671e-01,5.000000000000000278e-02
5.000000000000000278e-02,5.000000000000000278e-02
5.000000000000000278e-02,5.000000000000000278e-02
5.000000000000000278e-02,5.000000000000000278e-02
5.000000000000000278e-02,5.000000000000000278e-02
5.000000000000000278e-02,3.226141684608829774e-01
5.000000000000000278e-02,5.000000000000000278e-02
5.264247037792953998e-01,5.000000000000000278e-02
5.000000000000000278e-02,5.000000000000000278e-02
5.000000000000000278e-02,5.000000000000000278e-02
5.000000000000000278e-02,6.919558889991431760e-01
5.000000000000000278e-02,5.000000000000000278e-02
5.000000000000000278e-02,5.000000000000000278e-02
5.000000000000000278e-02,3.600142256908904215e-01
5.000000000000000278e-02,4.753240142507450527e-01
5.000000000000000278e-02,3.594636364511838988e-01
8.138883405942809457e-02,5.548053427900081491e-01
5.719435853883390042e-01,5.000000000000000278e-02
5.000000000000000278e-02,5.000000000000000278e-02
1.096212781024805238e+00,5.000000000000000278e-02
5.033901486508434581e-02,5.000000000000000278e-02
6.368709915850719050e-02,5.000000000000000278e-02
1.471837483526707291e-01,5.000000000000000278e-02
7.139724747035925967e-01,5.000000000000000278e-02
4.375159984672783997e-01,5.000000000000000278e-02
4.006886678072103525e-01,5.000000000000000278e-02
5.000000000000000278e-02,5.000000000000000278e-02
5.000000000000000278e-02,5.000000000000000278e-02
5.000000000000000278e-02,5.000000000000000278e-02
5.000000000000000278e-02,5.000000000000000278e-02
5.000000000000000278e-02,5.000000000000000278e-02
5.000000000000000278e-02,5.000000000000000278e-02
5.000000000000000278e-02,5.000000000000000278e-02
5.000000000000000278e-02,5.000000000000000278e-02
4.838333784114559055e-01,5.000000000000000278e-02
5.000000000000000278e-02,5.000000000000000278e-02
5.000000000000000278e-02,5.000000000000000278e-02
5.000000000000000278e-02,5.000000000000000278e-02
5.000000000000000278e-02,5.000000000000000278e-02
5.000000000000000278e-02,5.000000000000000278e-02
5.000000000000000278e-02,5.000000000000000278e-02
5.000000000000000278e-02,5.000000000000000278e-02
5.000000000000000278e-02,5.000000000000000278e-02
5.000000000000000278e-02,5.000000000000000278e-02
5.000000000000000278e-02,5.000000000000000278e-02
4.643660170367971407e-01,5.000000000000000278e-02
5.000000000000000278e-02,5.000000000000000278e-02
5.000000000000000278e-02,5.000000000000000278e-02
5.000000000000000278e-02,5.000000000000000278e-02
6.210550205047750127e-01,5.000000000000000278e-02
5.000000000000000278e-02,4.763618926534189391e-01
3.885987198371080309e-01,1.872803812505293986e-01
2.690080047720780909e-01,9.265693413389436417e-02
4.155809784463586620e-01,1.386925842130294073e-01
5.000000000000000278e-02,2.340771687218209107e-01
5.000000000000000278e-02,5.000000000000000278e-02
5.000000000000000278e-02,5.000000000000000278e-02
5.000000000000000278e-02,5.000000000000000278e-02
5.000000000000000278e-02,5.000000000000000278e-02
1.173339240775280318e-01,8.472463664454601973e-02
1.725053596902942077e-01,6.206258280086455192e-01
5.000000000000000278e-02,5.000000000000000278e-02
5.000000000000000278e-02,5.000000000000000278e-02
5.000000000000000278e-02,5.227135944634683229e-01
1.779871492977573855e-01,5.000000000000000278e-02
7.335154111587653958e-01,5.000000000000000278e-02
5.000000000000000278e-02,1.174215756915210213e-01
5.000000000000000278e-02,2.789371515850565530e-01
4.758481965873655462e-01,5.000000000000000278e-02
5.000000000000000278e-02,5.000000000000000278e-02
5.000000000000000278e-02,5.000000000000000278e-02
5.000000000000000278e-02,3.563266745974312810e-01
5.000000000000000278e-02,5.000000000000000278e-02
5.000000000000000278e-02,5.000000000000000278e-02
5.000000000000000278e-02,5.000000000000000278e-02
5.000000000000000278e-02,5.000000000000000278e-02
5.000000000000000278e-02,5.046750795218762908e-01
5.000000000000000278e-02,5.000000000000000278e-02
5.000000000000000278e-02,5.000000000000000278e-02
5.000000000000000278e-02,5.000000000000000278e-02
3.546609391552812962e-01,6.545854273875260088e-01
5.000000000000000278e-02,5.000000000000000278e-02
5.000000000000000278e-02,5.000000000000000278e-02
5.000000000000000278e-02,5.000000000000000278e-02
5.000000000000000278e-02,5.000000000000000278e-02
5.000000000000000278e-02,5.000000000000000278e-02
5.000000000000000278e-02,5.000000000000000278e-02
7.165631910018595285e-02,5.000000000000000278e-02
2.714888794001076855e-01,5.000000000000000278e-02
5.000000000000000278e-02,5.000000000000000278e-02
5.000000000000000278e-02,5.000000000000000278e-02
5.000000000000000278e-02,5.000000000000000278e-02
5.000000000000000278e-02,5.000000000000000278e-02
5.000000000000000278e-02,5.000000000000000278e-02
5.000000000000000278e-02,5.000000000000000278e-02
5.000000000000000278e-02,5.000000000000000278e-02
5.000000000000000278e-02,5.000000000000000278e-02
5.000000000000000278e-02,5.000000000000000278e-02
5.000000000000000278e-02,5.000000000000000278e-02
5.000000000000000278e-02,5.000000000000000278e-02
5.000000000000000278e-02,2.281891795582501048e-01
5.000000000000000278e-02,6.422745243533652948e-01
2.834686813514741277e-01,1.802515353685807398e-01
5.000000000000000278e-02,5.000000000000000278e-02
5.000000000000000278e-02,5.653148956303465367e-01
5.000000000000000278e-02,5.000000000000000278e-02
5.000000000000000278e-02,3.577960110033213126e-01
3.515105251451319246e-01,5.000000000000000278e-02
4.517360285408088538e-01,5.000000000000000278e-02
5.204296398711290017e-01,5.000000000000000278e-02
5.000000000000000278e-02,5.000000000000000278e-02
2.788586711620463232e-01,5.000000000000000278e-02
6.058104400966851655e-01,5.000000000000000278e-02
5.000000000000000278e-02,4.773773988076863151e-01
5.000000000000000278e-02,5.000000000000000278e-02
5.000000000000000278e-02,5.000000000000000278e-02
5.000000000000000278e-02,5.000000000000000278e-02
6.698972982046694780e-01,5.000000000000000278e-02
5.000000000000000278e-02,5.000000000000000278e-02
5.000000000000000278e-02,5.000000000000000278e-02
5.000000000000000278e-02,5.000000000000000278e-02
5.000000000000000278e-02,5.000000000000000278e-02
4.981505765439688260e-01,5.000000000000000278e-02
5.000000000000000278e-02,5.000000000000000278e-02
5.000000000000000278e-02,5.000000000000000278e-02
5.000000000000000278e-02,3.052871797044523494e-01
5.000000000000000278e-02,8.110272810226470952e-02
5.000000000000000278e-02,6.998450209538100708e-01
5.000000000000000278e-02,5.000000000000000278e-02
2.452636825843975965e-01,5.000000000000000278e-02
2.077528583765969605e-01,5.000000000000000278e-02
7.065870698826877405e-02,5.000000000000000278e-02
1.899218135307565725e-01,5.904335141464971404e-01
7.300078146140673852e-01,1.785210429324694537e-01
5.000000000000000278e-02,5.000000000000000278e-02
5.000000000000000278e-02,5.000000000000000278e-02
5.000000000000000278e-02,5.542688799702807367e-01
2.857926442514819310e-01,5.000000000000000278e-02
5.000000000000000278e-02,5.000000000000000278e-02
5.000000000000000278e-02,2.394593481372875032e-01
5.000000000000000278e-02,3.514061446075585904e-01
5.000000000000000278e-02,5.000000000000000278e-02
5.000000000000000278e-02,5.000000000000000278e-02
5.000000000000000278e-02,5.000000000000000278e-02
5.000000000000000278e-02,5.000000000000000278e-02
5.000000000000000278e-02,5.000000000000000278e-02
5.000000000000000278e-02,5.000000000000000278e-02
5.000000000000000278e-02,5.000000000000000278e-02
5.000000000000000278e-02,5.000000000000000278e-02
3.482143133110814914e-01,5.000000000000000278e-02
5.000000000000000278e-02,5.000000000000000278e-02
5.000000000000000278e-02,5.454057400542711154e-02
5.000000000000000278e-02,2.232562462662532610e-01
7.818521010581632735e-01,7.194991254439520034e-01
5.000000000000000278e-02,5.000000000000000278e-02
5.000000000000000278e-02,5.000000000000000278e-02
5.000000000000000278e-02,5.000000000000000278e-02
5.000000000000000278e-02,5.000000000000000278e-02
5.000000000000000278e-02,5.000000000000000278e-02
5.000000000000000278e-02,6.108200830140754212e-01
5.000000000000000278e-02,5.000000000000000278e-02
5.000000000000000278e-02,5.757851785536678424e-01
5.000000000000000278e-02,5.000000000000000278e-02
5.000000000000000278e-02,5.000000000000000278e-02
5.000000000000000278e-02,5.000000000000000278e-02
8.203750951459358454e-02,2.103653084586507294e-01
5.132606690208998401e-01,3.384768464701818358e-01
5.000000000000000278e-02,5.000000000000000278e-02
5.000000000000000278e-02,5.000000000000000278e-02
5.000000000000000278e-02,5.000000000000000278e-02
5.000000000000000278e-02,5.000000000000000278e-02
4.501727531760167378e-01,5.000000000000000278e-02
5.186741693663512454e-01,8.551677370026455893e-02
5.000000000000000278e-02,5.000000000000000278e-02
5.000000000000000278e-02,6.574643565910164300e-01
5.000000000000000278e-02,5.000000000000000278e-02
5.000000000000000278e-02,5.000000000000000278e-02
7.159308956351985165e-01,3.389089706239913902e-01
5.000000000000000278e-02,5.000000000000000278e-02
5.000000000000000278e-02,5.901568149521084772e-01
5.414613121981131094e-01,4.098207105510718873e-01
5.000000000000000278e-02,5.000000000000000278e-02
5.000000000000000278e-02,4.065812266422288435e-01
9.258957277317422796e-02,5.000000000000000278e-02
5.000000000000000278e-02,5.000000000000000278e-02
5.000000000000000278e-02,5.000000000000000278e-02
5.000000000000000278e-02,5.000000000000000278e-02
5.000000000000000278e-02,5.000000000000000278e-02
5.000000000000000278e-02,5.000000000000000278e-02
5.000000000000000278e-02,5.000000000000000278e-02
3.224199767932334204e-01,5.000000000000000278e-02
5.000000000000000278e-02,1.289088293152697018e-01
5.000000000000000278e-02,7.807789754431915252e-01
3.476228389999367341e-01,5.000000000000000278e-02
3.776437667964498424e-01,5.000000000000000278e-02
5.000000000000000278e-02,5.000000000000000278e-02
5.592567915889146146e-01,5.000000000000000278e-02
5.445773201952015530e-01,5.000000000000000278e-02
5.223774385721322577e-01,5.831766395452570029e-01
5.000000000000000278e-02,5.000000000000000278e-02
4.154335574649417051e-01,5.000000000000000278e-02
5.000000000000000278e-02,5.000000000000000278e-02
5.000000000000000278e-02,5.000000000000000278e-02
5.000000000000000278e-02,1.748341895170072990e-01
1.377349254517588606e-01,3.027812226035754839e-01
1.383061114939746761e-01,5.000000000000000278e-02
7.601464028276372353e-01,5.000000000000000278e-02
5.000000000000000278e-02,5.000000000000000278e-02
5.000000000000000278e-02,5.000000000000000278e-02
1.383316455239488596e-01,5.000000000000000278e-02
2.945604063501689462e-01,5.000000000000000278e-02
5.000000000000000278e-02,5.000000000000000278e-02
5.000000000000000278e-02,5.000000000000000278e-02
5.000000000000000278e-02,5.000000000000000278e-02
5.728914873831794097e-01,5.000000000000000278e-02
5.000000000000000278e-02,5.000000000000000278e-02
5.000000000000000278e-02,5.000000000000000278e-02
1.862647586075596162e-01,5.360102763959527783e-01
2.003835302192348011e-01,5.000000000000000278e-02
6.771970830260515273e-01,5.000000000000000278e-02
5.000000000000000278e-02,5.000000000000000278e-02
5.000000000000000278e-02,1.244994844605030071e+00
1.591062997051435057e-01,1.493263075889391389e-01
5.000000000000000278e-02,5.000000000000000278e-02
5.000000000000000278e-02,5.000000000000000278e-02
2.825307599434783157e-01,5.000000000000000278e-02
3.630146291310681894e-01,5.000000000000000278e-02
5.000000000000000278e-02,5.000000000000000278e-02
5.000000000000000278e-02,5.000000000000000278e-02
5.000000000000000278e-02,5.000000000000000278e-02
1.986775286843707744e-01,5.000000000000000278e-02
5.364148778964392683e-01,5.000000000000000278e-02
5.000000000000000278e-02,5.000000000000000278e-02
5.000000000000000278e-02,5.000000000000000278e-02
5.000000000000000278e-02,5.000000000000000278e-02
5.000000000000000278e-02,1.990083223430787196e-01
5.000000000000000278e-02,7.409748531567802443e-01
2.278674394543500070e-01,3.748838437787067601e-01
3.280337673486705685e-01,5.000000000000000278e-02
5.000000000000000278e-02,5.000000000000000278e-02
5.000000000000000278e-02,5.000000000000000278e-02
5.000000000000000278e-02,5.000000000000000278e-02
5.000000000000000278e-02,5.000000000000000278e-02
5.000000000000000278e-02,5.384392236678803290e-01
5.000000000000000278e-02,5.000000000000000278e-02
5.000000000000000278e-02,5.000000000000000278e-02
5.000000000000000278e-02,5.000000000000000278e-02
5.000000000000000278e-02,5.000000000000000278e-02
5.000000000000000278e-02,5.000000000000000278e-02
5.000000000000000278e-02,5.000000000000000278e-02
6.911425952439692599e-01,5.000000000000000278e-02
5.000000000000000278e-02,5.000000000000000278e-02
5.000000000000000278e-02,5.000000000000000278e-02
5.000000000000000278e-02,5.000000000000000278e-02
6.061711399898356278e-01,5.000000000000000278e-02
5.000000000000000278e-02,6.054044256688340120e-01
5.000000000000000278e-02,5.000000000000000278e-02
3.124398341323409989e-01,5.000000000000000278e-02
5.000000000000000278e-02,5.000000000000000278e-02
3.636564937292312560e-01,5.000000000000000278e-02
5.000000000000000278e-02,5.000000000000000278e-02
5.000000000000000278e-02,4.126911771098910053e-01
5.000000000000000278e-02,5.000000000000000278e-02
5.000000000000000278e-02,5.000000000000000278e-02
4.923375042096709286e-01,8.676836585462133211e-02
5.000000000000000278e-02,1.107049244750567263e-01
5.000000000000000278e-02,5.000000000000000278e-02
7.732829069068668237e-02,5.000000000000000278e-02
3.497105329774650162e-01,1.763713350702467986e-01
5.000000000000000278e-02,5.000000000000000278e-02
5.000000000000000278e-02,6.809932060734684711e-01
5.000000000000000278e-02,5.000000000000000278e-02
5.000000000000000278e-02,5.000000000000000278e-02
5.000000000000000278e-02,5.000000000000000278e-02
5.000000000000000278e-02,5.000000000000000278e-02
5.000000000000000278e-02,5.000000000000000278e-02
5.000000000000000278e-02,5.000000000000000278e-02
5.000000000000000278e-02,5.000000000000000278e-02
5.000000000000000278e-02,5.000000000000000278e-02
2.948464733357407108e-01,5.000000000000000278e-02
5.000000000000000278e-02,5.000000000000000278e-02
5.000000000000000278e-02,5.000000000000000278e-02
3.309182118463731004e-01,5.361111490302011839e-01
5.000000000000000278e-02,3.887149259967407344e-01
5.000000000000000278e-02,5.000000000000000278e-02
5.000000000000000278e-02,5.000000000000000278e-02
4.660946359355019886e-01,5.000000000000000278e-02
5.000000000000000278e-02,2.846084751031394133e-01
5.000000000000000278e-02,5.000000000000000278e-02
5.000000000000000278e-02,5.000000000000000278e-02
5.000000000000000278e-02,1.629158296000093598e-01
5.000000000000000278e-02,4.229931751650873872e-01
5.000000000000000278e-02,3.129809050910274393e-01
5.000000000000000278e-02,5.114886190501894969e-01
4.317117225473434683e-01,5.000000000000000278e-02
5.000000000000000278e-02,5.000000000000000278e-02
5.000000000000000278e-02,5.000000000000000278e-02
5.831628646095123880e-01,5.000000000000000278e-02
5.000000000000000278e-02,4.241897796561137080e-01
6.633847448119704060e-01,5.000000000000000278e-02
5.000000000000000278e-02,3.419929005341403871e-01
2.071406093849425534e-01,5.000000000000000278e-02
5.000000000000000278e-02,5.000000000000000278e-02
5.000000000000000278e-02,5.000000000000000278e-02
5.000000000000000278e-02,5.000000000000000278e-02
5.000000000000000278e-02,5.000000000000000278e-02
5.000000000000000278e-02,1.004791596841639878e-01
5.262653037150781810e-01,3.256170020061132653e-01
5.000000000000000278e-02,5.000000000000000278e-02
5.000000000000000278e-02,5.000000000000000278e-02
5.000000000000000278e-02,5.000000000000000278e-02
5.000000000000000278e-02,5.000000000000000278e-02
5.000000000000000278e-02,5.000000000000000278e-02
5.000000000000000278e-02,5.000000000000000278e-02
5.000000000000000278e-02,6.119772770571672016e-01
5.000000000000000278e-02,5.000000000000000278e-02
6.179008146725581962e-01,3.493704962971979078e-01
5.000000000000000278e-02,3.782096609523179498e-01
5.000000000000000278e-02,5.000000000000000278e-02
5.000000000000000278e-02,5.000000000000000278e-02
5.000000000000000278e-02,5.000000000000000278e-02
5.000000000000000278e-02,5.000000000000000278e-02
5.000000000000000278e-02,5.000000000000000278e-02
5.000000000000000278e-02,2.902527923774174123e-01
5.000000000000000278e-02,5.000000000000000278e-02
5.000000000000000278e-02,5.000000000000000278e-02
5.000000000000000278e-02,5.000000000000000278e-02
5.000000000000000278e-02,5.000000000000000278e-02
5.000000000000000278e-02,5.000000000000000278e-02
5.000000000000000278e-02,5.000000000000000278e-02
5.000000000000000278e-02,5.000000000000000278e-02
5.000000000000000278e-02,2.366057517659959919e-01
5.000000000000000278e-02,5.422239823328197650e-01
3.509150354344343636e-01,5.000000000000000278e-02
5.000000000000000278e-02,5.000000000000000278e-02
5.000000000000000278e-02,5.000000000000000278e-02
5.000000000000000278e-02,5.000000000000000278e-02
5.000000000000000278e-02,5.000000000000000278e-02
5.000000000000000278e-02,5.000000000000000278e-02
5.995688893670245712e-01,5.000000000000000278e-02
5.000000000000000278e-02,8.622295747402171362e-02
5.000000000000000278e-02,2.832608637065664459e-01
5.180378423895084516e-01,2.943843097000804487e-01
5.000000000000000278e-02,3.418210605768243204e-01
3.895448739479300815e-01,5.000000000000000278e-02
5.000000000000000278e-02,5.000000000000000278e-02
5.403857832189274957e-01,3.830705805766377869e-01
5.000000000000000278e-02,5.000000000000000278e-02
1.149653586069930844e-01,5.927606297734802077e-01
2.443113901518398356e-01,5.000000000000000278e-02
5.000000000000000278e-02,5.000000000000000278e-02
5.000000000000000278e-02,3.410842624941691770e-01
5.000000000000000278e-02,3.275562343540479593e-01
6.689897698943709781e-01,5.000000000000000278e-02
5.000000000000000278e-02,5.846000146657348573e-01
5.000000000000000278e-02,5.000000000000000278e-02
2.870237124163522169e-01,5.000000000000000278e-02
5.000000000000000278e-02,5.000000000000000278e-02
5.000000000000000278e-02,4.112653209380764951e-01
4.872900769814806493e-02,5.000000000000000278e-02
2.452431311583267992e-01,5.000000000000000278e-02
7.311573532828606892e-01,7.144084444706411130e-02
5.000000000000000278e-02,2.352241307363528988e-01
5.000000000000000278e-02,5.000000000000000278e-02
5.000000000000000278e-02,5.000000000000000278e-02
5.000000000000000278e-02,5.000000000000000278e-02
4.281652269917627929e-01,2.695800206026228163e-01
5.000000000000000278e-02,7.322482242323072876e-01
5.000000000000000278e-02,5.000000000000000278e-02
5.000000000000000278e-02,5.000000000000000278e-02
5.559580427587910156e-01,5.781317907638560127e-01
5.000000000000000278e-02,5.000000000000000278e-02
5.000000000000000278e-02,5.000000000000000278e-02
6.624139885009744377e-01,5.000000000000000278e-02
5.000000000000000278e-02,5.000000000000000278e-02
5.000000000000000278e-02,6.414330439845066234e-01
5.000000000000000278e-02,5.000000000000000278e-02
5.927298774649684132e-01,5.000000000000000278e-02
5.000000000000000278e-02,5.464326767553802089e-01
5.000000000000000278e-02,4.870417688748123752e-01
5.000000000000000278e-02,5.000000000000000278e-02
2.839618378570194501e-01,5.000000000000000278e-02
5.000000000000000278e-02,5.000000000000000278e-02
5.000000000000000278e-02,5.000000000000000278e-02
5.000000000000000278e-02,2.197930754218894445e-01
5.000000000000000278e-02,6.177007379873350468e-01
2.384756206805873913e-01,5.000000000000000278e-02
1.638747680553750141e-01,5.000000000000000278e-02
5.000000000000000278e-02,5.000000000000000278e-02
4.985558961859349325e-01,5.000000000000000278e-02
5.000000000000000278e-02,5.000000000000000278e-02
5.000000000000000278e-02,5.000000000000000278e-02
5.000000000000000278e-02,5.000000000000000278e-02
5.000000000000000278e-02,5.000000000000000278e-02
5.000000000000000278e-02,9.843444948556472063e-02
2.894792369039191349e-01,4.653379567303195241e-01
5.000000000000000278e-02,5.000000000000000278e-02
5.000000000000000278e-02,5.000000000000000278e-02
2.254681551160977460e-01,5.000000000000000278e-02
1.395238286163204278e-01,5.000000000000000278e-02
7.242817138369325169e-01,3.335752701895233208e-01
5.000000000000000278e-02,7.330394249490935765e-01
5.000000000000000278e-02,5.000000000000000278e-02
5.000000000000000278e-02,5.000000000000000278e-02
5.000000000000000278e-02,3.009418867927670660e-01
5.000000000000000278e-02,1.921866551376094634e-01
1.709182425586892873e-01,5.000000000000000278e-02
7.657881237207505576e-01,5.000000000000000278e-02
5.000000000000000278e-02,5.000000000000000278e-02
5.000000000000000278e-02,5.961710909350206311e-01
5.000000000000000278e-02,5.000000000000000278e-02
5.000000000000000278e-02,5.000000000000000278e-02
5.000000000000000278e-02,5.000000000000000278e-02
5.000000000000000278e-02,2.438678258349996353e-01
5.000000000000000278e-02,5.000000000000000278e-02
5.000000000000000278e-02,4.304491637775689772e-01
5.000000000000000278e-02,5.000000000000000278e-02
5.000000000000000278e-02,5.000000000000000278e-02
5.000000000000000278e-02,2.721639986481431683e-01
5.000000000000000278e-02,5.000000000000000278e-02
5.000000000000000278e-02,5.000000000000000278e-02
5.000000000000000278e-02,5.000000000000000278e-02
5.000000000000000278e-02,1.154414890221431983e-01
5.000000000000000278e-02,1.626991982820564231e-01
5.000000000000000278e-02,2.857297159037281986e-01
5.000000000000000278e-02,5.000000000000000278e-02
4.191733161389379902e-01,5.000000000000000278e-02
5.000000000000000278e-02,5.000000000000000278e-02
5.000000000000000278e-02,6.009724763178267981e-01
2.782051632962683207e-01,5.000000000000000278e-02
5.000000000000000278e-02,5.000000000000000278e-02
5.000000000000000278e-02,5.000000000000000278e-02
5.000000000000000278e-02,5.000000000000000278e-02
4.680530305807746316e-01,5.047422105393116754e-01
5.000000000000000278e-02,5.000000000000000278e-02
5.000000000000000278e-02,5.000000000000000278e-02
5.000000000000000278e-02,5.059657059946434110e-01
5.000000000000000278e-02,5.000000000000000278e-02
7.387829899075623041e-01,5.000000000000000278e-02
5.000000000000000278e-02,5.000000000000000278e-02
3.450931576670734358e-01,5.000000000000000278e-02
5.000000000000000278e-02,5.000000000000000278e-02
4.204405633350846716e-01,5.000000000000000278e-02
5.000000000000000278e-02,4.685661741206636477e-01
5.000000000000000278e-02,5.000000000000000278e-02
5.000000000000000278e-02,5.000000000000000278e-02
5.000000000000000278e-02,5.000000000000000278e-02
5.000000000000000278e-02,5.000000000000000278e-02
2.028613432745525191e-01,5.000000000000000278e-02
5.000000000000000278e-02,5.000000000000000278e-02
5.000000000000000278e-02,5.000000000000000278e-02
5.000000000000000278e-02,5.000000000000000278e-02
1.205016365361684799e-01,5.000000000000000278e-02
2.586169022667954009e-01,2.695158085281524341e-01
5.000000000000000278e-02,5.000000000000000278e-02
5.000000000000000278e-02,5.000000000000000278e-02
5.000000000000000278e-02,5.000000000000000278e-02
5.870323622684350262e-01,6.586438830273697587e-01
5.000000000000000278e-02,5.000000000000000278e-02
5.000000000000000278e-02,5.000000000000000278e-02
5.000000000000000278e-02,5.000000000000000278e-02
5.000000000000000278e-02,5.000000000000000278e-02
5.000000000000000278e-02,5.000000000000000278e-02
5.000000000000000278e-02,5.000000000000000278e-02
1.137963456072582369e-01,5.000000000000000278e-02
9.983501096708811973e-02,5.000000000000000278e-02
1.733113134003107514e-01,3.885090802677967914e-01
6.986413972949521156e-01,5.000000000000000278e-02
5.000000000000000278e-02,5.000000000000000278e-02
5.000000000000000278e-02,5.000000000000000278e-02
5.000000000000000278e-02,6.510570579508877520e-01
5.000000000000000278e-02,5.000000000000000278e-02
2.534864736218135906e-01,5.000000000000000278e-02
3.703936004598901710e-01,2.288503174847560662e-01
5.000000000000000278e-02,5.000000000000000278e-02
5.000000000000000278e-02,5.000000000000000278e-02
6.288066960913621384e-02,4.496478548593822455e-01
5.672177869217611690e-01,5.000000000000000278e-02
5.000000000000000278e-02,5.000000000000000278e-02
5.000000000000000278e-02,5.000000000000000278e-02
5.000000000000000278e-02,5.000000000000000278e-02
5.000000000000000278e-02,5.000000000000000278e-02
5.000000000000000278e-02,5.000000000000000278e-02
5.079216221941288412e-01,5.000000000000000278e-02
5.000000000000000278e-02,5.000000000000000278e-02
5.000000000000000278e-02,5.000000000000000278e-02
5.000000000000000278e-02,5.000000000000000278e-02
5.000000000000000278e-02,5.000000000000000278e-02
5.000000000000000278e-02,3.981593794832681554e-02
6.641760619700748380e-01,4.565266766242815910e-01
2.189581780937690791e-01,5.000000000000000278e-02
5.000000000000000278e-02,5.000000000000000278e-02
5.000000000000000278e-02,3.137686425827681397e-02
5.000000000000000278e-02,1.024574244015222096e-01
5.000000000000000278e-02,1.774776468177588773e-01
5.000000000000000278e-02,7.480359745794034065e-01
5.000000000000000278e-02,5.000000000000000278e-02
5.000000000000000278e-02,5.000000000000000278e-02
5.000000000000000278e-02,5.000000000000000278e-02
5.330239296007186489e-01,5.000000000000000278e-02
5.000000000000000278e-02,5.000000000000000278e-02
5.000000000000000278e-02,5.000000000000000278e-02
5.000000000000000278e-02,5.000000000000000278e-02
5.000000000000000278e-02,5.000000000000000278e-02
5.000000000000000278e-02,5.000000000000000278e-02
5.000000000000000278e-02,5.000000000000000278e-02
5.000000000000000278e-02,2.962654836397435876e-01
5.000000000000000278e-02,3.939870036829537514e-01
