# error_dp, error_pinn
4.222430348615049261e-02,4.227098621919391647e-02
4.218038672853584997e-02,4.218038678936172209e-02
4.218038616962389159e-02,4.218038664545760430e-02
4.218047569210810893e-02,4.218038960522813713e-02
4.218038809524623373e-02,4.218038467246549433e-02
4.218029752290029799e-02,4.218020331815945656e-02
4.218023421164316528e-02,4.218014077221331898e-02
4.218017562570298279e-02,5.243742576970778640e-02
4.218008203794349625e-02,3.968650297757905093e-02
4.218154055282520576e-02,3.803962683449095550e-02
4.218631247558670555e-02,3.253816300886310658e-02
4.218049427978887156e-02,2.366267717967823758e-02
4.217424522339516951e-02,1.675159624761429766e-02
3.939121997069498088e-02,1.534133134471262622e-02
3.943322475565708141e-02,1.565213398558080310e-02
1.809541499315503454e-02,1.592551548175338491e-02
1.644286003145365230e-02,1.598904629264953983e-02
1.529973680684390547e-02,1.686438246264971089e-02
1.513904140471822833e-02,1.546116158324231660e-02
1.512725505842583626e-02,1.794054332745341485e-02
1.558125525195501807e-02,1.400704329833280838e-02
1.569575767581875281e-02,1.585821088301293466e-02
1.502924076704811526e-02,1.368463778466382126e-02
1.487574196354236357e-02,1.083860026779885112e-02
1.473163486084814316e-02,1.275963013321238654e-02
1.553718860098884588e-02,1.048216397396457139e-02
1.555088051880551374e-02,1.779152215477640062e-02
1.547905332530929642e-02,1.769809414677173121e-02
1.524824465638749058e-02,1.774770800572895990e-02
1.494164170262582934e-02,1.827053809528462677e-02
1.401405517935663640e-02,1.999491978553679175e-02
1.354274085284905629e-02,2.794221947540416126e-02
2.207136815664028501e-02,2.261892598979888674e-02
1.236828972491282007e-02,2.185240605386648549e-02
1.092606993132611524e-02,1.853274767264543460e-02
1.167051747771783235e-02,1.806422929803840061e-02
1.071333966216388850e-02,1.569799616790715224e-02
1.005305767124660236e-02,1.095345450832025010e-02
9.400872686906262127e-03,1.013055905721469731e-02
3.319283226038840552e-03,7.560987777466106168e-03
2.531498533131286161e-03,6.490362627457145657e-03
1.476078030983475793e-03,5.518676147979420521e-03
2.300101851217653797e-03,4.942836132248782169e-03
2.429935596187659391e-03,4.101509783168748313e-03
2.481040001202090405e-03,3.745092321110116140e-03
2.726083461010470489e-03,3.397917699038348338e-03
2.067253098504678605e-03,3.089289361313256061e-03
2.512944072125412008e-03,2.728117434157342844e-03
3.045854134833465756e-03,2.459059020737065261e-03
3.370988706479636620e-03,3.338066380513878429e-03
3.702106926948022392e-03,2.571823498535412162e-03
3.449875725323345906e-03,2.354147850731751982e-03
3.477943348437032099e-03,3.047297880458208538e-03
3.542288182137062584e-03,2.172420935011716916e-03
3.474468618511022868e-03,2.211431906176277058e-03
3.548731547018488079e-03,2.799903591914934455e-03
3.537227278858657079e-03,4.274315814467656398e-03
2.815696066183731149e-03,7.121637716254832461e-03
1.975196596514624831e-03,9.916569877339225653e-03
1.184648543612652457e-03,1.399009074477919508e-02
8.425859309380119783e-04,1.416166410664865608e-02
2.024774991728491447e-03,1.528552930822125316e-02
2.729223511516859924e-03,1.808590728782715970e-02
3.684293977678920404e-03,1.764619554148965860e-02
4.813011945341795148e-03,1.856392106804904615e-02
6.133968214151668680e-03,2.038859635554266664e-02
6.770697998444399207e-03,2.072911148864237801e-02
5.708090144297519979e-03,2.143733528148978468e-02
5.420615239722323744e-03,2.199381280448126780e-02
5.312277590179015699e-03,2.269143750074507915e-02
3.909803591962136317e-03,2.361292398630525369e-02
4.041473798358012799e-03,2.518051099240305873e-02
2.808366475730398291e-03,2.691538180308452460e-02
7.588465786130607627e-04,2.787821861878632054e-02
1.153247972767321161e-03,2.761456657923429606e-02
9.811212986015121693e-04,2.766620163576774191e-02
1.333371438476229362e-03,2.743633920115286229e-02
3.310353262057721697e-03,2.729459864698864993e-02
4.311235079232055879e-03,2.412142692729242824e-02
8.050496611729414387e-03,2.471500558514451093e-02
6.876876245994328722e-03,2.546386950468503343e-02
1.167754665784709149e-02,2.565478443012970261e-02
1.404525589454853896e-02,2.619388993248833106e-02
1.277583978177629191e-02,2.658942876275376122e-02
1.080723458676135541e-02,2.826280013594265755e-02
1.029598729948235161e-02,3.062186910678636395e-02
1.007273976790913975e-02,3.128835798481412189e-02
8.950149784202806116e-03,3.783747274256663018e-02
5.069367869625206018e-03,3.760277284594299579e-02
6.688287353672050205e-03,3.631610638256304452e-02
5.836736335310893989e-03,3.649727924889467623e-02
5.361270569107168087e-03,3.643125697910791494e-02
4.098645750141119079e-03,3.628969548567878567e-02
4.624039070165362163e-03,3.629771908598165842e-02
4.677012529857052688e-03,3.624914883139220695e-02
4.585752900974433312e-03,3.621855998880595118e-02
4.671942841977114874e-03,3.620785907647724317e-02
4.720971179561918307e-03,3.624236026463192872e-02
4.794689078089714798e-03,3.632230709011975700e-02
4.785403282106975506e-03,3.640819252255664273e-02
4.617092760830224935e-03,3.655556080597674451e-02
4.193665920388591796e-03,3.674097461675179810e-02
3.292408711423907338e-03,3.711143316900598205e-02
2.301263804827158917e-03,3.772334176870067307e-02
2.140355645476881615e-03,3.854076454331319124e-02
1.087381773067443071e-03,3.926255024655087716e-02
9.695015608368851793e-04,4.001963278054292833e-02
1.252138769364035016e-03,3.998567088138899744e-02
1.040998403045056975e-03,4.110693108039604332e-02
1.729822453359860070e-03,4.069443470851871747e-02
2.169956575039517100e-03,4.098184111478182790e-02
2.538419817125928211e-03,4.123718166862831713e-02
2.465182022122907896e-03,4.213716042557262564e-02
2.267189385231238585e-03,4.179356196810118246e-02
1.128078727180182629e-03,4.294096980985959155e-02
1.554478964962265671e-03,4.264951390813424836e-02
1.035031494855686001e-03,4.284865927978199346e-02
1.159673853571407736e-03,4.345918712275341489e-02
2.366115242113708220e-03,4.339685048971930054e-02
1.943974717849103950e-03,4.346888595435002139e-02
2.026191599691742982e-03,4.368916934967650295e-02
2.555087238139953660e-03,4.370221997407282288e-02
2.559235312663081172e-03,4.374961980665927758e-02
2.982840728092430588e-03,4.377533163265930755e-02
3.118385477607308730e-03,4.378727471079464639e-02
3.478868509763199512e-03,4.378061539519935430e-02
3.300960978112101648e-03,4.375276079901569554e-02
3.177311224557464141e-03,4.370635127668795472e-02
3.687843818683199035e-03,4.360691058837192630e-02
3.681847097494668399e-03,4.341200942447880073e-02
3.781880301770863990e-03,4.301696453788270841e-02
4.305818767230738461e-03,4.242031947659610780e-02
4.733191615297539789e-03,4.178821515613342918e-02
5.158618556880060525e-03,4.127809260259818203e-02
5.291821020362149838e-03,4.081104840467965345e-02
5.459095881908038531e-03,4.068530476831123260e-02
5.525433269874787182e-03,4.060077035337575357e-02
5.149871252794662249e-03,4.050546942646774534e-02
5.068434029943489662e-03,4.033358403685857740e-02
4.886842276558121638e-03,4.015054400365784815e-02
4.013660230171330404e-03,3.991281055612326545e-02
3.911772151539599437e-03,3.981430255494393389e-02
4.183529379604455575e-03,3.971034916665933112e-02
4.001021626529708761e-03,3.968520820367768542e-02
4.007178976339216200e-03,3.976153487480118404e-02
3.865098420268845304e-03,3.970706565626420936e-02
3.558867996524580583e-03,3.937846234624638175e-02
3.601070517140638090e-03,3.834254040709830780e-02
3.455883198324055400e-03,3.776219155439167890e-02
3.203901939984457343e-03,3.593993267440407507e-02
3.517575765625617808e-03,3.582900138060482464e-02
3.424439229762302542e-03,3.586348783366707926e-02
3.260697077775666450e-03,3.533648744876419223e-02
3.309434067099979639e-03,3.515511370735470431e-02
3.100046911486290056e-03,3.486935489824675299e-02
2.948873475089860540e-03,3.432913373865024292e-02
2.896010393792650475e-03,3.409814105098375042e-02
2.681327834579133942e-03,3.388974767255895776e-02
2.515403397048628607e-03,3.385369764785387675e-02
2.290575801175768512e-03,3.379661781025637690e-02
2.233432415566318809e-03,3.381287700132883794e-02
2.187810514338229227e-03,3.392588810947144012e-02
2.033738257687768905e-03,3.399703247210232593e-02
2.114124067081426996e-03,3.401992884130539824e-02
2.031891015316093525e-03,3.403138384913415720e-02
2.012395542024232511e-03,3.403995029476805656e-02
1.815601930234066663e-03,3.403824876579394226e-02
1.667348271245944463e-03,3.395108888600612690e-02
1.642877407521650159e-03,3.381684541231043395e-02
1.413410762927035710e-03,3.338767231295581422e-02
1.180437446491001616e-03,3.237579578505011407e-02
1.196034890923560953e-03,3.203223473999269877e-02
1.177856194700784270e-03,3.175951868213058860e-02
1.028094843156868122e-03,3.135999259656296195e-02
9.774471648159599197e-04,3.108354665540015091e-02
8.029570872810750303e-04,3.028167956027909974e-02
6.183330638194335606e-04,3.016569869242798074e-02
4.875224253496770284e-04,3.004501033781118227e-02
3.726559140191852649e-04,2.915573887314172608e-02
1.389974678831134625e-04,2.829381084775649952e-02
1.224820621050639951e-04,2.783526634849746786e-02
9.429899480940469086e-05,2.714363896369704349e-02
1.442638576730950045e-04,2.639795059054690640e-02
2.128523958170851368e-04,2.639839217387516049e-02
3.500302845512265294e-04,2.592733275514309474e-02
4.479769965525494065e-04,2.549256674243687709e-02
6.321763771058981846e-04,2.424063477151435983e-02
5.277889624126327244e-04,2.453124115657032839e-02
6.602379562651470787e-04,2.422066575327692581e-02
7.460093650089721093e-04,2.392262243181286427e-02
8.301414824072745604e-04,2.359319867993570075e-02
1.089950883680569377e-03,2.347419327897345975e-02
1.355530122215281271e-03,2.309205197341708191e-02
1.859545118610041918e-03,2.246470075001819749e-02
2.044142338134918597e-03,2.267775841726962088e-02
2.108097005337848835e-03,2.261393634939201994e-02
2.156467812258305774e-03,2.241749397532475513e-02
1.970307930530178653e-03,2.225593768265950526e-02
1.934285858551899710e-03,2.191027325064107481e-02
1.852164473759645340e-03,2.147752424017175185e-02
1.660874854260450690e-03,2.091173276437776132e-02
1.426543575708319727e-03,2.040265557347841277e-02
1.493403709952475632e-03,1.990487220784260824e-02
1.475366927173374408e-03,1.968464586902828745e-02
1.331166804859370070e-03,1.942974009352158027e-02
1.188931143657392464e-03,1.954408961388412816e-02
1.050226616844173854e-03,1.950028943362996231e-02
9.194968467109676221e-04,1.941265930046360763e-02
7.851539931983313268e-04,1.926372459525079947e-02
8.359860556627766223e-04,1.912955162486669469e-02
8.107014735752532744e-04,1.904044279083594304e-02
7.769948621911361214e-04,1.905955269058576956e-02
7.191706901133420021e-04,1.917953908371322971e-02
6.998531240204762440e-04,1.929185159649617412e-02
6.922332540880741462e-04,1.936996704247367571e-02
6.978098948323049064e-04,1.937110084362874546e-02
7.222964780745590911e-04,1.937976736617950252e-02
7.284818886429297565e-04,1.940948080260515921e-02
7.331714456991890536e-04,1.945007599151413538e-02
7.327894389531936382e-04,1.948265816065053099e-02
7.322577403009192460e-04,1.949468454804231116e-02
7.305890426109831227e-04,1.949648291104776054e-02
7.165334612185984614e-04,1.949673063156357258e-02
7.306011410674999058e-04,1.950452310392889951e-02
6.990621243952860331e-04,1.951662967032605570e-02
6.817512014796815430e-04,1.954759376228734635e-02
6.484981408715602500e-04,1.959104587383978316e-02
6.817292428747398015e-04,1.967427299608549493e-02
6.626349733529111278e-04,1.962636074378547660e-02
5.906676653141585982e-04,1.935289605998371035e-02
5.688180162622102345e-04,1.931095978398831778e-02
4.978379942860999569e-04,1.891896999765350917e-02
5.269445779887807534e-04,1.879644229568502856e-02
4.979743272903900883e-04,1.887624278519709278e-02
4.773595488784798928e-04,1.871108984667602809e-02
4.842369488904857476e-04,1.844331525347350439e-02
4.503974777644243811e-04,1.793729305130009957e-02
3.988225948442080814e-04,1.799918930223408375e-02
3.953364290217656883e-04,1.779021089684122356e-02
3.529152570272780739e-04,1.751824690394924652e-02
3.540354785783679016e-04,1.755637086540356995e-02
3.137126584085961518e-04,1.730903955153247076e-02
3.398214835530366127e-04,1.701467371146973828e-02
3.138237348057619394e-04,1.701255763515067965e-02
3.098626651312449444e-04,1.680264141864852914e-02
2.993928660134043758e-04,1.658058184203406102e-02
2.796521367557780057e-04,1.653961443521258581e-02
2.904350842028412803e-04,1.641705064206248205e-02
2.625356442817036642e-04,1.619371639329368964e-02
2.398414570543395757e-04,1.625192293545346667e-02
2.442636611538220003e-04,1.615299764468144592e-02
2.311811060232530919e-04,1.602072046297893862e-02
2.060240340432384343e-04,1.598838309489357054e-02
2.042240653479855152e-04,1.593028077806368792e-02
1.890951190097899155e-04,1.586349269712103785e-02
1.813669203027987826e-04,1.569203272891494388e-02
1.591963894197637544e-04,1.574646099463174187e-02
1.834187786744042236e-04,1.571103768616115282e-02
1.675488357671332915e-04,1.565650000302416800e-02
1.537704809257143862e-04,1.554811561471010524e-02
1.519917236300833471e-04,1.556389938989630878e-02
1.358126619029145516e-04,1.552287643798292739e-02
1.245097970456560078e-04,1.548864583673037476e-02
1.038024999780144274e-04,1.546025983495000374e-02
8.272036145856065425e-05,1.541966769651302756e-02
7.132921624756546214e-05,1.544248737459784186e-02
6.656188303676758330e-05,1.542510168368178662e-02
6.639410080244033039e-05,1.543298124749851487e-02
7.200118096204677018e-05,1.544822860831799455e-02
6.962519886791495888e-05,1.548324783965812461e-02
6.981671585142232577e-05,1.548868977083209079e-02
7.026905495619881301e-05,1.549945992063365627e-02
7.251193308099729827e-05,1.550182463255955767e-02
7.255046419493786083e-05,1.552275523624296188e-02
7.110444232992232602e-05,1.554303492203733608e-02
6.940457530863150559e-05,1.554882287724766547e-02
6.616265987872331326e-05,1.556155677825428289e-02
6.597634942565779449e-05,1.560587752116873728e-02
6.818348435631778380e-05,1.568772630812806032e-02
7.902617923251865006e-05,1.580119287031151940e-02
8.145450730003056582e-05,1.591918833985396867e-02
8.480587929231136470e-05,1.608918196405519085e-02
9.166382090819395344e-05,1.621074830066832409e-02
1.070902922819346370e-04,1.622152367423111349e-02
9.755195921789965084e-05,1.622695626013685027e-02
1.063855975831217723e-04,1.625757035917373833e-02
1.097978109232689568e-04,1.624577350534734538e-02
1.118343699802570569e-04,1.629179190685675974e-02
1.178516030517297487e-04,1.629359489073420666e-02
1.251048280495643415e-04,1.631553853398926349e-02
1.272217950828758467e-04,1.633298075426055720e-02
1.422109292360934630e-04,1.634299882511461299e-02
1.391847388576393919e-04,1.635295233989756541e-02
1.435061621002656966e-04,1.635685878536969132e-02
1.574580797192685086e-04,1.636206519725940181e-02
1.513589990642072957e-04,1.636831754303513103e-02
1.640637818949937290e-04,1.637692114107986568e-02
1.597154178982760947e-04,1.639085480777398990e-02
1.640196071634111581e-04,1.640975200832459069e-02
1.662763507837419568e-04,1.644192237247156865e-02
1.708285663423132273e-04,1.648012851245712895e-02
1.791102000564918104e-04,1.656064099354174687e-02
1.800774603908289798e-04,1.662206611283700494e-02
1.858560463760791962e-04,1.675297933679582851e-02
1.933594317026806459e-04,1.672277400300104314e-02
1.909218969208174941e-04,1.645786950052958650e-02
1.939522091004018992e-04,1.626163025253014871e-02
1.982399083107271801e-04,1.634438208226289893e-02
1.979931911867805318e-04,1.628727180782666567e-02
2.002479370790191942e-04,1.609193576722326574e-02
2.035231370270717058e-04,1.611106856688998556e-02
2.052150587455568330e-04,1.575862498142705653e-02
2.081566239658192840e-04,1.575089879463238696e-02
2.094561937232427510e-04,1.562836848841215459e-02
2.121669032632615649e-04,1.553876892117203937e-02
2.173367146792799700e-04,1.540538876900545556e-02
2.154997705756262209e-04,1.544964340310371088e-02
2.201135065730642289e-04,1.537009829165114465e-02
2.174428074834264875e-04,1.520124660522378240e-02
1.776875992420469559e-04,1.526174257878754048e-02
1.779372305048684756e-04,1.521363713362324649e-02
1.799091092388887018e-04,1.507922379258498473e-02
1.501991942578389031e-04,1.511836161991226939e-02
1.512572331817174708e-04,1.511244814454978241e-02
1.539266730729838527e-04,1.502727066700118227e-02
1.502491497483908565e-04,1.509655402447009423e-02
1.449809523183009431e-04,1.520684633202401201e-02
1.317539434954853226e-04,1.521975840433755639e-02
1.212830428476940317e-04,1.524320084610369420e-02
1.103063197227801493e-04,1.533403011187113411e-02
1.107159354489569970e-04,1.532996546434016623e-02
8.075758084413959051e-05,1.535163050764545671e-02
6.547731900446085093e-05,1.541748174546240906e-02
6.796931168055195878e-05,1.539442816857130615e-02
6.558040487389202734e-05,1.555314907824684005e-02
6.682280548127880835e-05,1.556142132548553499e-02
6.538668818013465046e-05,1.555605323269653589e-02
6.655885016082037288e-05,1.561110397715666752e-02
6.847757960740716960e-05,1.569124588137783133e-02
7.756413197648727930e-05,1.566613262582452690e-02
8.202354176717151354e-05,1.570659841250780786e-02
9.732199640982927840e-05,1.568143926609823907e-02
1.001250853051665571e-04,1.566510504605155008e-02
1.130474236584732970e-04,1.565131255595398826e-02
1.193538427769921627e-04,1.563142598104104442e-02
1.409848892070569219e-04,1.557551007456123293e-02
1.339063265792201436e-04,1.540798586985333424e-02
1.413675612448345869e-04,1.536614107919925115e-02
1.603146692352385122e-04,1.540659372273248465e-02
1.636976773895512725e-04,1.527053604136427434e-02
1.828506892374232105e-04,1.523033197212556901e-02
2.008209212127477045e-04,1.514944683754464519e-02
2.120910191109237532e-04,1.509396436604231069e-02
2.315492912268422583e-04,1.499170458435135182e-02
2.283535199468641694e-04,1.475482762988821958e-02
2.386192987679730353e-04,1.463134093009570147e-02
2.495622504194011377e-04,1.436051609137991257e-02
2.468159045250908966e-04,1.432745525140148232e-02
2.569152653132662865e-04,1.417660741647312414e-02
2.684607036451263653e-04,1.417270483496823295e-02
2.736688196852966035e-04,1.400257331997186057e-02
2.911362829728566257e-04,1.397136783968560593e-02
3.052644571981867226e-04,1.385362743694736574e-02
3.173977852720246220e-04,1.374083461090051285e-02
3.265895868284016948e-04,1.357159990433651209e-02
3.302611448439024848e-04,1.360649802446660742e-02
3.408742232988765846e-04,1.353298036777594686e-02
3.437217237595442242e-04,1.339519419983582239e-02
3.531386770426297159e-04,1.339580079654394823e-02
3.583219136154169762e-04,1.335353001595561070e-02
3.686465518328785806e-04,1.323989278688792078e-02
3.870735045212406883e-04,1.325306469523411697e-02
3.934459319383762127e-04,1.320503135707698679e-02
4.007976498153279486e-04,1.307866995780866334e-02
4.066431758022123494e-04,1.292369429802541630e-02
4.179142470612527737e-04,1.284518709923521997e-02
4.223660323551257684e-04,1.283652563687671597e-02
4.324733216516421204e-04,1.282778154130046790e-02
4.462766859793667966e-04,1.279377777740273517e-02
4.401545914909308884e-04,1.272622882224805352e-02
4.454810726947807092e-04,1.275949958339692505e-02
4.583268157873974895e-04,1.272948931893536605e-02
4.686568781684140382e-04,1.267893354241371277e-02
4.912456633957470445e-04,1.264527458676881558e-02
4.725281010933421390e-04,1.261617768660149019e-02
4.821609952353685417e-04,1.262691856164921411e-02
4.908220459856099845e-04,1.262188043153990823e-02
4.900440764871907395e-04,1.268695528028868438e-02
5.169075872666874715e-04,1.273844248607751070e-02
5.147271559995880100e-04,1.280982707319036629e-02
5.483342681334685926e-04,1.287815646187581882e-02
5.412942237053955689e-04,1.285508627906909764e-02
5.469927683496455693e-04,1.290028001205696315e-02
5.490450586342505166e-04,1.299983242747993276e-02
5.531748056349867007e-04,1.303504352176399102e-02
5.645159440661279239e-04,1.308209689733391343e-02
5.570729114302033725e-04,1.316331995059768535e-02
5.583042635869393030e-04,1.325562553070006727e-02
5.725851720233129331e-04,1.333339238686928260e-02
5.770383517743659166e-04,1.333712289373643368e-02
5.902762983782529164e-04,1.336153179024913810e-02
5.923860936868686772e-04,1.343008345025379149e-02
5.982612306137950926e-04,1.342366571960273459e-02
6.042434153923074329e-04,1.344887957321411892e-02
6.249772522445146399e-04,1.348753112885503133e-02
6.213358407699564635e-04,1.349824157812743071e-02
6.253802549011376654e-04,1.351706052637558809e-02
6.296271411842027915e-04,1.352892575952013669e-02
6.407520791129013094e-04,1.354834395881664329e-02
6.457529699724942314e-04,1.356061660706621777e-02
6.647094647042639829e-04,1.360230027976728866e-02
6.629567644660219793e-04,1.358108464093516626e-02
6.647899336200902487e-04,1.356364936225900458e-02
6.738158608882503613e-04,1.347301232102195677e-02
6.716614957668983919e-04,1.341351785318304658e-02
6.767790840230660313e-04,1.332070676145365867e-02
6.790104341121954833e-04,1.323146019405620211e-02
6.922149297601097465e-04,1.308344174379970359e-02
6.970730137710481975e-04,1.291654044577901506e-02
7.077552831835400016e-04,1.285087252809834560e-02
7.201649508157570998e-04,1.272774719270565805e-02
7.245643568363740582e-04,1.267095133298712373e-02
7.458166425925892226e-04,1.256511511649902914e-02
7.518986275380734564e-04,1.222517601707618154e-02
7.496866190971070805e-04,1.234867099115749024e-02
7.561344316003392298e-04,1.225719554411251570e-02
7.644987813424965195e-04,1.219700491599795197e-02
7.727191180143865110e-04,1.209505942032814384e-02
7.916180675917092570e-04,1.183747637214743569e-02
7.983823847535657459e-04,1.188357089570282916e-02
8.126122051318120272e-04,1.180034503220549723e-02
8.087129785230993051e-04,1.157355019895532112e-02
8.153508529666561328e-04,1.159988382974233047e-02
8.197114785520655819e-04,1.149625684889766034e-02
8.311093195139250978e-04,1.132722848368750319e-02
8.240417013371492379e-04,1.139924261624893076e-02
8.299262101892987279e-04,1.136367811297489885e-02
8.428466010197660334e-04,1.130396753251195797e-02
8.472251073791393873e-04,1.125704886296157239e-02
8.579853794723864757e-04,1.118030503592161093e-02
8.689856012531203865e-04,1.109618160420028365e-02
8.770781152803745415e-04,1.096707605875523080e-02
8.865404233026752531e-04,1.088486391918967733e-02
8.918745817115098732e-04,1.085793782718677374e-02
9.002224262873034181e-04,1.073727508185615999e-02
9.060710858247182555e-04,1.077038823480314274e-02
9.131079758001288751e-04,1.067422815346651989e-02
9.243014232459505338e-04,1.074968612424054108e-02
9.431160192656579989e-04,1.072209467374477670e-02
9.615426376721447057e-04,1.071550611905128757e-02
9.774992364874220390e-04,1.075670794370439665e-02
9.790050945957483580e-04,1.089397284379657604e-02
9.797605288531332536e-04,1.100294879894459649e-02
9.935690278820416468e-04,1.104744973343680346e-02
9.949016227442644342e-04,1.109055042309361853e-02
1.006604172193785408e-03,1.114214370751006808e-02
1.026992741407507228e-03,1.135061314241325031e-02
1.042058727158055994e-03,1.128306051513874343e-02
1.053969907224983375e-03,1.134018620130777116e-02
1.055671412293794154e-03,1.143899365590486661e-02
1.061407323454458202e-03,1.152589725125218768e-02
1.072229923262452448e-03,1.164103486650833186e-02
1.089898489425705861e-03,1.178927166746161249e-02
1.104690266064079374e-03,1.178351913639577066e-02
1.115075669086751809e-03,1.182936326090594861e-02
1.139207179157862527e-03,1.188891344622076442e-02
1.132659982096652970e-03,1.190592131512952651e-02
1.169827194346759842e-03,1.192896976603654083e-02
1.178178146186616409e-03,1.193765513534521434e-02
1.187065060137153672e-03,1.192571073611722356e-02
1.206297732160188868e-03,1.187385274260597916e-02
1.207031921772792763e-03,1.168979838327302567e-02
1.215061274434220276e-03,1.158964438416764525e-02
1.220341837855443666e-03,1.121783580819585464e-02
1.234297040216875705e-03,1.140516118009106579e-02
1.285179956718713809e-03,1.128724566783539073e-02
1.302546166046554673e-03,1.115968634512365387e-02
1.310597313076682351e-03,1.094975330647805084e-02
1.310348192690602865e-03,1.091646386245099035e-02
1.320312603693119717e-03,1.086075674038664181e-02
1.312043569477358866e-03,1.081375538551259188e-02
1.319850790257097190e-03,1.072638556533875472e-02
1.333210972677003866e-03,1.051183631684722217e-02
1.342268326041643096e-03,1.057308718450562096e-02
1.364188535974939463e-03,1.056474060328001230e-02
1.362318031269702488e-03,1.041364714161262597e-02
1.370914250619654357e-03,1.039091837869432662e-02
1.370773182902638825e-03,1.029668404744968693e-02
1.373030101316263449e-03,1.023002612332023047e-02
1.375205441343761888e-03,1.021141463142462118e-02
1.388689398806034880e-03,1.017462450923805294e-02
1.390348019082195043e-03,1.007801446027813477e-02
1.410513645280115323e-03,1.012064346748155728e-02
1.429868496985935199e-03,1.007342007423612379e-02
1.443786885042389273e-03,1.000121039843278499e-02
1.447414657042265813e-03,1.001373269049408293e-02
1.465168425599502238e-03,9.985304219805903048e-03
1.463192197531745396e-03,1.001982101537183222e-02
1.472252434533041126e-03,1.002248803786141319e-02
1.498654921540191684e-03,1.008934926835579685e-02
1.490352310389681531e-03,1.008724049188065852e-02
1.493583185479526202e-03,1.008641978013520915e-02
1.514988335993758088e-03,1.016065360437884077e-02
1.502949274008454333e-03,1.017584508702838210e-02
1.510006611270456062e-03,1.029948874485704657e-02
1.526159776751218923e-03,1.033705821291733620e-02
1.521896751916416513e-03,1.040738576963420869e-02
1.528268490579125227e-03,1.051423057596830545e-02
1.536965005621006861e-03,1.050207367019632618e-02
1.536510428132884009e-03,1.057329957116556578e-02
1.546683124835012422e-03,1.069740477116435697e-02
1.563643698607380039e-03,1.067684486649236528e-02
1.578835720802154946e-03,1.074399146863985743e-02
1.602679890112286261e-03,1.084968701518509646e-02
1.607984619419138830e-03,1.093124860895926601e-02
1.611946381643536820e-03,1.105604856716009207e-02
1.635649303780872506e-03,1.117072307754478876e-02
1.626725756887784525e-03,1.129698044271966115e-02
1.631650086052788490e-03,1.116087782709355124e-02
1.634607445253071336e-03,1.120015664157984064e-02
1.647186804043503788e-03,1.126229666847647880e-02
1.641809139120561142e-03,1.130773901131208216e-02
1.644527756889809737e-03,1.134169097443625020e-02
1.649177456651957719e-03,1.141701224070555340e-02
1.664541839957557785e-03,1.145387949467518637e-02
1.662495659421372269e-03,1.154533439514471294e-02
1.670079572163449310e-03,1.155057996761604637e-02
1.685826921821916621e-03,1.163206956877564646e-02
1.687050023029075009e-03,1.159740806635966952e-02
1.705661011118129664e-03,1.164835250729346315e-02
1.713139902346379282e-03,1.171119768142350574e-02
1.740182346917548565e-03,1.169412108056250808e-02
1.734429943830381043e-03,1.170615221356973053e-02
1.738895884011456769e-03,1.174032217397670032e-02
1.742039192871136077e-03,1.169542091066562255e-02
1.746005152857947997e-03,1.166702208350428940e-02
1.750568670089982506e-03,1.157630990544523779e-02
1.744203014106152387e-03,1.143058214234811583e-02
1.744108821416846724e-03,1.142888099234393683e-02
1.757501223453232769e-03,1.141530427562192397e-02
1.753685577035121127e-03,1.133025075839043730e-02
1.759593754544463854e-03,1.133918666667293497e-02
1.779295570770223368e-03,1.126201346398762737e-02
1.777528918496817240e-03,1.118834756643910869e-02
1.785005035237628018e-03,1.101490492389908642e-02
1.807173487188489013e-03,1.105223601050345054e-02
1.801161222670363176e-03,1.101258330318639379e-02
1.808490279791456117e-03,1.089587830536811394e-02
1.829345761307120226e-03,1.091257822830286189e-02
1.819837550950753266e-03,1.082712385200494502e-02
1.824263927904779502e-03,1.070132809192085935e-02
1.827474145719359911e-03,1.070154500615716833e-02
1.829917316605611652e-03,1.060363619248657491e-02
1.833501927780281605e-03,1.051840725418771126e-02
1.837996109809266008e-03,1.027652299307624424e-02
1.849608077771520975e-03,1.027032387585206930e-02
1.846348874549874185e-03,1.019996658679188026e-02
1.852198464816782932e-03,1.012276265495194554e-02
1.865316264042892911e-03,1.012607684682700036e-02
1.863712382716995256e-03,1.010241763698652324e-02
1.871211111066621840e-03,1.005528285690601535e-02
1.872865422084381152e-03,1.000818204895548638e-02
1.883953631088551486e-03,9.953252786583315082e-03
1.882364204077891174e-03,9.938664218390137403e-03
1.891439028833794911e-03,9.897308439004794817e-03
1.895695221070534467e-03,9.912360778249395751e-03
1.910826078120528944e-03,9.906102896899948371e-03
1.905292949328713350e-03,9.881905094740186038e-03
1.907513362708238881e-03,9.862704892299890141e-03
1.921789638350328896e-03,9.836496420940235921e-03
1.927417404792801338e-03,9.819444395806134485e-03
1.946629529430356611e-03,9.803770323835751463e-03
1.949544086517099361e-03,9.793676651462383462e-03
1.961389957092924460e-03,9.764823617669287845e-03
1.978135862749746433e-03,9.818498491721949772e-03
1.972594347290374233e-03,9.829143565448308223e-03
1.978000986035535064e-03,9.807406633428751574e-03
1.989262672821150678e-03,9.848115062703327940e-03
1.984448408663251878e-03,9.976258995414715933e-03
1.986104835154157890e-03,1.008492713322206753e-02
1.987200282521529339e-03,1.017217839671984494e-02
1.992691082366074892e-03,1.050188877079433203e-02
1.988803810306028798e-03,1.042829596732384838e-02
1.990754533737834706e-03,1.061656328971862830e-02
1.992439300080909702e-03,1.074145336998258947e-02
1.996920591132548412e-03,1.127289551359535180e-02
2.000202613111871138e-03,1.118431198146737152e-02
2.007404855008602506e-03,1.127419127444997948e-02
2.008874754852784349e-03,1.145283158115524731e-02
2.023831716477567187e-03,1.152624561471577054e-02
2.050573638076122300e-03,1.162886720195258072e-02
2.057838231243237000e-03,1.176394265765704113e-02
2.063919181060652145e-03,1.174391802641706548e-02
2.072635058022205285e-03,1.175758262407282546e-02
2.073953758309570860e-03,1.183913341644652478e-02
2.084804594225751501e-03,1.185380500336916630e-02
2.066046979777081717e-03,1.186502689925772631e-02
2.065042737015743580e-03,1.186855672708577759e-02
2.063700400283433479e-03,1.186452597071432219e-02
2.055288157911527337e-03,1.185332818671543630e-02
2.050017467270873802e-03,1.179368445984758408e-02
2.046369329210977195e-03,1.176118814792452734e-02
2.046964406833264635e-03,1.164274370932306436e-02
2.065942649354890037e-03,1.163937530141096952e-02
2.100204610798027654e-03,1.166097657117577853e-02
2.106697662327926268e-03,1.159991162576487662e-02
2.110263186661086136e-03,1.166051258053539194e-02
2.119515385741538738e-03,1.174849866485360751e-02
2.109188865752616854e-03,1.185454029720064278e-02
2.086845061845977924e-03,1.187060111848383184e-02
2.081780902496975245e-03,1.186707946019713647e-02
2.085349099250960112e-03,1.187818264055492609e-02
2.087498090457690948e-03,1.183727408561478615e-02
2.094464770350420481e-03,1.187228683166397999e-02
2.097800586642294997e-03,1.185653548677902992e-02
2.106706669631733600e-03,1.186152096830667656e-02
2.121051490419527136e-03,1.188715434077589755e-02
2.126377899597144214e-03,1.198483004107889736e-02
2.143085322664751557e-03,1.202744952956062881e-02
2.137771044066420333e-03,1.246585741951163409e-02
2.146316282243574541e-03,1.249803746266786066e-02
2.147974637874251660e-03,1.257815850268863798e-02
2.142793883684803759e-03,1.273753143747013289e-02
2.143252318413812248e-03,1.283088278751682611e-02
2.144958863535869741e-03,1.298428478549842023e-02
2.143438011790463251e-03,1.315698699522640201e-02
2.144815599263994333e-03,1.320067551437703254e-02
2.149690779648364639e-03,1.331906914479205270e-02
2.160589276750654163e-03,1.355150561102799744e-02
2.179809246790909323e-03,1.349412873129441671e-02
2.177016506619094266e-03,1.362235941167909067e-02
2.174469813328671394e-03,1.375746585117660140e-02
2.175883956038719962e-03,1.416848281600343804e-02
2.178122892749912408e-03,1.410217244976832290e-02
2.184135973313853802e-03,1.416788057887780755e-02
2.180417522575362789e-03,1.425210532926975832e-02
2.175408659016761937e-03,1.429883409855827250e-02
2.169345038424497132e-03,1.429165663669284582e-02
2.165623579278948361e-03,1.426831891841506134e-02
2.163173904286052295e-03,1.418247567370781344e-02
2.156369258604104271e-03,1.407185388471366219e-02
2.148318384246593066e-03,1.400814447229060088e-02
2.141741236351663458e-03,1.395920134414217924e-02
2.150765064948279622e-03,1.392348745477746744e-02
2.156643319393911247e-03,1.383946667439036292e-02
2.174943567384418890e-03,1.390186286598067179e-02
2.184639342568725062e-03,1.388202382849069647e-02
2.223695200931392543e-03,1.391524381554020383e-02
2.208084676530717647e-03,1.397088609461254183e-02
2.200112902621713645e-03,1.401474612017287492e-02
2.183658835068870169e-03,1.401767087813022769e-02
2.177576664297159025e-03,1.405946933595698944e-02
2.186447800695436386e-03,1.414169144627402258e-02
2.188264436744155692e-03,1.431101119984302082e-02
2.190019838619022829e-03,1.434858399645804437e-02
2.192822313014522809e-03,1.441306120897808615e-02
2.200816469617797311e-03,1.460983362540553207e-02
2.203227974888364357e-03,1.486384891762947309e-02
2.210160633695603880e-03,1.479251683004134503e-02
2.210625961226573948e-03,1.485309857015510229e-02
2.210847531145385212e-03,1.500517709347212736e-02
2.202229588725646350e-03,1.503826072093204097e-02
2.203871985269970253e-03,1.524105396164790634e-02
2.213059167855952955e-03,1.540630344211000625e-02
2.215734161286547071e-03,1.551409838717674773e-02
2.219631216399128772e-03,1.574245901589572602e-02
2.224610303592537090e-03,1.567175456479428727e-02
2.227530395065440566e-03,1.573658230675528333e-02
2.230861583683303728e-03,1.584598744377856833e-02
2.231419603001491732e-03,1.592912634068753552e-02
2.229094509976172010e-03,1.622558535002426028e-02
2.222807640798756760e-03,1.614435230382565284e-02
2.223887818068062423e-03,1.614221518883866488e-02
2.228494052893590250e-03,1.628073406460158953e-02
2.239024281795403033e-03,1.632524813517778964e-02
2.240829812966171116e-03,1.647983015071400464e-02
2.234839272298642585e-03,1.654520274458152682e-02
2.234541168746243152e-03,1.651196171371587668e-02
2.227085077054576003e-03,1.668642701460146260e-02
2.235155461384144386e-03,1.666560296046312381e-02
2.238929861258561610e-03,1.668703916159455444e-02
2.251746609573495195e-03,1.680011696616165451e-02
2.251985787771558240e-03,1.688813651995206902e-02
2.256622937740022580e-03,1.696186789562443079e-02
2.265439132581995897e-03,1.701465787033482752e-02
2.276215832028522304e-03,1.708533049038438861e-02
2.277184999136043237e-03,1.706093789455365509e-02
2.250541802527294619e-03,1.704325247986326550e-02
2.253167183746351832e-03,1.712084096162182212e-02
2.258666729080060099e-03,1.713659629557890210e-02
2.251137337132690097e-03,1.715257152279742875e-02
2.235741880369354097e-03,1.718364291430376709e-02
2.222545871215563483e-03,1.716323457735506944e-02
2.216625991894978324e-03,1.722304980127420046e-02
2.231417673811487805e-03,1.724924386850861663e-02
2.256981758445081396e-03,1.724331497488452644e-02
2.278326928505846217e-03,1.726712211840338365e-02
2.294952769914972331e-03,1.726706799730891306e-02
2.296553942260816470e-03,1.729186558258410250e-02
2.297829324694825211e-03,1.729523199228293756e-02
2.302694240620125048e-03,1.730315601569690220e-02
2.291172373523454094e-03,1.731286457578294982e-02
2.301685670863960666e-03,1.731810381829420112e-02
2.298495044782007321e-03,1.737683196526217111e-02
2.291751035712633229e-03,1.736163856296886465e-02
2.291741977491868615e-03,1.735509558170607661e-02
2.283388832851319505e-03,1.740412395502723142e-02
2.260930464789379264e-03,1.747662653010162437e-02
2.266246788599317330e-03,1.743669617193835744e-02
2.301041926860376841e-03,1.746071932957252507e-02
2.303328420915012800e-03,1.746985567433562841e-02
2.300315779980916919e-03,1.751035527165717420e-02
2.267777464905312065e-03,1.748952674762397491e-02
2.278145222405112639e-03,1.751088010580819504e-02
2.291510335628093534e-03,1.757084817429298285e-02
2.294756862142127447e-03,1.770898364458276322e-02
2.302834427714545336e-03,1.777198089296370270e-02
2.314141958143110019e-03,1.767225388565868763e-02
2.328931301875761164e-03,1.775661854890753580e-02
2.326061679644774415e-03,1.771771697938183399e-02
2.328941369822376886e-03,1.763950835003903761e-02
2.334929467926396326e-03,1.760021182255403979e-02
2.307435584980360201e-03,1.756095979504991925e-02
2.303152329384715834e-03,1.737938187694909598e-02
2.290774129712996616e-03,1.736215683457471848e-02
2.285214922775456563e-03,1.738357641023667924e-02
2.284548993075348044e-03,1.728859765292354786e-02
2.284102588142434588e-03,1.723744746633700670e-02
2.339262661943532478e-03,1.712841024394774758e-02
2.348974725160159118e-03,1.711162140069996326e-02
2.332193949011205757e-03,1.700137784489600540e-02
2.331863279865014835e-03,1.687215251789646320e-02
2.329890657378553762e-03,1.682865873102516036e-02
2.324306468736193031e-03,1.669057631635382372e-02
2.311342303402126423e-03,1.658915652983507585e-02
2.308144383351278927e-03,1.644285812401179159e-02
2.313216764673959452e-03,1.648468613316200065e-02
2.302934485124115329e-03,1.640407355700297665e-02
2.306284134578449972e-03,1.634679538833621118e-02
2.314810157426975146e-03,1.631791479979835882e-02
2.314801560005522868e-03,1.624985489787605930e-02
2.327170282062902048e-03,1.619333573456840578e-02
2.335414266381949985e-03,1.616811994086731624e-02
2.343570992983765641e-03,1.615170918024818117e-02
2.365417212714355545e-03,1.624978433637088576e-02
2.355553655003179113e-03,1.630100449491567183e-02
2.340818513610504106e-03,1.644155047064137926e-02
2.340976129114946853e-03,1.643441969059157917e-02
2.338835772236781078e-03,1.636089489509149134e-02
2.330242756651503336e-03,1.626561492633592926e-02
2.314256086965392565e-03,1.614477627157080014e-02
2.308568345939110249e-03,1.603865122156817452e-02
2.315752977013908493e-03,1.602922323935561388e-02
2.316663431190535589e-03,1.611523225211621696e-02
2.321646063122941896e-03,1.609918893249850935e-02
2.335972343174504400e-03,1.608359823411263309e-02
2.347712319060959573e-03,1.604561010046654315e-02
2.343782981541031162e-03,1.582766056384664333e-02
2.364422334032203511e-03,1.585209102574829804e-02
2.358575273765023579e-03,1.575556406352994834e-02
2.367406222540107720e-03,1.571433459725703544e-02
2.371706695311582083e-03,1.564067496861257581e-02
2.375798586306148309e-03,1.539472764180613990e-02
2.388128002927722947e-03,1.545817815493015501e-02
2.383210421982214118e-03,1.540697465601278265e-02
2.362914981225782730e-03,1.532446967407899603e-02
2.364049274224456088e-03,1.523222062680206976e-02
2.361670791275341866e-03,1.518001145997963271e-02
2.352542586705900877e-03,1.504605777231049490e-02
2.352347706207732342e-03,1.501301515375160628e-02
2.352296951543654882e-03,1.489565856117051369e-02
2.358447356242874236e-03,1.487143155581257745e-02
2.362509489762363527e-03,1.481258368635406109e-02
2.365734871473932927e-03,1.473876862510568354e-02
2.379148776234205585e-03,1.450153260630367147e-02
2.381471278837465726e-03,1.453735357631974826e-02
2.392820155348353468e-03,1.449199240974278526e-02
2.396374880214945362e-03,1.434199021076695314e-02
2.391983467293236094e-03,1.439852310450578238e-02
2.389911809585731992e-03,1.409983003908163793e-02
2.373252362947011595e-03,1.415933952807583995e-02
2.349102825579733531e-03,1.406555789341489004e-02
2.339957853892278214e-03,1.394164272126373685e-02
2.331948770273723198e-03,1.388086394681111065e-02
2.332233700938497311e-03,1.374206174573242012e-02
2.343776274818662290e-03,1.357656634558036639e-02
2.361485944971308207e-03,1.356364120241396708e-02
2.407717877710161252e-03,1.355910005230277944e-02
2.427162308979480525e-03,1.348342115694852426e-02
2.409778030920970652e-03,1.350551730583627978e-02
2.386708739579167845e-03,1.343358216565656953e-02
2.379787776122555942e-03,1.331305659986972527e-02
2.384472286716838099e-03,1.326040147828286102e-02
2.389198719550825536e-03,1.316603429632761703e-02
2.390311206808467051e-03,1.321407957500772556e-02
2.433863231222112289e-03,1.317813229419144590e-02
2.498596495788344904e-03,1.312307956257662174e-02
2.548391257954946143e-03,1.314641902559036436e-02
2.515749831194055708e-03,1.314487382069182836e-02
2.527173815821649999e-03,1.311660045455904922e-02
2.530495594846034636e-03,1.308280858746282450e-02
2.518635828188925396e-03,1.310167363721732176e-02
2.516252910792954149e-03,1.315977909807192724e-02
2.523794662217505869e-03,1.316870340035459185e-02
2.538316255733850425e-03,1.320640133666474425e-02
2.539318398229566988e-03,1.322906716174796285e-02
2.536911144687389874e-03,1.327631162813166024e-02
2.530087045740471181e-03,1.339048533590401005e-02
2.518788621401178013e-03,1.341446670526418895e-02
2.513117454040641498e-03,1.346438175588266298e-02
2.499390786145126633e-03,1.357658789259436928e-02
2.461082954860191636e-03,1.352543500659133743e-02
2.451259928853802804e-03,1.354656926417025474e-02
2.437066732817139755e-03,1.363462769782694019e-02
2.419683487021920786e-03,1.361597938330899593e-02
2.433067097763195238e-03,1.377152691355790042e-02
2.419991477398379751e-03,1.374566093379248760e-02
2.387728203469117409e-03,1.374592968672074325e-02
2.384289285045048268e-03,1.375648425464183651e-02
2.372969637266233653e-03,1.372053268623681446e-02
2.345570714226352486e-03,1.372386975592513984e-02
2.349307833230823445e-03,1.371892196304515948e-02
2.332085199772194681e-03,1.368790714945608902e-02
2.340092635831121474e-03,1.367317426958834792e-02
2.311873090551173644e-03,1.363583171174445954e-02
2.362847231507716594e-03,1.364120889779602865e-02
2.400179750526787101e-03,1.358363940936608595e-02
2.414794913615331013e-03,1.356225475720339996e-02
2.483437680119877315e-03,1.356842062989701767e-02
2.503958111495466644e-03,1.351568421590598756e-02
2.569876122793289443e-03,1.347500498669176351e-02
2.682845339630863905e-03,1.345461558368009694e-02
2.747882997487864111e-03,1.337822929356925240e-02
2.716749742673922868e-03,1.321346588300081025e-02
2.712937507281553470e-03,1.326649674305417810e-02
2.722285921734241519e-03,1.323025024391846077e-02
2.710478712963369438e-03,1.320507827843541045e-02
2.678173297761750858e-03,1.312502029268962193e-02
2.715788127811772246e-03,1.317129169364522623e-02
2.763240034738617072e-03,1.312769791336077137e-02
2.795682077552263511e-03,1.315240242668962341e-02
2.782866395711248650e-03,1.314305465687924321e-02
2.751170831933242612e-03,1.309165884964693348e-02
2.716243066049797705e-03,1.309695217086100615e-02
2.679372055413522039e-03,1.308595890457592628e-02
2.622506286878139876e-03,1.308627714550505972e-02
2.633834435509104736e-03,1.312251484996332027e-02
2.647164493950671625e-03,1.317627629003895705e-02
2.670152576184122838e-03,1.321153169840503204e-02
2.721614953126947397e-03,1.325524561847298347e-02
2.878461049757916664e-03,1.352068377200760750e-02
2.878378827952133082e-03,1.355154939974318948e-02
2.862850721021153923e-03,1.366403279653333365e-02
2.899950990414733396e-03,1.384943209447565306e-02
2.927233661460056004e-03,1.400736918401015302e-02
2.934074434246192881e-03,1.415401113842007161e-02
2.944267171354655269e-03,1.429601726348625132e-02
2.954635077869384278e-03,1.428745682886414618e-02
2.931063736453236312e-03,1.436822489333406359e-02
2.933387057123132587e-03,1.456050668252158523e-02
2.920941177133138701e-03,1.444529205108817035e-02
2.932313460829131992e-03,1.449100668991307878e-02
2.974468595523882888e-03,1.452983930313521584e-02
2.979010949202657698e-03,1.459025847200543131e-02
2.991024610158390506e-03,1.456328706984108545e-02
3.023068495656518282e-03,1.460701340509696321e-02
3.024640317402886840e-03,1.467579107723294800e-02
3.032092114862425247e-03,1.474875037086391394e-02
3.014429697767074482e-03,1.461093449916951899e-02
3.022022562083068967e-03,1.453936487733921597e-02
3.066176438129030769e-03,1.459621656763870554e-02
3.078111012419311367e-03,1.460325005602775700e-02
3.086175419541223406e-03,1.446852066479502666e-02
3.111445295269236154e-03,1.449723851936139674e-02
3.170139297307956235e-03,1.452052886034476895e-02
3.172719228873030397e-03,1.452837458908570918e-02
3.125131908571683343e-03,1.459714457309970945e-02
3.136934252740034706e-03,1.460908323500633224e-02
3.142027619536971565e-03,1.461276208248942290e-02
3.147741123393059566e-03,1.465234952944959555e-02
3.154986228125231627e-03,1.463297334363561006e-02
3.156542085314646001e-03,1.461758662740485389e-02
3.159364857504367435e-03,1.459996061172880513e-02
3.160927813741381577e-03,1.453971547270126521e-02
3.161154689974594607e-03,1.452538206911042212e-02
3.161060901066851600e-03,1.442864931064571921e-02
3.160180357757978904e-03,1.438624786979438540e-02
3.160994151100017784e-03,1.417012247982111194e-02
3.165996477287661565e-03,1.415748922221934936e-02
3.149004539165251026e-03,1.411815293903361836e-02
3.071260867714298987e-03,1.409202403127622627e-02
3.073703690145076616e-03,1.410271379678168686e-02
3.068959827109880162e-03,1.410330251442077493e-02
3.077202117317525288e-03,1.410085941820868674e-02
3.076296410004347379e-03,1.412481568986916416e-02
3.026299401832260698e-03,1.419919121715521905e-02
3.016572932683586530e-03,1.417485981160713886e-02
3.005887530897666162e-03,1.415412478074545670e-02
2.970832656824151131e-03,1.423354500468506506e-02
2.944334567047918010e-03,1.423961595460073240e-02
2.894087879912353965e-03,1.424598803791314768e-02
2.881393391595609126e-03,1.418078852069043494e-02
2.872196660803183477e-03,1.418931340864503649e-02
2.858902444000952295e-03,1.423197447806200458e-02
2.821622824127945767e-03,1.425509025261357567e-02
2.826701905689106217e-03,1.428160571645606912e-02
2.824967614452325668e-03,1.432150395815234671e-02
2.814168378709411191e-03,1.440803128815113486e-02
2.804949140280664412e-03,1.440125633365792711e-02
2.802712980752996783e-03,1.441542811021853318e-02
2.786872298075507553e-03,1.447115834212340732e-02
2.781347103462582238e-03,1.447951446040530998e-02
2.772388126421056111e-03,1.448355207338179740e-02
2.768924800904006608e-03,1.447698909412846804e-02
2.770104611361279539e-03,1.449438733207175471e-02
2.701278852383727502e-03,1.448865619964370341e-02
2.717867776598787127e-03,1.444948732539157871e-02
2.730092024159908384e-03,1.448905198741027960e-02
2.692134172466484343e-03,1.450461354479371141e-02
2.704123667387396766e-03,1.450924879226177765e-02
2.729586693609243383e-03,1.451055055568929546e-02
2.723661325906414320e-03,1.449946111329542334e-02
2.705652494148465866e-03,1.449428380954244366e-02
2.656751935618726756e-03,1.446840637124756183e-02
2.657070452645730885e-03,1.444087656120190619e-02
2.665205774333431494e-03,1.441729229207299942e-02
2.656465444641377752e-03,1.437973923745331298e-02
2.610337418993722864e-03,1.439624333840708661e-02
2.644260971570641054e-03,1.437583904495051169e-02
2.622801761154803374e-03,1.434101226103824157e-02
2.613445310023415624e-03,1.430691920996903128e-02
2.598662407275964103e-03,1.424486916502311178e-02
2.592913011102406396e-03,1.417933986542057115e-02
2.553280252392980867e-03,1.414753195630145260e-02
2.554285089044597539e-03,1.407264974765692032e-02
2.532497244809047473e-03,1.396335861059431679e-02
2.486449186425247586e-03,1.397943953440583531e-02
2.499892500086253310e-03,1.395254114344652609e-02
2.492026245076179453e-03,1.389983890516833381e-02
2.426170658674606673e-03,1.387116469099827429e-02
2.419064966827430465e-03,1.383307770988680130e-02
2.423560071722571842e-03,1.377840296947798263e-02
2.407518360060199088e-03,1.373268264890289622e-02
2.385159775105360515e-03,1.362870188491830184e-02
2.291985162723119123e-03,1.366572842770473820e-02
2.312244028664550959e-03,1.364682432257009227e-02
2.340292396472006594e-03,1.354369496587043246e-02
2.278739322936005306e-03,1.355228120175321939e-02
2.242035830506498070e-03,1.346609663491265922e-02
2.181042898366845981e-03,1.355897568927516214e-02
2.065108241703847436e-03,1.356486229635711464e-02
2.081242989073184974e-03,1.354489339907334437e-02
2.115282454722233405e-03,1.354078875429579575e-02
1.984538891030845128e-03,1.355434306525805585e-02
2.006995405240405601e-03,1.358689340540446787e-02
1.960107635962054281e-03,1.370953148274326600e-02
1.924820858560830333e-03,1.378695957732389669e-02
1.897051829128471468e-03,1.382592117766182592e-02
1.831542358423992982e-03,1.375708014695700178e-02
1.713591356593880712e-03,1.383967236957118173e-02
1.787759433708493041e-03,1.388676942917384770e-02
1.782409924240728645e-03,1.415893743077202387e-02
1.801712330850948219e-03,1.418583194746838097e-02
1.744196320359213273e-03,1.416510682668509040e-02
1.637022516641815180e-03,1.411929485268809299e-02
1.616970204122220988e-03,1.422123899072625687e-02
1.588787103061782557e-03,1.430677988128362804e-02
1.487556061761331847e-03,1.437669996093390509e-02
1.558063837406448160e-03,1.443193992428341670e-02
1.529733281139377104e-03,1.447725346892616075e-02
1.477487782506533729e-03,1.444712958000168856e-02
1.486418866233800385e-03,1.445168746963360583e-02
1.469418044146510996e-03,1.447936402740545442e-02
1.456579115601760099e-03,1.436267298150023866e-02
1.418922151544349313e-03,1.425299279643123251e-02
1.419812273997907376e-03,1.415407877901398749e-02
1.424782772296886470e-03,1.413810436409427759e-02
1.392429799153437368e-03,1.410761426970652717e-02
1.371869638302281860e-03,1.406038284276021726e-02
1.355205062790398483e-03,1.396288978567442225e-02
1.333340642538432749e-03,1.392401474073456588e-02
1.337733280777492857e-03,1.388583651168603418e-02
1.298428767108320133e-03,1.383253001717043261e-02
1.264461722978946819e-03,1.380714592953443016e-02
1.252179196564902992e-03,1.378446012415774843e-02
1.229470630071473813e-03,1.374760742947401734e-02
1.242108625556528900e-03,1.363485527125535453e-02
1.211321446125835505e-03,1.360004919862906753e-02
1.208299108579199152e-03,1.349353265206569563e-02
1.169436866552582988e-03,1.345386493628232885e-02
1.145821326179436534e-03,1.343675007382452019e-02
1.128910551765514685e-03,1.329567311227660038e-02
1.120136634829452336e-03,1.312726232289686094e-02
1.078952008512892857e-03,1.308743014499208490e-02
1.117094621250177720e-03,1.308942180329827204e-02
1.094638852750010353e-03,1.308534366520470137e-02
1.060262847091356228e-03,1.301345571343083540e-02
1.028359223205044248e-03,1.317523495051890238e-02
9.068639610464159992e-04,1.320543737405274927e-02
8.992104347994631488e-04,1.326582775673011867e-02
8.317065096733206736e-04,1.337834522135292886e-02
