# loss_dp, loss_pinn
5.038351168194198371e-01,2.040698718009178667e-03
5.038226692384484284e-01,2.032672005381276278e-03
5.038208865854556517e-01,2.029872794256598698e-03
5.038208863169052476e-01,2.029872776895777151e-03
5.038208847745486718e-01,2.029872660111787554e-03
5.038208799706020979e-01,2.029870502601695097e-03
5.038208711801217543e-01,2.029857304510054687e-03
5.038208551184852890e-01,2.029852041390162957e-03
5.038208463094978606e-01,1.800690374951572584e-03
5.038208086907125516e-01,1.724954895015367922e-03
5.038207271231128770e-01,1.663699788409342406e-03
5.038207020494945843e-01,9.326493816695101456e-04
5.038204829735302148e-01,8.292173536660146999e-04
5.038198203831658617e-01,6.253832513243001018e-04
5.014625115646934583e-01,6.169797301182809680e-04
5.014624513757846014e-01,6.122652204032148510e-04
5.009056962354232478e-01,6.042005629294580887e-04
5.008140865797259256e-01,6.021832919155633949e-04
5.007359763850544043e-01,5.976556917189185768e-04
5.007333443042749632e-01,5.787762911485292523e-04
5.007327955986777823e-01,5.380939786807671914e-04
5.007289953389777448e-01,4.981476457986912156e-04
5.007194642568081333e-01,4.293934620252848658e-04
5.007085613288277948e-01,4.285764790873355695e-04
5.007027319779676633e-01,3.112215937489449559e-04
5.006970789457126925e-01,3.031378692501720401e-04
5.006437250580960674e-01,1.607602777511094917e-04
5.006244237350552240e-01,1.061370242240322484e-04
5.006099109139694470e-01,1.046162954645408030e-04
5.005883961395122261e-01,1.010148809743836862e-04
5.005688847683740228e-01,9.829090179561010608e-05
5.005471203507200206e-01,8.963171622412610521e-05
5.004675822510328276e-01,7.902908286499377545e-05
5.002801404090635451e-01,6.671816263497151029e-05
5.002209507361479179e-01,5.885768810108936845e-05
5.000919500559887210e-01,5.608287825155453942e-05
5.000457288213472351e-01,5.505275902370238440e-05
5.000288616380036411e-01,5.332109846924066194e-05
5.000255991657505117e-01,5.148598797461710109e-05
5.000237875487094641e-01,4.905859955679015759e-05
5.000177601695834362e-01,4.552604998092093619e-05
5.000112576863706693e-01,4.471293548144278601e-05
5.000059824992343360e-01,4.435525810262514693e-05
5.000057403440199000e-01,4.412046578353240144e-05
5.000056471558932403e-01,4.399308794401019163e-05
5.000056438104342194e-01,4.390534936162243646e-05
5.000056319199159827e-01,4.376283777958980728e-05
5.000054203306503187e-01,4.345924122895805165e-05
5.000052333043121244e-01,4.270359554286029394e-05
5.000050577640304805e-01,4.026654040912179333e-05
5.000049568662046084e-01,3.658408287629840827e-05
5.000049163724202828e-01,3.226377611903536493e-05
5.000048749576730955e-01,2.898462294280747129e-05
5.000048596465904716e-01,2.157032528262531020e-05
5.000048422814401539e-01,1.865714269470448294e-05
5.000048253455965375e-01,1.302933756304322400e-05
5.000048219506084690e-01,1.180569941053873972e-05
5.000048139478333598e-01,9.814974559833719900e-06
5.000047627726768029e-01,8.062489479694799895e-06
5.000046532505906249e-01,4.891140934900912821e-06
5.000046170979519644e-01,3.845282185281779398e-06
5.000045499952020522e-01,2.701120030115228125e-06
5.000045145823802661e-01,2.078851951837863385e-06
5.000044873918541022e-01,1.832005834961497995e-06
5.000044613715011188e-01,1.414969129463354485e-06
5.000044160707978191e-01,1.238013117098062788e-06
5.000043389130657268e-01,1.093880808454005072e-06
5.000041849766528879e-01,1.055629618556999100e-06
5.000040133283278898e-01,1.030353593310928241e-06
5.000038840925893346e-01,1.013114514942493150e-06
5.000038643375563918e-01,9.897256773891969196e-07
5.000037684373761504e-01,9.497009457712719125e-07
5.000036646823070585e-01,8.677592859653924442e-07
5.000035226539774058e-01,7.497101729735837424e-07
5.000034629575975664e-01,6.291744000962968876e-07
5.000034158488859681e-01,6.086748031888632168e-07
5.000033473655273175e-01,6.074609349126466220e-07
5.000032306124140291e-01,6.053903606207957730e-07
5.000031403686500120e-01,5.943713187644178115e-07
5.000031054159079780e-01,5.580674446315152204e-07
5.000030656806838669e-01,5.379468558760742093e-07
5.000029735624367255e-01,5.240879513883161221e-07
5.000026988878689682e-01,5.195538553416073006e-07
5.000019994664410827e-01,5.139525114800220112e-07
5.000017290467489994e-01,5.078392545987519405e-07
5.000016757119802868e-01,4.869054171447753035e-07
5.000015977471035100e-01,4.618758987013848908e-07
5.000014886925396862e-01,4.001050141731497004e-07
5.000013715773562462e-01,3.633723054118678657e-07
5.000013211773082222e-01,2.818832700021017372e-07
5.000011306372240671e-01,2.083346034812657588e-07
5.000010386408907381e-01,2.005558903471030745e-07
5.000009932105722310e-01,1.951272346017557632e-07
5.000009499470609020e-01,1.923097755375124810e-07
5.000009039947490574e-01,1.905194556168100503e-07
5.000008800209430060e-01,1.878033376569968265e-07
5.000008544621155071e-01,1.867120955323200379e-07
5.000008406574463216e-01,1.859230219862194261e-07
5.000008328853727813e-01,1.853155312269240533e-07
5.000008260190523801e-01,1.848537228993683266e-07
5.000008158144970682e-01,1.844967866474092306e-07
5.000007992477840668e-01,1.839675881813026752e-07
5.000007796087618805e-01,1.832314766151751092e-07
5.000007490412257116e-01,1.815284125667166263e-07
5.000007401317820843e-01,1.782703688404035172e-07
5.000007020075785125e-01,1.727557285447001882e-07
5.000006591180461424e-01,1.636315672147400145e-07
5.000006330005821731e-01,1.503910361123778047e-07
5.000006029528967222e-01,1.458500886331655196e-07
5.000005877968115575e-01,1.415286026811596053e-07
5.000005656433075263e-01,1.375975178694889096e-07
5.000005527828624841e-01,1.346489141551035474e-07
5.000005431114724619e-01,1.325954523784005630e-07
5.000005410605474765e-01,1.315953318475166736e-07
5.000005383192307473e-01,1.274796941137556272e-07
5.000004968088062052e-01,1.244990482609249234e-07
5.000004791557191020e-01,1.216161914740589030e-07
5.000003894986174702e-01,1.198836694156275334e-07
5.000003477303095467e-01,1.184750015390843361e-07
5.000003184811365742e-01,1.170673564427209668e-07
5.000002572035535664e-01,1.163023306722996430e-07
5.000002283059152841e-01,1.160612051214636365e-07
5.000002086758199571e-01,1.159702853926579652e-07
5.000001926489783255e-01,1.159264557232346728e-07
5.000001696804413642e-01,1.159036775460868491e-07
5.000001464311248922e-01,1.158831330660158674e-07
5.000000990074534579e-01,1.158622038294571896e-07
5.000000777757031001e-01,1.158336483471576946e-07
5.000000650069222896e-01,1.157975601253729805e-07
5.000000605355088279e-01,1.157224254350923720e-07
5.000000512886917381e-01,1.155695996348811278e-07
5.000000453186679295e-01,1.152512802413509879e-07
5.000000366779668859e-01,1.147274036533929950e-07
5.000000283548066138e-01,1.138650414239200690e-07
5.000000239617955478e-01,1.128840504972369700e-07
5.000000219764436649e-01,1.125829049246816674e-07
5.000000197718592609e-01,1.123270192676398326e-07
5.000000159974342662e-01,1.120904924880472861e-07
5.000000078457661479e-01,1.120087646704868212e-07
5.000000043502861313e-01,1.119367547710160807e-07
5.000000010455100119e-01,1.118728656267416594e-07
4.999999963159464933e-01,1.118113450818540234e-07
4.999999941031780804e-01,1.117825285457890388e-07
4.999999900939516295e-01,1.117739364275735348e-07
4.999999880589250933e-01,1.117610193647936316e-07
4.999999863859446725e-01,1.117112837647426321e-07
4.999999842662423699e-01,1.112915140344248604e-07
4.999999814402302234e-01,1.091485238680874172e-07
4.999999804318402963e-01,1.065375670372438684e-07
4.999999775661971291e-01,1.053468423648482515e-07
4.999999751772568057e-01,1.038747788055881652e-07
4.999999740300450357e-01,1.027688349040873713e-07
4.999999727480518574e-01,1.023416792598510646e-07
4.999999723025156939e-01,1.020408143436475737e-07
4.999999715133079947e-01,1.018086609502233377e-07
4.999999690762169657e-01,1.016291369643103697e-07
4.999999687061943976e-01,1.014474802214725558e-07
4.999999680170297278e-01,1.013968308690817675e-07
4.999999669964686477e-01,1.013762546701665144e-07
4.999999659456219048e-01,1.013672177261043464e-07
4.999999646935100461e-01,1.013512664431516941e-07
4.999999640738936879e-01,1.013279784275407590e-07
4.999999637439327960e-01,1.013100014802503191e-07
4.999999633687617351e-01,1.013049369918008560e-07
4.999999631435246283e-01,1.013038764862836849e-07
4.999999627473904473e-01,1.013037354815717512e-07
4.999999623226238921e-01,1.013033804901461029e-07
4.999999614390734370e-01,1.013007345640142285e-07
4.999999609166224102e-01,1.012859588336030854e-07
4.999999605741104469e-01,1.011930557784771438e-07
4.999999598444401783e-01,1.009848369515974189e-07
4.999999591619307404e-01,1.006722374307076668e-07
4.999999587853114491e-01,1.005126044852280261e-07
4.999999578771435194e-01,1.002231064860719058e-07
4.999999575592656287e-01,9.997487449834376099e-08
4.999999570813756788e-01,9.967430622982850151e-08
4.999999563978656525e-01,9.952010118087478314e-08
4.999999555766231341e-01,9.936312663811606416e-08
4.999999550245993740e-01,9.917472349580229252e-08
4.999999548828674145e-01,9.887334925773698191e-08
4.999999541807783610e-01,9.872171095999430240e-08
4.999999541144345416e-01,9.842044070589021786e-08
4.999999538640098606e-01,9.818426355441600766e-08
4.999999537697861762e-01,9.794889512537784539e-08
4.999999536669718081e-01,9.776840885267559296e-08
4.999999535363115477e-01,9.753636524886352876e-08
4.999999534050594274e-01,9.738854411054364909e-08
4.999999533639687965e-01,9.728888710655285923e-08
4.999999532418132886e-01,9.711747878072139360e-08
4.999999529620334782e-01,9.690597667017600154e-08
4.999999527255874487e-01,9.675038179609197071e-08
4.999999522689494436e-01,9.664524431530413798e-08
4.999999515927461835e-01,9.658532681108320699e-08
4.999999500473474301e-01,9.648136413257623278e-08
4.999999473131735428e-01,9.644158834997977171e-08
4.999999462310448783e-01,9.643281155853358164e-08
4.999999446430049566e-01,9.639953099231204675e-08
4.999999429589142008e-01,9.637739555749161554e-08
4.999999391611774646e-01,9.635999858497240482e-08
4.999999376510838589e-01,9.631859263885476740e-08
4.999999360884449517e-01,9.626056930340586740e-08
4.999999342123897517e-01,9.617594569860638394e-08
4.999999332136496055e-01,9.614789008308214622e-08
4.999999325012570717e-01,9.607998161587409045e-08
4.999999315364137553e-01,9.605216991543077473e-08
4.999999300996330609e-01,9.604782692591277629e-08
4.999999285343955657e-01,9.604299031892722619e-08
4.999999272354849755e-01,9.603526238899549711e-08
4.999999269516149925e-01,9.603146304857835212e-08
4.999999267633842281e-01,9.602388757936403807e-08
4.999999264488808048e-01,9.601050680645864628e-08
4.999999263667706528e-01,9.599215664375914862e-08
4.999999263184238263e-01,9.598049003706156318e-08
4.999999262929710198e-01,9.597234331269255640e-08
4.999999262846659409e-01,9.596819705691928004e-08
4.999999262829050717e-01,9.596717670173542169e-08
4.999999262815576495e-01,9.596699209394225275e-08
4.999999262776722020e-01,9.596675353394898209e-08
4.999999262755103202e-01,9.596624107106255827e-08
4.999999262744683204e-01,9.596575806953863504e-08
4.999999262744360129e-01,9.596545506780361976e-08
4.999999262744145856e-01,9.596529791128786550e-08
4.999999262741415818e-01,9.596518899395793869e-08
4.999999262726575466e-01,9.596511633205264826e-08
4.999999262646945830e-01,9.596464319033846903e-08
4.999999262060687011e-01,9.596328787653987525e-08
4.999999261750329715e-01,9.595982412564648890e-08
4.999999261399736827e-01,9.595061908864319340e-08
4.999999260959494540e-01,9.592711933866058477e-08
4.999999260617262187e-01,9.589957429663001994e-08
4.999999259964671983e-01,9.584110502312684639e-08
4.999999259579546718e-01,9.572854000117635213e-08
4.999999259214742420e-01,9.569848762311833918e-08
4.999999258856057116e-01,9.567010956414201583e-08
4.999999258672734315e-01,9.565466317126884468e-08
4.999999258284708592e-01,9.562181922454345742e-08
4.999999258034905081e-01,9.558317013549269810e-08
4.999999257684805132e-01,9.552548467413504566e-08
4.999999257423793919e-01,9.551326807238796086e-08
4.999999257107513584e-01,9.548860729351828336e-08
4.999999256811928916e-01,9.545563196763070845e-08
4.999999256359419775e-01,9.543485589739393702e-08
4.999999256211445364e-01,9.539768054862003269e-08
4.999999256004693526e-01,9.538257498066429720e-08
4.999999255826091393e-01,9.535847857873842383e-08
4.999999255779000173e-01,9.533362051686238616e-08
4.999999255679174470e-01,9.531931363297205660e-08
4.999999255607019411e-01,9.529818967392095406e-08
4.999999255467948434e-01,9.528061649940775507e-08
4.999999255016033817e-01,9.526681542190214060e-08
4.999999254902291468e-01,9.525788840174714034e-08
4.999999254851495989e-01,9.524021909946016856e-08
4.999999254798324078e-01,9.523223437146351027e-08
4.999999254748055399e-01,9.522277559757868321e-08
4.999999254688192174e-01,9.520946410516474349e-08
4.999999254618940348e-01,9.520235172418382532e-08
4.999999254570325347e-01,9.519321140755054635e-08
4.999999254533469828e-01,9.518662840455695581e-08
4.999999254484845945e-01,9.517623876921421174e-08
4.999999254402478499e-01,9.517067466219972491e-08
4.999999254350498412e-01,9.516553712862132565e-08
4.999999254167758478e-01,9.515663144247698307e-08
4.999999254117221681e-01,9.514729045369503138e-08
4.999999253970456858e-01,9.514222754671389081e-08
4.999999253859194748e-01,9.513738853296020258e-08
4.999999253640204366e-01,9.512940181222573283e-08
4.999999253591854709e-01,9.512097450310393441e-08
4.999999253589758608e-01,9.511383154205419135e-08
4.999999253542485311e-01,9.510970740309532179e-08
4.999999253513520703e-01,9.510666124936835954e-08
4.999999253502127594e-01,9.510410435183421526e-08
4.999999253496364982e-01,9.510259165560225708e-08
4.999999253492506401e-01,9.510179257346373849e-08
4.999999253483412565e-01,9.510044003515365985e-08
4.999999253474552430e-01,9.509913155274452721e-08
4.999999253443748737e-01,9.509867692451556342e-08
4.999999253394641352e-01,9.509842954340439538e-08
4.999999253327834237e-01,9.509808236320472540e-08
4.999999253278327727e-01,9.509692901399511677e-08
4.999999253244954978e-01,9.509511761178837255e-08
4.999999253219165052e-01,9.509271984373541126e-08
4.999999253208557981e-01,9.508985283651854757e-08
4.999999253202360716e-01,9.508494986286251840e-08
4.999999253191819149e-01,9.508057736010246896e-08
4.999999253165254287e-01,9.507784304484601284e-08
4.999999253149961520e-01,9.507591013063303582e-08
4.999999253118190268e-01,9.507402321807924558e-08
4.999999253109740915e-01,9.507303799609035988e-08
4.999999253096917284e-01,9.507246828578633184e-08
4.999999253082422768e-01,9.507198891480614653e-08
4.999999253059828619e-01,9.507176324275205228e-08
4.999999253056488513e-01,9.507166676859708620e-08
4.999999253049292602e-01,9.507163122000212138e-08
4.999999253042886060e-01,9.507160893602375074e-08
4.999999253038630020e-01,9.507159277009221473e-08
4.999999253035843361e-01,9.507156931752690097e-08
4.999999253029835389e-01,9.507154850230482554e-08
4.999999253022468504e-01,9.507150861373320138e-08
4.999999253017902157e-01,9.507143703130827179e-08
4.999999253013903688e-01,9.507126690939309129e-08
4.999999253012373801e-01,9.507084985741436796e-08
4.999999253009868028e-01,9.506978959994172949e-08
4.999999253007313404e-01,9.506713899727180102e-08
4.999999253004941968e-01,9.506177943869202198e-08
4.999999253002863076e-01,9.505596200656968889e-08
4.999999253002069821e-01,9.504946436323809721e-08
4.999999253000182997e-01,9.504625567022272218e-08
4.999999252999478561e-01,9.503330208687987660e-08
4.999999252999052235e-01,9.502816962077977965e-08
4.999999252998647004e-01,9.502121509178241232e-08
4.999999252998290067e-01,9.501870730840668922e-08
4.999999252998043042e-01,9.501418580099165323e-08
4.999999252997860966e-01,9.500519615585700606e-08
4.999999252997644472e-01,9.500334631335926134e-08
4.999999252997217036e-01,9.500138403080013774e-08
4.999999252996334964e-01,9.500046007517076416e-08
4.999999252993669874e-01,9.499773625444080599e-08
4.999999252992666787e-01,9.499605652311778460e-08
4.999999252985961595e-01,9.499377544855402761e-08
4.999999252970672159e-01,9.499218774324606433e-08
4.999999252890497403e-01,9.498978840350617141e-08
4.999999252876780043e-01,9.498216311762690170e-08
4.999999252720297993e-01,9.497944701305676132e-08
4.999999252685861650e-01,9.497432321096931267e-08
4.999999252602664868e-01,9.496332728029970260e-08
4.999999252567495223e-01,9.495281644755856173e-08
4.999999252539857331e-01,9.494163727570222060e-08
4.999999252500449964e-01,9.493248190656015015e-08
4.999999252405030736e-01,9.492313693271764815e-08
4.999999252374117131e-01,9.491567514207288919e-08
4.999999252362916091e-01,9.491012696180478795e-08
4.999999252335215472e-01,9.490279822069258945e-08
4.999999252289867857e-01,9.489848452828185215e-08
4.999999252209008649e-01,9.489602132463432542e-08
4.999999252185770571e-01,9.489266112360517797e-08
4.999999252149275319e-01,9.488479404830002836e-08
4.999999252126886562e-01,9.488241144113551086e-08
4.999999252103334291e-01,9.488116098274791361e-08
4.999999252091398838e-01,9.487865502864970292e-08
4.999999252073597522e-01,9.487816815427676610e-08
4.999999252041096298e-01,9.487614284250210941e-08
4.999999252012548023e-01,9.487319138452574374e-08
4.999999251980531412e-01,9.487054121036033357e-08
4.999999251948910040e-01,9.486440334637963263e-08
4.999999251922339072e-01,9.486153720914930321e-08
4.999999251907688569e-01,9.485910033424210741e-08
4.999999251898300523e-01,9.485349866258760778e-08
4.999999251878741724e-01,9.484606054459504937e-08
4.999999251861234617e-01,9.484421771360673433e-08
4.999999251843053605e-01,9.483563712457457460e-08
4.999999251826461322e-01,9.482850421910989620e-08
4.999999251807151768e-01,9.482117139381098592e-08
4.999999251787867749e-01,9.481084915366478250e-08
4.999999251769790543e-01,9.480578797937107568e-08
4.999999251761090280e-01,9.479617841602665870e-08
4.999999251749054352e-01,9.478370128479243266e-08
4.999999251731651606e-01,9.477293327622453089e-08
4.999999251722609950e-01,9.475908187879853339e-08
4.999999251716069626e-01,9.475477760668177874e-08
4.999999251704438930e-01,9.474968854228788799e-08
4.999999251700079084e-01,9.474663010553186385e-08
4.999999251692391899e-01,9.474310032721702872e-08
4.999999251680999346e-01,9.473895389089402098e-08
4.999999251670426137e-01,9.473560301345941765e-08
4.999999251657759047e-01,9.473249788101696173e-08
4.999999251653783894e-01,9.473041341811404905e-08
4.999999251645255716e-01,9.472868315604409111e-08
4.999999251630943276e-01,9.472728257654506135e-08
4.999999251624743235e-01,9.472641705257623625e-08
4.999999251620435015e-01,9.472519473923709767e-08
4.999999251612641249e-01,9.472410059819303787e-08
4.999999251605135586e-01,9.472335750414295102e-08
4.999999251592510130e-01,9.472267251553881650e-08
4.999999251590399596e-01,9.472191674506113140e-08
4.999999251577934567e-01,9.472087170130178914e-08
4.999999251564762881e-01,9.471696408700059580e-08
4.999999251556941915e-01,9.471587210150779127e-08
4.999999251550079071e-01,9.471291059565653129e-08
4.999999251540001022e-01,9.470980473234670727e-08
4.999999251535042766e-01,9.470747276835428740e-08
4.999999251525422128e-01,9.470068999840566815e-08
4.999999251513829179e-01,9.469780116180549919e-08
4.999999251507345477e-01,9.469338780680425620e-08
4.999999251498148389e-01,9.468756539169323823e-08
4.999999251489150032e-01,9.468285460601430270e-08
4.999999251480832796e-01,9.467048940655114524e-08
4.999999251464986028e-01,9.465121694476930734e-08
4.999999251459190663e-01,9.464412901690092954e-08
4.999999251454455562e-01,9.462087277270524657e-08
4.999999251411043621e-01,9.460859536803546844e-08
4.999999251396950450e-01,9.459755833927454302e-08
4.999999251374865339e-01,9.459288997903085574e-08
4.999999251363916875e-01,9.457860646054577908e-08
4.999999251346994855e-01,9.456580983913784237e-08
4.999999251343097972e-01,9.455275176330491476e-08
4.999999251334120154e-01,9.454978552678316762e-08
4.999999251329040328e-01,9.453900205236047092e-08
4.999999251310590087e-01,9.453221196771630913e-08
4.999999251298579139e-01,9.452585946054085310e-08
4.999999251270699219e-01,9.452512649883827116e-08
4.999999251263826938e-01,9.452186968542207075e-08
4.999999251213739226e-01,9.452057969014149255e-08
4.999999251205795026e-01,9.451918919997815081e-08
4.999999251180312076e-01,9.451792364736351006e-08
4.999999251158004920e-01,9.451699169190062885e-08
4.999999251127680289e-01,9.451628546913629071e-08
4.999999251112343668e-01,9.451602158557071867e-08
4.999999251099511710e-01,9.451566981167092426e-08
4.999999251084948360e-01,9.451535239177599446e-08
4.999999251055965988e-01,9.451468847203112222e-08
4.999999251044423554e-01,9.451361679717470052e-08
4.999999251016362667e-01,9.451286811622054857e-08
4.999999250991044031e-01,9.451017639510669122e-08
4.999999250953078289e-01,9.450381098361225475e-08
4.999999250926558947e-01,9.449528778752854748e-08
4.999999250893319980e-01,9.449095954125550157e-08
4.999999250857600774e-01,9.447502833792945843e-08
4.999999250847011467e-01,9.445752643230522028e-08
4.999999250807611872e-01,9.444157274610259448e-08
4.999999250771369752e-01,9.443239196554492386e-08
4.999999250723324296e-01,9.441579288566554069e-08
4.999999250690175812e-01,9.440107952516647045e-08
4.999999250642117588e-01,9.439717424215160939e-08
4.999999250618392677e-01,9.438971200575478255e-08
4.999999250558458952e-01,9.438625934377128173e-08
4.999999250538002538e-01,9.437235242546852655e-08
4.999999250499899683e-01,9.436608347280883741e-08
4.999999250468652456e-01,9.436254900058673028e-08
4.999999250440959608e-01,9.435767727910494952e-08
4.999999250392800354e-01,9.435355493614565312e-08
4.999999250355666169e-01,9.434766672786668597e-08
4.999999250336971124e-01,9.434478163740515887e-08
4.999999250300040665e-01,9.434171188940274877e-08
4.999999250271615070e-01,9.433892327934827029e-08
4.999999250249159699e-01,9.433769892842153449e-08
4.999999250239516857e-01,9.433674970802496310e-08
4.999999250183871924e-01,9.433588761743172866e-08
4.999999250146845431e-01,9.433523666292653755e-08
4.999999250071150980e-01,9.433474585194259385e-08
4.999999250031351150e-01,9.433415187832642863e-08
4.999999249993737349e-01,9.433257926160240330e-08
4.999999249985317418e-01,9.433035312682987781e-08
4.999999249950380920e-01,9.432536854673774866e-08
4.999999249906306176e-01,9.431934176194678560e-08
4.999999249882105534e-01,9.431780766681120218e-08
4.999999249829109593e-01,9.431366956224057542e-08
4.999999249800083367e-01,9.430803919502121883e-08
4.999999249786322708e-01,9.429082248003864793e-08
4.999999249692400616e-01,9.427963409625141467e-08
4.999999249648098276e-01,9.425992664673291677e-08
4.999999249621192576e-01,9.425296964466862053e-08
4.999999249596956408e-01,9.423361570820590320e-08
4.999999249576379534e-01,9.420972006951728897e-08
4.999999249553260805e-01,9.420630936411947855e-08
4.999999249531972279e-01,9.418024788509013386e-08
4.999999249515381106e-01,9.416383951777584215e-08
4.999999249489867070e-01,9.415299805175904884e-08
4.999999249446337446e-01,9.414507353935411909e-08
4.999999249358082487e-01,9.413249901267661140e-08
4.999999249338598073e-01,9.412384018705088619e-08
4.999999249290341119e-01,9.411662864949329220e-08
4.999999249254415412e-01,9.411051063648976341e-08
4.999999249232953136e-01,9.410210240625307256e-08
4.999999249190653083e-01,9.409961522554600941e-08
4.999999249147323299e-01,9.409694611690032874e-08
4.999999249114440714e-01,9.409594303022420286e-08
4.999999249109802202e-01,9.409526477961018472e-08
4.999999249087461184e-01,9.409472111458904264e-08
4.999999249046598870e-01,9.409398506764969639e-08
4.999999249010140812e-01,9.409333591223050767e-08
4.999999248966742194e-01,9.409143835334480262e-08
4.999999248934119400e-01,9.408692068501977919e-08
4.999999248912463390e-01,9.407747302727801895e-08
4.999999248894222426e-01,9.407234326215697218e-08
4.999999248881540348e-01,9.406713381011718402e-08
4.999999248874740787e-01,9.404473434548764695e-08
4.999999248809892105e-01,9.403143805602686597e-08
4.999999248792634243e-01,9.401858279577613360e-08
4.999999248762095894e-01,9.400787072541581974e-08
4.999999248743879909e-01,9.399506524892485121e-08
4.999999248725128242e-01,9.398874179775414094e-08
4.999999248696889165e-01,9.398509650715168132e-08
4.999999248669689256e-01,9.397847662871555436e-08
4.999999248645182193e-01,9.397194674487720568e-08
4.999999248621115333e-01,9.396694546110461544e-08
4.999999248591162071e-01,9.396134882906505756e-08
4.999999248564780396e-01,9.395481655442371245e-08
4.999999248547976061e-01,9.394744727679976038e-08
4.999999248538996022e-01,9.393683409131487264e-08
4.999999248533896212e-01,9.393117509758479513e-08
4.999999248526828532e-01,9.392960553937618572e-08
4.999999248497314364e-01,9.392634712959858688e-08
4.999999248486416970e-01,9.392268914541309427e-08
4.999999248443832145e-01,9.391783619157367492e-08
4.999999248427751120e-01,9.389995257397853428e-08
4.999999248412206332e-01,9.388126433877912238e-08
4.999999248389285222e-01,9.387304815324795200e-08
4.999999248374495386e-01,9.386330826228501313e-08
4.999999248361594040e-01,9.385226199303056962e-08
4.999999248350462944e-01,9.383225967213231938e-08
4.999999248344572100e-01,9.379976108802789847e-08
4.999999248331187252e-01,9.379483488350770184e-08
4.999999248321457257e-01,9.377640381669276791e-08
4.999999248309483502e-01,9.374923703917536714e-08
4.999999248282683828e-01,9.374405072123442462e-08
4.999999248257422368e-01,9.371874522228523682e-08
4.999999248235728055e-01,9.370372597346523893e-08
4.999999248213481962e-01,9.368681434535966894e-08
4.999999248195647894e-01,9.367491121885783352e-08
4.999999248185881817e-01,9.366216532003797714e-08
4.999999248168955912e-01,9.364517082298917295e-08
4.999999248143816022e-01,9.363863488439139302e-08
4.999999248115932771e-01,9.362740212401851193e-08
4.999999248072301006e-01,9.362103307118864810e-08
4.999999248052280354e-01,9.360937693743340087e-08
4.999999248035508215e-01,9.359744288719534819e-08
4.999999248016940845e-01,9.358719809760416877e-08
4.999999248005023711e-01,9.358396454221052674e-08
4.999999247979637351e-01,9.358002515145443376e-08
4.999999247954636794e-01,9.357380525293778452e-08
4.999999247945165481e-01,9.357070862397759128e-08
4.999999247924725165e-01,9.356791363435775414e-08
4.999999247905105859e-01,9.356560669261642461e-08
4.999999247884627795e-01,9.356208419607255109e-08
4.999999247869519881e-01,9.355739024558033568e-08
4.999999247856961593e-01,9.355311494998169624e-08
4.999999247831088400e-01,9.354931474405768307e-08
4.999999247809403524e-01,9.354576273733850749e-08
4.999999247789436163e-01,9.354046667006411265e-08
4.999999247765846144e-01,9.353661658019358303e-08
4.999999247728860174e-01,9.352950551017120863e-08
4.999999247714627115e-01,9.352635305634899573e-08
4.999999247692672455e-01,9.351813631146188388e-08
4.999999247672554104e-01,9.350646865496422353e-08
4.999999247643763800e-01,9.348983112280097829e-08
4.999999247632944122e-01,9.346708458139763077e-08
4.999999247617846199e-01,9.345048199519153406e-08
4.999999247599972718e-01,9.341628356529445148e-08
4.999999247576984995e-01,9.336109509654256393e-08
4.999999247555215742e-01,9.335293855512220839e-08
4.999999247544529291e-01,9.331164035447663104e-08
4.999999247511923706e-01,9.330019687344658903e-08
4.999999247488147169e-01,9.327218765027949517e-08
4.999999247471533237e-01,9.324655597462967433e-08
4.999999247443216444e-01,9.321842578216253308e-08
4.999999247419377180e-01,9.320783983175478390e-08
4.999999247403970060e-01,9.317658527862349864e-08
4.999999247371531563e-01,9.315263238690838684e-08
4.999999247343063780e-01,9.313476839092263126e-08
4.999999247333359875e-01,9.310946240460746745e-08
4.999999247297863825e-01,9.306881018194193271e-08
4.999999247274414249e-01,9.304958854549665978e-08
4.999999247263963165e-01,9.303043515282170710e-08
4.999999247254894863e-01,9.301374418966506263e-08
4.999999247242472578e-01,9.299989529792463726e-08
4.999999247226993293e-01,9.298041703487683971e-08
4.999999247208948283e-01,9.296114144452806856e-08
4.999999247174392036e-01,9.295354572447419200e-08
4.999999247132590474e-01,9.294969321679292778e-08
4.999999247101497568e-01,9.294459719318796262e-08
4.999999247070551767e-01,9.293586755709757939e-08
4.999999247035227801e-01,9.293170917257891759e-08
4.999999247026907789e-01,9.292688637327371409e-08
4.999999246997862690e-01,9.292441851753799075e-08
4.999999246967978261e-01,9.292339196540284353e-08
4.999999246920825424e-01,9.292222131788681717e-08
4.999999246896647542e-01,9.292155986890051055e-08
4.999999246840015621e-01,9.292113948447553235e-08
4.999999246790970964e-01,9.292049494477019262e-08
4.999999246772102168e-01,9.291998721445923304e-08
4.999999246722431345e-01,9.291913105557336696e-08
4.999999246695602251e-01,9.291815900401143523e-08
4.999999246666943509e-01,9.291677670836078174e-08
4.999999246624912685e-01,9.291485440625029758e-08
4.999999246600039804e-01,9.291267158359336963e-08
4.999999246580075218e-01,9.290607497554367628e-08
4.999999246550452248e-01,9.289904433417903952e-08
4.999999246516144136e-01,9.288830789064517116e-08
4.999999246491489413e-01,9.286912101166545505e-08
4.999999246458246560e-01,9.283818248867196749e-08
4.999999246399580155e-01,9.281118546604044501e-08
4.999999246387318852e-01,9.279452180930943592e-08
4.999999246331547909e-01,9.278618446481471666e-08
4.999999246280232290e-01,9.273981906896274960e-08
4.999999246238049366e-01,9.270948966867721673e-08
4.999999246206273118e-01,9.269024896835235576e-08
4.999999246184050339e-01,9.266645072150318916e-08
4.999999246158017829e-01,9.264852507082632297e-08
4.999999246133749464e-01,9.263360647707604208e-08
4.999999246109564366e-01,9.262599680798517550e-08
4.999999246042188261e-01,9.261959895969632553e-08
4.999999245927418956e-01,9.261587650596327305e-08
4.999999245916699753e-01,9.261331393760718025e-08
4.999999245904311884e-01,9.261258171140452195e-08
4.999999245885165533e-01,9.261203976818767110e-08
4.999999245864509834e-01,9.261136464683045485e-08
4.999999245827747019e-01,9.261082679277889751e-08
4.999999245802698722e-01,9.260983673987415474e-08
4.999999245735371467e-01,9.260847767770636371e-08
4.999999245697620553e-01,9.260607727185162811e-08
4.999999245660576297e-01,9.260323810078281419e-08
4.999999245646085666e-01,9.259785380297701917e-08
4.999999245616533194e-01,9.259020033653391398e-08
4.999999245564588080e-01,9.258569957499108378e-08
4.999999245479306298e-01,9.257603340009696078e-08
4.999999245417082738e-01,9.256497980784316664e-08
4.999999245396445358e-01,9.254585056252385676e-08
4.999999245384764146e-01,9.252559688758897186e-08
4.999999245370778667e-01,9.249425098686866481e-08
4.999999245355645217e-01,9.247917764677331237e-08
4.999999245299565076e-01,9.247139883068748361e-08
4.999999245290098759e-01,9.246794767961311084e-08
4.999999245239243328e-01,9.246462192938264456e-08
4.999999245210425824e-01,9.245941685976667930e-08
4.999999245183839314e-01,9.245253817466619328e-08
4.999999245144114424e-01,9.243642311380674512e-08
4.999999245098918355e-01,9.243437335959733803e-08
4.999999245043014184e-01,9.242778665285052843e-08
4.999999244982661351e-01,9.242041248685618331e-08
4.999999244965787071e-01,9.240921033367961456e-08
4.999999244912081697e-01,9.237855195501779820e-08
4.999999244883798211e-01,9.236349601533151198e-08
4.999999244864534731e-01,9.235601839500515510e-08
4.999999244841992763e-01,9.233943639864730560e-08
4.999999244822710409e-01,9.232827643059889984e-08
4.999999244806870302e-01,9.231282413356849076e-08
4.999999244792312503e-01,9.229600177817647271e-08
4.999999244778387530e-01,9.229124935470058447e-08
4.999999244755246042e-01,9.228246594819189325e-08
4.999999244680156107e-01,9.227742871393385978e-08
4.999999244649607766e-01,9.226897383378679313e-08
4.999999244602595372e-01,9.226327893882956024e-08
4.999999244544891530e-01,9.225380911125206884e-08
4.999999244528933184e-01,9.224673505765794002e-08
4.999999244504050866e-01,9.224310760723519869e-08
4.999999244473566362e-01,9.224181869624754462e-08
4.999999244436950097e-01,9.224021951687799134e-08
4.999999244381485575e-01,9.223804112618139799e-08
4.999999244332781201e-01,9.223507909083082414e-08
4.999999244322843595e-01,9.223310437218440711e-08
4.999999244316959413e-01,9.223066570962925067e-08
4.999999244299625500e-01,9.222776220199650698e-08
4.999999244267438470e-01,9.222563951796290596e-08
4.999999244244924812e-01,9.222267045133814300e-08
4.999999244202589233e-01,9.221706485032971038e-08
4.999999244167592227e-01,9.221072111407999682e-08
4.999999244141445920e-01,9.220645649646328030e-08
4.999999244101033247e-01,9.219637283930950229e-08
4.999999244053145997e-01,9.219082819469598188e-08
4.999999244025119527e-01,9.218085039501298962e-08
4.999999243991535836e-01,9.216993910185464109e-08
4.999999243977993890e-01,9.216480219048472791e-08
4.999999243927259474e-01,9.215845081162570111e-08
4.999999243898309298e-01,9.214393434725961269e-08
4.999999243878449628e-01,9.213876049884511704e-08
4.999999243856594333e-01,9.213234013646280129e-08
4.999999243826308559e-01,9.212397611192458169e-08
4.999999243786158454e-01,9.211706681853384028e-08
4.999999243733974641e-01,9.211345890712544106e-08
4.999999243662505144e-01,9.211016563275919324e-08
4.999999243647890168e-01,9.210325455639306903e-08
4.999999243586291664e-01,9.209811686191783653e-08
4.999999243527517567e-01,9.209416937600598030e-08
4.999999243470941712e-01,9.208565891424065570e-08
4.999999243397608151e-01,9.207633733236887447e-08
4.999999243363983936e-01,9.207187727421088527e-08
4.999999243279980021e-01,9.206917027554048943e-08
4.999999243223581247e-01,9.206542409071695107e-08
4.999999243200157761e-01,9.206320250611786944e-08
4.999999243153799844e-01,9.205514540749911633e-08
4.999999243137961402e-01,9.205177636706084500e-08
4.999999243106605928e-01,9.204717031687056365e-08
4.999999243065392784e-01,9.204547701989314898e-08
4.999999242986611359e-01,9.203922441125895373e-08
4.999999242930886489e-01,9.203200418764380548e-08
4.999999242901672636e-01,9.202802425527225455e-08
4.999999242827128931e-01,9.202031172372725357e-08
4.999999242729550319e-01,9.201511030812345045e-08
4.999999242705840952e-01,9.201035611996609260e-08
4.999999242663487609e-01,9.200798295507189376e-08
4.999999242610602135e-01,9.199836762883959816e-08
4.999999242573619496e-01,9.199305859630422726e-08
4.999999242512124242e-01,9.198640012504089203e-08
4.999999242474424399e-01,9.196844487710357241e-08
4.999999242415674172e-01,9.196459822488257643e-08
4.999999242360821938e-01,9.195385545334929910e-08
4.999999242308928449e-01,9.194623570064639759e-08
4.999999242234662300e-01,9.193880683738827074e-08
4.999999242131171751e-01,9.193318154261509117e-08
4.999999242104509189e-01,9.192456796524004973e-08
4.999999241976389452e-01,9.191869563040396275e-08
4.999999241934687255e-01,9.191382598269126800e-08
4.999999241873138711e-01,9.190636482643902143e-08
4.999999241827560725e-01,9.190176204227051242e-08
4.999999241780088144e-01,9.189503091052639764e-08
4.999999241716563958e-01,9.189071669517660342e-08
4.999999241632514524e-01,9.188657534645614350e-08
4.999999241552712248e-01,9.188190101779008742e-08
4.999999241527927074e-01,9.188037277295136527e-08
4.999999241447218856e-01,9.187586815797023438e-08
4.999999241400047145e-01,9.187388693713511358e-08
4.999999241372349301e-01,9.187246658971639490e-08
4.999999241332964695e-01,9.187203587556241812e-08
4.999999241218657242e-01,9.187134891719351445e-08
4.999999241164166386e-01,9.187015133661300413e-08
4.999999241035235076e-01,9.186806385051604207e-08
4.999999241010825157e-01,9.186609599279120801e-08
4.999999240962131886e-01,9.185509453285756903e-08
4.999999240892678554e-01,9.184517735594805296e-08
4.999999240843544523e-01,9.183423417055389768e-08
4.999999240798208566e-01,9.181890195178033175e-08
4.999999240753950636e-01,9.181395167597184940e-08
4.999999240651721299e-01,9.180124365756169310e-08
4.999999240440099468e-01,9.178546292360428169e-08
4.999999240389159660e-01,9.177747874734287562e-08
4.999999240361450159e-01,9.176741744522160789e-08
4.999999240321545413e-01,9.175696951204116979e-08
4.999999240288840463e-01,9.175101307350039031e-08
4.999999240243747645e-01,9.173973997527399266e-08
4.999999240214304530e-01,9.173358169637686958e-08
4.999999240168158110e-01,9.172229012326196709e-08
4.999999240083724539e-01,9.171467766636963798e-08
4.999999240056854921e-01,9.170221020862424498e-08
4.999999239888655578e-01,9.168740931499802080e-08
4.999999239789102434e-01,9.167878208648852244e-08
4.999999239762536463e-01,9.165092271073025781e-08
4.999999239727720424e-01,9.163042577584841790e-08
4.999999239667600182e-01,9.159942807233662955e-08
4.999999239580050214e-01,9.157026676624828253e-08
4.999999239380265026e-01,9.154224697278505249e-08
4.999999239355109593e-01,9.153698108897933369e-08
4.999999239224671710e-01,9.151273080238350488e-08
4.999999239174776067e-01,9.150003220401743006e-08
4.999999239108904314e-01,9.148459364068064106e-08
4.999999239033028342e-01,9.147123996309555142e-08
4.999999238957281711e-01,9.145086444339720952e-08
4.999999238898207854e-01,9.144144499880632306e-08
4.999999238787908862e-01,9.143338558998591267e-08
4.999999238766414389e-01,9.142706824805355613e-08
4.999999238581931404e-01,9.142393033643884906e-08
4.999999238488271880e-01,9.142043863161962566e-08
4.999999238412495828e-01,9.141620812439661151e-08
4.999999238293265647e-01,9.141103403848661089e-08
4.999999238236831345e-01,9.140604563651279054e-08
4.999999238180049543e-01,9.139500118563731151e-08
4.999999238112883271e-01,9.138723783225969586e-08
4.999999238075508168e-01,9.137763126716064777e-08
4.999999238014230518e-01,9.136697445020945814e-08
4.999999237941208374e-01,9.136096048945526926e-08
4.999999237857353229e-01,9.135328565033802577e-08
4.999999237709766842e-01,9.133476889573786692e-08
4.999999237617003267e-01,9.130716096806435649e-08
4.999999237513487738e-01,9.129420289359423088e-08
4.999999237389134432e-01,9.127432534809941448e-08
4.999999237368196181e-01,9.125596101216370828e-08
4.999999237306118616e-01,9.124390529872420054e-08
4.999999237240586591e-01,9.122845991896917785e-08
4.999999237160926979e-01,9.121978202085317913e-08
4.999999237060284707e-01,9.117844137590951213e-08
4.999999237022411114e-01,9.114056183707936152e-08
4.999999236901780941e-01,9.112195705870874343e-08
4.999999236823091664e-01,9.111474123598507891e-08
4.999999236781048628e-01,9.109399593513910754e-08
4.999999236742395103e-01,9.107919115845643454e-08
4.999999236688503768e-01,9.106296243936371298e-08
4.999999236607145514e-01,9.104633125850822494e-08
4.999999236129062941e-01,9.103410053027444021e-08
4.999999236093541910e-01,9.101944518375895612e-08
4.999999236010344572e-01,9.100109865035369043e-08
4.999999235873604508e-01,9.099414641131324443e-08
4.999999235840630885e-01,9.097009491885665289e-08
4.999999235727643487e-01,9.095080476516706269e-08
4.999999235557945898e-01,9.094756605698342897e-08
4.999999235313312695e-01,9.093798251270953694e-08
4.999999235230960237e-01,9.092822290360769721e-08
4.999999235109993112e-01,9.091478404816216214e-08
4.999999234952391403e-01,9.090383801970847068e-08
4.999999234861050024e-01,9.089027506550664979e-08
4.999999234785629243e-01,9.088605543543503289e-08
4.999999234697352080e-01,9.087341122600947797e-08
4.999999234530825287e-01,9.085379228224078870e-08
4.999999234418469607e-01,9.083801844443568104e-08
4.999999234091728195e-01,9.082735623115900133e-08
4.999999233826664669e-01,9.081826680852126926e-08
4.999999233779309216e-01,9.080857160021552206e-08
4.999999233674552457e-01,9.080100414474724504e-08
4.999999233438025548e-01,9.078215000951763283e-08
4.999999233063174842e-01,9.077093886959393391e-08
4.999999232928732384e-01,9.076864286248753527e-08
4.999999232489797385e-01,9.076039400738890658e-08
4.999999232183246489e-01,9.075508855727449959e-08
4.999999232015995831e-01,9.074621708551339285e-08
4.999999231839215019e-01,9.073127163454153459e-08
4.999999231575680270e-01,9.071883459639939211e-08
4.999999231245869646e-01,9.069670091835680578e-08
4.999999230815692086e-01,9.068754374108027701e-08
4.999999230198299838e-01,9.067693931113612822e-08
4.999999229961357150e-01,9.067462067264660573e-08
4.999999229088509800e-01,9.066375027730098797e-08
4.999999228906862880e-01,9.065533393753351124e-08
4.999999228568024479e-01,9.064086041621033058e-08
4.999999228457556177e-01,9.063384887787429765e-08
4.999999228243101612e-01,9.062178086413594383e-08
4.999999227854611261e-01,9.061222320922196139e-08
4.999999227492378240e-01,9.059882437872957972e-08
4.999999226992715706e-01,9.058897519476550524e-08
4.999999226919624729e-01,9.058432231293496159e-08
4.999999226478273329e-01,9.057604249165011981e-08
4.999999225740271447e-01,9.056685929410198660e-08
4.999999224886372273e-01,9.055739565552485784e-08
4.999999224691267230e-01,9.054944468886089490e-08
4.999999224367259187e-01,9.054684002945039462e-08
4.999999224020760247e-01,9.053907927338686810e-08
4.999999223655332559e-01,9.053544561156261465e-08
4.999999223400258819e-01,9.053270025521771502e-08
4.999999223023263717e-01,9.052820943868300107e-08
4.999999222719178071e-01,9.052056118610069836e-08
4.999999222573446866e-01,9.051779082175718917e-08
4.999999222460159709e-01,9.051420029160969700e-08
4.999999222342711436e-01,9.050983037181391330e-08
4.999999222220732342e-01,9.050520844780910286e-08
4.999999222031024093e-01,9.050267582807734132e-08
4.999999221594921828e-01,9.049892503763170302e-08
4.999999221031227181e-01,9.049203312622952291e-08
4.999999220733001848e-01,9.048813093425414447e-08
4.999999220452122639e-01,9.048445434183795731e-08
4.999999219397077699e-01,9.047954975378370425e-08
4.999999218038164162e-01,9.046439989544331549e-08
4.999999217607511981e-01,9.046042689716221080e-08
4.999999217197905188e-01,9.045273975720096289e-08
4.999999216334939933e-01,9.044409461051242613e-08
4.999999215726205204e-01,9.044149952391091400e-08
4.999999214871368447e-01,9.043790725317062957e-08
4.999999214628214617e-01,9.043266405920318120e-08
4.999999213952563970e-01,9.043036283917773512e-08
4.999999213522000607e-01,9.042476030221960228e-08
4.999999213319967772e-01,9.042200932768775206e-08
4.999999213199960435e-01,9.042052691231810491e-08
4.999999212929858716e-01,9.041923156413380425e-08
4.999999212040310836e-01,9.041579836259711190e-08
4.999999211475094629e-01,9.041141115820981649e-08
4.999999210825816220e-01,9.040845590832390135e-08
4.999999209809840583e-01,9.040562520462511951e-08
4.999999209328733762e-01,9.040379017029033529e-08
4.999999208751024771e-01,9.039734019286759017e-08
4.999999208190177846e-01,9.038444545228137847e-08
4.999999208000488471e-01,9.038202899636767879e-08
4.999999207660253409e-01,9.036864764444697552e-08
4.999999207316946914e-01,9.035387590533272896e-08
4.999999206470117086e-01,9.034382034839436601e-08
4.999999205243770284e-01,9.033469961450114925e-08
4.999999204244108819e-01,9.031422214536662500e-08
4.999999203986029150e-01,9.030146109985774693e-08
4.999999203407333725e-01,9.028843995059636878e-08
4.999999203001795900e-01,9.027562256723627193e-08
4.999999202640418305e-01,9.026951905355727373e-08
4.999999202524433306e-01,9.025728774134394240e-08
4.999999202268276544e-01,9.025099406566379074e-08
4.999999202064430159e-01,9.024809055993464772e-08
4.999999201555300754e-01,9.024153492058227261e-08
4.999999201060950638e-01,9.023908898916041035e-08
4.999999200521054732e-01,9.023541334392927410e-08
4.999999200291670443e-01,9.023039128433512683e-08
4.999999200005323940e-01,9.022487006173691669e-08
4.999999199781234860e-01,9.022046973325924735e-08
4.999999199657291227e-01,9.021163538598875850e-08
4.999999199462489274e-01,9.018993396565571350e-08
4.999999199423120211e-01,9.017644772790379155e-08
4.999999199221726864e-01,9.014708968544218069e-08
4.999999199022681085e-01,9.012852151973638111e-08
4.999999198838094294e-01,9.011668549204030853e-08
4.999999198719663474e-01,9.010697363437858478e-08
4.999999198631934760e-01,9.009472016623559307e-08
4.999999198572624426e-01,9.007730002147049473e-08
4.999999198523593646e-01,9.006398406981740523e-08
4.999999198438912495e-01,9.005202029791468047e-08
4.999999198390857047e-01,9.003799792172311248e-08
4.999999198350204566e-01,9.002821539694718380e-08
4.999999198310502990e-01,9.002419639598548971e-08
4.999999198298615277e-01,9.002022793371516007e-08
4.999999198286935176e-01,9.001691425406828397e-08
4.999999198282880086e-01,9.001552891296916685e-08
4.999999198278557433e-01,9.001464693438754975e-08
4.999999198277951251e-01,9.001296371974559871e-08
4.999999198277815804e-01,9.000957567456506509e-08
4.999999198277768619e-01,9.000846694146977950e-08
4.999999198277708667e-01,9.000340604991020447e-08
4.999999198277624290e-01,8.999593894053726577e-08
4.999999198276459111e-01,8.998782150587971811e-08
4.999999198171679593e-01,8.998283850790042415e-08
4.999999197989389854e-01,8.997883385929520925e-08
4.999999197739592449e-01,8.997739787983328876e-08
4.999999197383409033e-01,8.997605922266002739e-08
4.999999197203314205e-01,8.997435946384646592e-08
4.999999196774267407e-01,8.997080694605660761e-08
4.999999196437404647e-01,8.996417189434989747e-08
4.999999196312904237e-01,8.995490302082464184e-08
4.999999196106806876e-01,8.995233778321645463e-08
4.999999195868208846e-01,8.994482720440438628e-08
4.999999195508758598e-01,8.992787328665165804e-08
4.999999195344698166e-01,8.992416717480919261e-08
4.999999194868363639e-01,8.991686034332592440e-08
4.999999194781769019e-01,8.990796132824938527e-08
4.999999194722066220e-01,8.990194560372109760e-08
4.999999194661449708e-01,8.989623389755321948e-08
4.999999194580982409e-01,8.989382319063579338e-08
4.999999194547499748e-01,8.988974880326191617e-08
4.999999194513961576e-01,8.988304508486943497e-08
4.999999194495008958e-01,8.987914913607983150e-08
4.999999194488053966e-01,8.987731948889314713e-08
4.999999194479165521e-01,8.987628299905669428e-08
4.999999194462260710e-01,8.987286326478069224e-08
4.999999194459304186e-01,8.986908443322487002e-08
4.999999194451588136e-01,8.986635316732851540e-08
4.999999194421281268e-01,8.986386923403618714e-08
4.999999194219230669e-01,8.986288532333888797e-08
4.999999193677452380e-01,8.986111458514807128e-08
4.999999193189008095e-01,8.985716712415199359e-08
4.999999193100834738e-01,8.985142549341074211e-08
4.999999192192838837e-01,8.984889889482262553e-08
4.999999191734385562e-01,8.984639989953575587e-08
4.999999191309764113e-01,8.984472164104380079e-08
4.999999191105177765e-01,8.984218580754636318e-08
4.999999190649640490e-01,8.983962582150229428e-08
4.999999190301420149e-01,8.983525118304828735e-08
4.999999189955888768e-01,8.983002877395382979e-08
4.999999189553621104e-01,8.982457610175779604e-08
4.999999188859833299e-01,8.982151086534127774e-08
4.999999188652818893e-01,8.981551759931760258e-08
4.999999187917096855e-01,8.981157576715062391e-08
4.999999187736090533e-01,8.980764931420344710e-08
4.999999186911435745e-01,8.980384393989440101e-08
4.999999186563297005e-01,8.979804588912346918e-08
4.999999185835651838e-01,8.979560060845469304e-08
4.999999184728876611e-01,8.979177004539359456e-08
4.999999184274770969e-01,8.978827304916708031e-08
4.999999183078871479e-01,8.978754197459027151e-08
4.999999182697591471e-01,8.978569148768796586e-08
4.999999182161876665e-01,8.978474394958200899e-08
4.999999181245232127e-01,8.978368509959576248e-08
4.999999180991112624e-01,8.978285635698217898e-08
4.999999180470648952e-01,8.978176149800346189e-08
4.999999179437398245e-01,8.978087351768279821e-08
4.999999179220559475e-01,8.977963242903782057e-08
4.999999178868189120e-01,8.977894378975024428e-08
4.999999178713326886e-01,8.977656092299907316e-08
4.999999178120385634e-01,8.977163719178184970e-08
4.999999177590254140e-01,8.976097007412830269e-08
4.999999177015936325e-01,8.975465825512532003e-08
4.999999176497728626e-01,8.975012250800352232e-08
4.999999175604469825e-01,8.974764714610871728e-08
4.999999175339005508e-01,8.974581108925244833e-08
4.999999174813429814e-01,8.974410502422419915e-08
4.999999174554725645e-01,8.974301064764206134e-08
4.999999173985184564e-01,8.974170182405149862e-08
4.999999173704557931e-01,8.973849258285203053e-08
4.999999173481165515e-01,8.973269592479724776e-08
4.999999173316149181e-01,8.973129718796802276e-08
4.999999172947037218e-01,8.971857002938621939e-08
4.999999172387821211e-01,8.971412796932571391e-08
4.999999171154035915e-01,8.970325123806947887e-08
4.999999170243817348e-01,8.969721506798359042e-08
4.999999169298401380e-01,8.968826949077100730e-08
4.999999168650404169e-01,8.967316034469261630e-08
4.999999168383898462e-01,8.966780471377887181e-08
4.999999167763353736e-01,8.965861212596989727e-08
4.999999167321443894e-01,8.964803767211125846e-08
4.999999166958520869e-01,8.963914877457255462e-08
4.999999166746272872e-01,8.963233415585283023e-08
4.999999166331869915e-01,8.962669861313924027e-08
4.999999166040364207e-01,8.962193970870190271e-08
4.999999165888103780e-01,8.961928459521247521e-08
4.999999165684377855e-01,8.961484445532434948e-08
4.999999165052886330e-01,8.961245296715057749e-08
4.999999164930060136e-01,8.960101385696967963e-08
4.999999164786019801e-01,8.959347264510823873e-08
4.999999164666293350e-01,8.959028705141423058e-08
4.999999164561156895e-01,8.958588947926409262e-08
4.999999164393789108e-01,8.957942130219700620e-08
4.999999164318795764e-01,8.957461384770777322e-08
4.999999164185395806e-01,8.956730580482375218e-08
4.999999164093635873e-01,8.956139102071957002e-08
4.999999163974879757e-01,8.955499510738370562e-08
4.999999163753250930e-01,8.954645672337340262e-08
4.999999163453931472e-01,8.954479399169235972e-08
4.999999163362146559e-01,8.954109947014697014e-08
4.999999163197785812e-01,8.953825289129296487e-08
4.999999163066279895e-01,8.953230321967960746e-08
4.999999162982962653e-01,8.952706459606462766e-08
4.999999162673800512e-01,8.952356799023750463e-08
4.999999162349356152e-01,8.951919572812200366e-08
4.999999161651979551e-01,8.951365023335252552e-08
4.999999161429895533e-01,8.950611690771850844e-08
4.999999161247560275e-01,8.949988979533124240e-08
4.999999161108891199e-01,8.949492157800514492e-08
4.999999160666350750e-01,8.949118820043578609e-08
4.999999160360111272e-01,8.948152071631985450e-08
4.999999159994515940e-01,8.946936291628832795e-08
4.999999159703493179e-01,8.944872248225072404e-08
4.999999159230593682e-01,8.944294266583665541e-08
4.999999158436104763e-01,8.941947585386783219e-08
