# s_error_dp, s_error_pinn
4.222430348615049261e-02,4.219609693842916315e-02
4.218038672853584997e-02,4.218038678936172209e-02
4.218038616962389159e-02,4.218038664545760430e-02
4.218047569210810893e-02,4.218038960522813713e-02
4.218038809524623373e-02,4.218038467246549433e-02
4.218029752290029799e-02,4.218020331815945656e-02
4.218023421164316528e-02,4.218014077221331898e-02
4.218017562570298279e-02,2.932701493798704068e-02
4.218008203794349625e-02,3.809536466591226245e-02
4.218154055282520576e-02,3.743206647643631396e-02
4.218631247558670555e-02,2.081727822974889855e-02
4.218049427978887156e-02,2.301589015376318687e-02
4.217424522339516951e-02,1.664008929856889210e-02
2.343865780672009513e-02,1.534133134471262622e-02
2.344186529251176751e-02,1.565213398558080310e-02
1.809541499315503454e-02,1.592551548175338491e-02
1.600905092299460819e-02,1.598904629264953983e-02
1.520363686480505003e-02,1.672675976417119931e-02
1.513904140471822833e-02,1.546116158324231660e-02
1.512725505842583626e-02,1.689968849054429567e-02
1.510919979431334971e-02,1.341551721411904201e-02
1.518830415774015570e-02,1.564108267366163402e-02
1.485951943817583228e-02,1.281545938599745749e-02
1.487574196354236357e-02,9.917481353057488319e-03
1.473163486084814316e-02,1.150134169438907228e-02
1.408217726404951096e-02,7.982820845594535211e-03
1.393314268650974741e-02,4.685825657946280157e-03
1.380919702580778695e-02,4.244070963229137905e-03
1.360548004247262750e-02,4.303369104194047952e-03
1.340696022377698381e-02,4.334779368656658562e-03
1.378431781373104167e-02,4.036284949452020702e-03
1.207795682539516795e-02,2.728807696156465568e-03
1.083748108722838548e-02,2.658852731980773047e-03
8.116204987740205726e-03,2.936312796936352797e-03
5.151968558548225725e-03,2.713131934586840346e-03
3.950882523618214071e-03,2.521691860904429726e-03
2.858567555425691777e-03,2.802606207678723198e-03
2.916491424690577632e-03,2.956379941423927828e-03
2.443344090458596414e-03,2.854305525856029851e-03
1.850294676314193391e-03,2.652665466662245536e-03
1.761157665591090229e-03,2.135523084783646965e-03
1.476078030983475793e-03,2.113947070064069265e-03
1.356987705131613075e-03,2.296326534798400452e-03
1.265899387810450871e-03,2.140788029937486323e-03
1.233794104243062829e-03,1.992895977761387650e-03
1.113992358780839954e-03,1.933482400342709977e-03
1.470033035425612460e-03,1.927669802855025210e-03
1.117146894476502266e-03,2.034344985922123018e-03
9.310161548386004966e-04,2.459059020737065261e-03
9.854070035364690706e-04,2.915563086817453756e-03
1.152494146565239113e-03,2.571823498535412162e-03
9.982673777922911051e-04,2.354147850731751982e-03
1.005740896879340953e-03,2.938271502569783644e-03
1.030164293913133277e-03,2.172420935011716916e-03
9.752445751736185881e-04,1.789747196159951299e-03
1.010950361443502992e-03,1.472049782748017024e-03
1.007826392801932768e-03,1.678066828187347887e-03
8.134922250686123712e-04,1.910525643674797647e-03
1.277746877138882320e-03,1.566556511536121386e-03
1.184648543612652457e-03,1.141112203759645557e-03
8.425859309380119783e-04,4.601899873027684657e-04
1.246321599512006982e-03,1.247210598397390348e-03
8.261815843582807819e-04,1.350847963787939069e-03
1.110101502274028849e-03,8.388868056970354061e-04
1.215710077893993393e-03,1.323366141924171065e-03
9.145976817369242491e-04,7.405620071684440630e-04
1.346349537170111934e-03,1.027916476271251199e-03
8.469971103111934973e-04,1.282998161496980757e-03
9.036963540572366020e-04,8.014543994311115055e-04
9.471652477016804855e-04,5.051172202326544014e-04
1.314646026898111820e-03,1.106340416295002304e-03
1.399634351487089078e-03,5.757745296878364867e-04
7.994455783098834614e-04,1.527572736165388459e-03
7.588465786130607627e-04,5.437511643497525355e-04
1.153247972767321161e-03,7.525160769891765930e-04
9.811212986015121693e-04,7.069916623696175092e-04
1.333371438476229362e-03,9.149410252726662912e-04
8.645473167657410397e-04,1.043332367401718754e-03
1.609272957893885872e-03,1.359195231878139627e-03
9.129850074414489879e-04,7.874745340824561334e-04
1.402753746686474009e-03,2.657910197082391404e-04
8.310274081088571711e-04,3.320025120204954166e-04
6.463029728820400858e-04,7.843107182614370660e-04
1.494137523958956500e-03,1.164223595846507371e-03
7.616643639177771022e-04,2.662195519812678157e-04
1.183827357916396967e-03,5.609551337614404262e-04
1.383155934506521056e-03,3.419799722481021357e-04
7.214306695510465601e-04,1.115400202910943805e-03
8.527890506279165285e-04,8.801041745681416686e-04
1.137855622734977633e-03,5.096450338310201016e-04
5.234491377395151558e-04,3.558938630801892697e-04
5.797439157995139909e-04,4.021735155116563931e-04
1.329872591068330303e-03,5.256467239642118776e-04
1.155182016519882074e-03,5.194516147091016384e-04
1.102598776636961111e-03,5.630355228813956579e-04
1.180333636397056137e-03,5.898538041850061222e-04
1.098839051242852952e-03,5.981572852229219807e-04
1.052687488248722986e-03,5.646900946999479321e-04
9.853337428673727798e-04,4.901599782692295064e-04
9.918303984319449575e-04,4.132300746119748009e-04
1.146458460105059026e-03,2.939077909539096175e-04
1.408212052830942144e-03,2.058736948099127557e-04
5.999979969317522201e-04,4.014229400258494443e-04
6.913303194490966067e-04,9.796744917678985778e-04
8.238862646742678734e-04,1.070182424096086842e-03
1.087381773067443071e-03,3.844856182150466488e-04
9.695015608368851793e-04,4.710819039571880590e-04
1.252138769364035016e-03,4.400575286764351409e-04
1.040998403045056975e-03,1.325208991539670277e-03
1.182237948817834025e-03,1.119389356304069079e-03
7.605248062973818867e-04,1.403316175165033024e-03
4.465961143017578962e-04,1.196158461207725123e-03
5.009503356995834806e-04,3.310548864115255658e-04
6.667405164367577004e-04,6.486142549072964909e-04
1.128078727180182629e-03,5.460491422998517549e-04
1.342272856119455533e-03,2.799707290147624480e-04
1.035031494855686001e-03,4.564997405859895821e-04
1.159673853571407736e-03,1.052066123816503647e-03
5.658391897097686746e-04,9.895031140097333786e-04
9.323471480729713474e-04,1.060543961341574217e-03
8.497559833993648679e-04,1.279074538054564064e-03
3.787651484620194078e-04,1.291898352375932344e-03
3.699518528826863865e-04,1.338918236632199001e-03
2.757446932708187580e-04,1.364446773535522156e-03
3.732568151154838231e-04,1.376293215739430881e-03
6.775756820496755574e-04,1.369648302863192644e-03
5.088990141692475294e-04,1.341920793395331556e-03
3.904988858244683842e-04,1.295758094580783462e-03
8.742455561564733621e-04,1.196918285422119473e-03
8.671761008600738663e-04,1.003560506226871098e-03
9.651326078750479881e-04,6.147541977614016722e-04
1.364620538052494034e-03,1.396619822547249211e-04
9.397551491782249120e-04,6.452681217556452279e-04
5.227007637435273713e-04,1.148666118092010139e-03
3.953880632144356286e-04,1.227469724698158167e-03
2.475280663132938376e-04,1.101762498657974992e-03
1.937261535187183217e-04,1.018035530438701460e-03
5.275034643730582571e-04,9.236153759746036900e-04
6.060869113434670923e-04,7.537684055362646549e-04
7.839590904396596472e-04,5.742978327973761793e-04
1.191096186475106618e-03,3.469965640611661251e-04
1.089475029194023840e-03,2.586725637299803864e-04
1.359236870174083608e-03,1.772136865659020434e-04
1.177409735215406705e-03,1.616705449872359111e-04
1.183295279482934198e-03,2.162801853896497675e-04
1.041562490589626432e-03,1.751489156474356375e-04
7.371405176045493432e-04,2.502009802017450850e-04
7.787656323698471895e-04,1.255938322268546114e-03
6.351520490158997848e-04,1.007183927659039465e-03
3.905303250494147286e-04,8.347938675513195354e-04
6.964030645526641649e-04,9.444093386525422105e-04
6.042003892182622703e-04,9.100603345367759642e-04
4.439126589395946489e-04,1.405382174967332231e-03
4.912023612476219218e-04,1.224626402472210867e-03
2.892310257186462706e-04,9.405653279894179378e-04
1.579197933939641238e-04,4.103459692612716151e-04
1.226881980862550557e-04,2.011401316128954295e-04
1.801232481497844630e-04,1.292701381056652102e-04
3.305657307339455791e-04,1.465463802402681211e-04
5.485694631482713069e-04,1.849085335571585100e-04
6.046114173020503526e-04,1.726079696927632025e-04
6.495866823000923584e-04,1.200863486713013600e-04
8.021729625023122029e-04,1.337366635261532061e-04
7.224352596839410216e-04,1.454634310018366506e-04
8.037437769199908986e-04,1.522923091148825603e-04
8.231328439127599513e-04,1.577249733913543188e-04
1.019173362687467903e-03,1.565622804670281382e-04
1.167063014990862152e-03,1.197089085766712556e-04
1.191505080152487983e-03,1.695864449845343265e-04
1.420715238462877611e-03,5.625568275698076843e-04
1.180437446491001616e-03,1.272098736050507372e-03
1.196034890923560953e-03,9.302700521219572178e-04
1.177856194700784270e-03,6.606337884714230148e-04
1.028094843156868122e-03,2.763193791165560959e-04
9.774471648159599197e-04,1.194121699859835829e-04
8.029570872810750303e-04,8.362728890191979854e-04
6.183330638194335606e-04,9.514629362305343204e-04
4.875224253496770284e-04,1.071542847775548094e-03
3.726559140191852649e-04,8.817305402222062188e-04
1.389974678831134625e-04,1.156558553970480241e-04
1.224820621050639951e-04,4.611122753044913478e-04
9.429899480940469086e-05,1.144534678233193135e-03
1.442638576730950045e-04,9.503666847498929782e-04
2.128523958170851368e-04,9.509375584981463909e-04
3.500302845512265294e-04,4.864108598453228179e-04
4.479769965525494065e-04,1.195609421275733438e-04
6.321763771058981846e-04,1.219863165320227627e-03
5.277889624126327244e-04,9.309294075226524955e-04
6.602379562651470787e-04,1.239177522065124581e-03
7.460093650089721093e-04,1.301381984154752593e-03
8.301414824072745604e-04,9.736029055100419013e-04
1.089950883680569377e-03,8.556014258631662334e-04
1.355530122215281271e-03,4.795590973660354890e-04
9.740227435875742790e-04,1.981166878494887646e-04
7.904102886777551653e-04,1.252361858814993525e-04
7.261095047079255821e-04,1.159880570755465610e-04
6.777226690823935076e-04,2.387156902938111194e-04
8.623993546071909632e-04,3.881279574140934188e-04
8.982011323523876774e-04,7.256104602678647422e-04
9.800785304780324902e-04,1.154990876614857796e-03
1.171419622487766560e-03,1.119247404971656767e-03
1.405507002119446179e-03,6.148738603354787953e-04
1.338373534940859094e-03,1.550274657766681215e-04
1.356348167617747215e-03,1.604963265351472723e-04
1.331166804859370070e-03,3.855754850741507488e-04
1.188931143657392464e-03,2.783048494788593224e-04
1.050226616844173854e-03,3.188455953529875588e-04
9.194968467109676221e-04,4.019947261709173165e-04
7.851539931983313268e-04,5.465391890693185439e-04
8.359860556627766223e-04,6.784032349411688988e-04
8.107014735752532744e-04,7.664214360704993574e-04
7.769948621911361214e-04,7.475171553613583868e-04
7.191706901133420021e-04,6.291587133086113922e-04
6.998531240204762440e-04,5.190102619573153022e-04
6.922332540880741462e-04,4.430956620319108038e-04
6.978098948323049064e-04,4.419990222900262102e-04
7.222964780745590911e-04,4.336240595053467432e-04
7.284818886429297565e-04,4.049995024489794117e-04
7.331714456991890536e-04,3.661556751416643156e-04
7.327894389531936382e-04,3.352698982822750794e-04
7.322577403009192460e-04,3.239338179581526434e-04
7.305890426109831227e-04,3.222407410277809171e-04
7.165334612185984614e-04,3.220077695285726137e-04
7.306011410674999058e-04,3.147473628415442862e-04
6.990621243952860331e-04,3.035168648730826959e-04
6.817512014796815430e-04,2.750845815213609426e-04
6.484981408715602500e-04,2.362864822844913085e-04
6.817292428747398015e-04,1.683003933254584371e-04
6.626349733529111278e-04,2.062820656882536523e-04
5.906676653141585982e-04,4.599278284118481284e-04
5.688180162622102345e-04,5.002733505507695909e-04
4.978379942860999569e-04,8.866198397588947490e-04
5.269445779887807534e-04,1.008367067385272740e-03
4.979743272903900883e-04,9.290514638311615954e-04
4.773595488784798928e-04,1.093216222992161781e-03
4.842369488904857476e-04,1.359924076700713908e-03
4.503974777644243811e-04,9.734021062240387360e-04
3.988225948442080814e-04,1.034982135861202326e-03
3.953364290217656883e-04,8.274911258296269601e-04
3.529152570272780739e-04,5.591484034532699047e-04
3.540354785783679016e-04,5.965107212868301419e-04
3.137126584085961518e-04,3.564201364240185453e-04
3.398214835530366127e-04,1.195621085527277111e-04
3.138237348057619394e-04,1.193731572912352636e-04
3.098626651312449444e-04,2.013959524197469564e-04
2.993928660134043758e-04,4.054457809440893353e-04
2.796521367557780057e-04,4.452417312417216626e-04
2.904350842028412803e-04,5.646723699011564753e-04
2.625356442817036642e-04,7.847653099004364610e-04
2.398414570543395757e-04,7.272876931878070319e-04
2.442636611538220003e-04,8.252049373149011055e-04
2.311811060232530919e-04,9.564083030816780901e-04
2.060240340432384343e-04,9.885907404966456837e-04
2.042240653479855152e-04,1.046377136239252329e-03
1.890951190097899155e-04,1.112794642488472430e-03
1.813669203027987826e-04,1.283454026501382531e-03
1.591963894197637544e-04,1.229305339381916214e-03
1.834187786744042236e-04,1.264604811307434330e-03
1.675488357671332915e-04,1.318932976794294411e-03
1.537704809257143862e-04,1.410429177606458123e-03
1.519917236300833471e-04,1.411256985780140298e-03
1.358126619029145516e-04,1.385270643310350814e-03
1.245097970456560078e-04,1.351158118262175750e-03
1.038024999780144274e-04,1.322875687276892131e-03
8.272036145856065425e-05,1.282445024968742464e-03
7.132921624756546214e-05,1.305186933208939658e-03
6.656188303676758330e-05,1.287884187447481789e-03
6.639410080244033039e-05,1.295746335183612817e-03
7.200118096204677018e-05,1.310950651554021419e-03
6.962519886791495888e-05,1.345841939239759933e-03
6.981671585142232577e-05,1.351284854717999841e-03
7.026905495619881301e-05,1.362028292987033876e-03
7.251193308099729827e-05,1.364392090311441130e-03
7.255046419493786083e-05,1.385253740032002827e-03
7.110444232992232602e-05,1.405463241930500831e-03
6.940457530863150559e-05,1.411234190014368749e-03
6.616265987872331326e-05,1.413744264608363414e-03
6.597634942565779449e-05,1.369590953416321543e-03
6.818348435631778380e-05,1.288058195808187067e-03
7.902617923251865006e-05,1.175086056138560046e-03
8.145450730003056582e-05,1.057703466893035633e-03
8.480587929231136470e-05,8.888632667931664882e-04
9.166382090819395344e-05,7.683931436195186489e-04
1.070902922819346370e-04,7.577402457845976635e-04
9.755195921789965084e-05,7.523445452627596994e-04
1.063855975831217723e-04,7.221370788194289309e-04
1.097978109232689568e-04,7.337868660582587974e-04
1.118343699802570569e-04,6.883351341732970273e-04
1.178516030517297487e-04,6.865636186889329364e-04
1.251048280495643415e-04,6.649325345745706137e-04
1.272217950828758467e-04,6.477550820760035128e-04
1.422109292360934630e-04,6.378922031707877404e-04
1.391847388576393919e-04,6.281037086618892346e-04
1.435061621002656966e-04,6.242609567519748085e-04
1.574580797192685086e-04,6.191427421562528373e-04
1.513589990642072957e-04,6.129987549823496563e-04
1.640637818949937290e-04,6.045494408730308061e-04
1.597154178982760947e-04,5.908740108336307806e-04
1.640196071634111581e-04,5.723485994766956903e-04
1.662763507837419568e-04,5.408684224507359726e-04
1.708285663423132273e-04,5.035982244468159086e-04
1.791102000564918104e-04,4.255837462490128821e-04
1.800774603908289798e-04,3.667756343922827489e-04
1.858560463760791962e-04,2.457146252749839292e-04
1.933594317026806459e-04,2.727542166337304291e-04
1.909218969208174941e-04,5.250354220629928218e-04
1.939522091004018992e-04,7.180324451641507261e-04
1.982399083107271801e-04,6.364727510870042378e-04
1.979931911867805318e-04,6.926603465146248268e-04
2.002479370790191942e-04,8.858646744705669495e-04
2.035231370270717058e-04,8.669407146949322136e-04
2.052150587455568330e-04,1.217271336682081975e-03
2.081566239658192840e-04,1.224963039728968082e-03
2.094561937232427510e-04,1.347022930568016110e-03
2.121669032632615649e-04,1.401133103742364244e-03
2.173367146792799700e-04,1.268202516602497283e-03
2.154997705756262209e-04,1.312290803442606093e-03
2.201135065730642289e-04,1.233049300173202434e-03
2.174428074834264875e-04,1.064993853080672915e-03
1.776875992420469559e-04,1.125192436818134734e-03
1.779372305048684756e-04,1.077329041868153609e-03
1.799091092388887018e-04,9.437441075850685080e-04
1.501991942578389031e-04,9.826274784326760950e-04
1.512572331817174708e-04,9.767729681413946270e-04
1.539266730729838527e-04,8.922490144804161218e-04
1.502491497483908565e-04,9.610297782909446758e-04
1.449809523183009431e-04,1.070631613223778887e-03
1.317539434954853226e-04,1.083483510629621805e-03
1.212830428476940317e-04,1.106801105885324736e-03
1.103063197227801493e-04,1.197162907753003503e-03
1.107159354489569970e-04,1.193105594647646522e-03
8.075758084413959051e-05,1.214673535922039700e-03
6.547731900446085093e-05,1.280257141195968468e-03
6.796931168055195878e-05,1.257302427648509342e-03
6.558040487389202734e-05,1.415485480272575146e-03
6.682280548127880835e-05,1.413771729137908335e-03
6.538668818013465046e-05,1.419136527790264279e-03
6.655885016082037288e-05,1.364266588066342630e-03
6.847757960740716960e-05,1.284399271266107971e-03
7.756413197648727930e-05,1.309436481140246545e-03
8.202354176717151354e-05,1.269100017202061826e-03
9.732199640982927840e-05,1.294178961419524933e-03
1.001250853051665571e-04,1.310448936081860328e-03
1.130474236584732970e-04,1.324181616509588402e-03
1.193538427769921627e-04,1.343992976671936051e-03
1.409848892070569219e-04,1.399712965387172334e-03
1.339063265792201436e-04,1.270822115373291010e-03
1.413675612448345869e-04,1.229152550244993515e-03
1.603146692352385122e-04,1.269447490810720345e-03
1.636976773895512725e-04,1.133972494437417459e-03
1.828506892374232105e-04,1.093966004382698667e-03
2.008209212127477045e-04,1.013536386144794302e-03
2.120910191109237532e-04,9.584099638233916675e-04
2.315492912268422583e-04,8.569299679416426171e-04
2.283535199468641694e-04,6.228471989535443350e-04
2.386192987679730353e-04,5.019214113278959053e-04
2.495622504194011377e-04,2.455609951047578996e-04
2.468159045250908966e-04,2.168248630991829811e-04
2.569152653132662865e-04,1.179092937637959347e-04
2.684607036451263653e-04,1.168974223189533023e-04
2.736688196852966035e-04,1.794207937995994978e-04
2.911362829728566257e-04,2.047367683019971226e-04
3.052644571981867226e-04,3.099271101861484430e-04
3.173977852720246220e-04,4.170789168179101988e-04
3.265895868284016948e-04,5.817632964143557408e-04
3.302611448439024848e-04,5.476061189177319592e-04
3.408742232988765846e-04,6.197358041427685968e-04
3.437217237595442242e-04,7.556173636339427128e-04
3.531386770426297159e-04,7.550347889525547843e-04
3.583219136154169762e-04,7.968719385521849663e-04
3.686465518328785806e-04,9.094942040833730885e-04
3.870735045212406883e-04,8.964337128488333211e-04
3.934459319383762127e-04,9.441140063125845906e-04
4.007976498153279486e-04,1.069665355266719280e-03
4.066431758022123494e-04,1.223899428397430458e-03
4.179142470612527737e-04,1.302072399013919383e-03
4.223660323551257684e-04,1.310711975847944112e-03
4.324733216516421204e-04,1.319438935984377061e-03
4.462766859793667966e-04,1.353321899240254303e-03
4.401545914909308884e-04,1.416643969505980470e-03
4.454810726947807092e-04,1.387544447891598262e-03
4.583268157873974895e-04,1.417462049433147221e-03
4.686568781684140382e-04,1.369529095553194235e-03
4.912456633957470445e-04,1.335994382922396986e-03
4.725281010933421390e-04,1.307013113183416080e-03
4.821609952353685417e-04,1.317709440862988067e-03
4.908220459856099845e-04,1.312683359935953474e-03
4.900440764871907395e-04,1.377512839834256833e-03
5.169075872666874715e-04,1.408468319789322369e-03
5.147271559995880100e-04,1.337322008247303178e-03
5.483342681334685926e-04,1.269194177302831452e-03
5.412942237053955689e-04,1.292219856428489374e-03
5.469927683496455693e-04,1.247224189498208043e-03
5.490450586342505166e-04,1.148222674765005330e-03
5.531748056349867007e-04,1.113148178378549130e-03
5.645159440661279239e-04,1.066281669841646429e-03
5.570729114302033725e-04,9.855265120580999384e-04
5.583042635869393030e-04,8.938882771538097941e-04
5.725851720233129331e-04,8.167781468325041551e-04
5.770383517743659166e-04,8.131392542685573219e-04
5.902762983782529164e-04,7.889536137540624451e-04
5.923860936868686772e-04,7.211455268063932892e-04
5.982612306137950926e-04,7.274995549651867019e-04
6.042434153923074329e-04,7.026135049443853935e-04
6.249772522445146399e-04,6.645009239247398267e-04
6.213358407699564635e-04,6.539530488758343472e-04
6.253802549011376654e-04,6.354201489724561544e-04
6.296271411842027915e-04,6.237592421896167661e-04
6.407520791129013094e-04,6.046569084392428494e-04
6.457529699724942314e-04,5.925948302835776747e-04
6.647094647042639829e-04,5.516948971410512610e-04
6.629567644660219793e-04,5.724916718140578937e-04
6.647899336200902487e-04,5.895570235807441216e-04
6.738158608882503613e-04,6.787269961604494237e-04
6.716614957668983919e-04,7.375141461878587882e-04
6.767790840230660313e-04,8.293358153701907995e-04
6.790104341121954833e-04,9.178531871728422709e-04
6.922149297601097465e-04,1.064982000609301580e-03
6.970730137710481975e-04,1.231016212084976675e-03
7.077552831835400016e-04,1.296434958248202964e-03
7.201649508157570998e-04,1.418173721004969056e-03
7.245643568363740582e-04,1.361558219235002674e-03
7.458166425925892226e-04,1.256099151867161529e-03
7.518986275380734564e-04,9.179529311298059453e-04
7.496866190971070805e-04,1.040657460421635450e-03
7.561344316003392298e-04,9.497461199114172860e-04
7.644987813424965195e-04,8.899876878379702448e-04
7.727191180143865110e-04,7.889323763169332369e-04
7.916180675917092570e-04,5.351051711110826805e-04
7.983823847535657459e-04,5.803026426329917307e-04
8.126122051318120272e-04,4.988780427440437813e-04
8.087129785230993051e-04,2.823283718032468660e-04
8.153508529666561328e-04,3.067669852073457012e-04
8.197114785520655819e-04,2.135512471295110848e-04
8.311093195139250978e-04,1.122035074309277034e-04
8.240417013371492379e-04,1.403426340726849882e-04
8.299262101892987279e-04,1.220430685267247104e-04
8.428466010197660334e-04,1.119326326972941448e-04
8.472251073791393873e-04,1.252043606315717949e-04
8.579853794723864757e-04,1.741182424496037849e-04
8.689856012531203865e-04,2.447488202278209749e-04
8.770781152803745415e-04,3.644512463679797391e-04
8.865404233026752531e-04,4.434745618791226186e-04
8.918745817115098732e-04,4.695680373858347311e-04
9.002224262873034181e-04,5.874126398735147895e-04
9.060710858247182555e-04,5.549916116949953418e-04
9.131079758001288751e-04,6.495045648873203721e-04
9.243014232459505338e-04,5.754828441294992545e-04
9.431160192656579989e-04,6.026087109321062903e-04
9.615426376721447057e-04,6.090179090991741954e-04
9.774992364874220390e-04,5.685444730675095733e-04
9.790050945957483580e-04,4.347588403540331463e-04
9.797605288531332536e-04,3.305214120027468220e-04
9.935690278820416468e-04,2.893516836293090607e-04
9.949016227442644342e-04,2.499757779767872038e-04
1.006604172193785408e-03,2.049758533428520642e-04
1.026992741407507228e-03,1.163793612679382044e-04
1.042058727158055994e-03,1.151909102322607804e-04
1.053969907224983375e-03,1.143134734904879894e-04
1.055671412293794154e-03,1.673474500013525962e-04
1.061407323454458202e-03,2.393270011329556076e-04
1.072229923262452448e-03,3.455169185062725900e-04
1.089898489425705861e-03,4.881165974632873674e-04
1.104690266064079374e-03,4.825362550392642193e-04
1.115075669086751809e-03,5.272571157159019724e-04
1.139207179157862527e-03,5.855869266677032111e-04
1.132659982096652970e-03,6.022963777228210061e-04
1.169827194346759842e-03,6.249783311660648318e-04
1.178178146186616409e-03,6.335190169440757307e-04
1.187065060137153672e-03,6.217539726515219954e-04
1.206297732160188868e-03,5.707999375414501628e-04
1.207031921772792763e-03,3.919127614011188145e-04
1.215061274434220276e-03,2.971890206959864320e-04
1.220341837855443666e-03,1.472496004835456042e-04
1.234297040216875705e-03,1.441561525857821917e-04
1.285179956718713809e-03,1.145195829847401193e-04
1.302546166046554673e-03,1.903809250752361434e-04
1.310597313076682351e-03,3.809316144065652185e-04
1.310348192690602865e-03,4.129371009358732600e-04
1.320312603693119717e-03,4.667929681871552301e-04
1.312043569477358866e-03,5.125543082143253987e-04
1.319850790257097190e-03,5.981357106281610979e-04
1.333210972677003866e-03,8.099198208023814481e-04
1.342268326041643096e-03,7.493706989169794837e-04
1.364188535974939463e-03,7.576191919389333460e-04
1.362318031269702488e-03,9.073413717284889045e-04
1.370914250619654357e-03,9.299296595999508508e-04
1.370773182902638825e-03,1.023634145129236365e-03
1.373030101316263449e-03,1.089912800576385522e-03
1.375205441343761888e-03,1.108427191801602098e-03
1.388689398806034880e-03,1.145034418356129322e-03
1.390348019082195043e-03,1.241199957791562329e-03
1.410513645280115323e-03,1.198764683185443063e-03
1.401479108557270124e-03,1.245793118226407644e-03
1.387543941441334592e-03,1.317626751423179015e-03
1.383922676470314330e-03,1.305181845325430407e-03
1.366181534268913565e-03,1.333487515509183471e-03
1.368151860547156713e-03,1.299104489159836045e-03
1.359093121207849983e-03,1.296495729528655090e-03
1.332700928288000968e-03,1.230000943987721515e-03
1.340991182519533269e-03,1.232064512422233714e-03
1.337762815557976340e-03,1.232910098896795956e-03
1.316376436076210910e-03,1.159013481782461986e-03
1.328398674877415836e-03,1.143885791305190077e-03
1.321341723111097441e-03,1.020805548453497524e-03
1.305199893887507793e-03,9.834698550539797135e-04
1.309450519835404737e-03,9.135826339873224069e-04
1.303079707488902488e-03,8.075327207474157628e-04
1.294389206180194618e-03,8.196847291780267643e-04
1.294838963374934059e-03,7.491161424404898248e-04
1.284669221968334557e-03,6.265173325118504567e-04
1.267720091452611718e-03,6.468758751762417958e-04
1.252527330705455449e-03,5.808664008116657361e-04
1.228706197471035599e-03,4.775466803041664328e-04
1.223400113021577695e-03,3.987307481998491080e-04
1.219438550578232734e-03,2.810299373243486942e-04
1.195759228775692632e-03,1.817703578601759977e-04
1.204662316038448457e-03,1.125470635818509032e-04
1.199743896604805885e-03,1.895957424521616842e-04
1.196789819943469427e-03,1.594111981353475206e-04
1.184228987951769715e-03,1.228614595524371079e-04
1.189594434264407185e-03,1.115612114904843436e-04
1.186875178537196958e-03,1.147640058791097407e-04
1.182228753895072683e-03,1.515317289068049736e-04
1.166878495918633081e-03,1.785876414336112663e-04
1.168908303642530360e-03,2.564335795874315180e-04
1.161333873635313685e-03,2.612075873151859136e-04
1.145608917979043691e-03,3.367353504237489449e-04
1.144379866392093758e-03,3.043905270644009444e-04
1.125784701277300235e-03,3.522639426203962466e-04
1.118313932784494079e-03,4.123382649219359459e-04
1.091303844932179842e-03,3.959716132592910128e-04
1.097033638745906290e-03,4.075665486930551236e-04
1.092578098726090753e-03,4.405014577399882095e-04
1.089440233850875409e-03,3.972293195087341143e-04
1.085481129429241099e-03,3.699273277683548132e-04
1.080930160492125577e-03,2.849859942117145524e-04
1.087279580596226284e-03,1.607985131286031940e-04
1.087369412881026383e-03,1.602221561372497072e-04
1.074001103545441094e-03,1.505990372484561227e-04
1.077799492618170592e-03,1.120918350402975099e-04
1.071899387761484235e-03,1.139306349358283220e-04
1.052235446609362662e-03,1.225397068871556764e-04
1.053986821704651832e-03,1.673534365254641541e-04
1.046519548874369878e-03,3.185161322847734921e-04
1.024392143238042358e-03,2.840769827942178291e-04
1.030380691969404530e-03,3.209395631652694754e-04
1.023058308550849884e-03,4.322154638744778459e-04
1.002243594292166360e-03,4.162085952735630778e-04
1.011720528168456911e-03,4.991788890835246540e-04
1.007298836218467088e-03,6.224327124268395472e-04
1.004093590357927430e-03,6.223687970473568143e-04
1.001653974682642674e-03,7.189757803565133016e-04
9.980748193057339870e-04,8.033147951826182789e-04
9.935879399457772307e-04,1.043470965742238467e-03
9.820002281373746769e-04,1.049779832841204238e-03
9.852450473147352904e-04,1.119756900315822942e-03
9.794009523365876900e-04,1.196589032128410682e-03
9.663179949427730918e-04,1.193288680952790063e-03
9.679082472476310773e-04,1.216819473376548741e-03
9.604245028375193224e-04,1.263737376819973899e-03
9.587737984249630838e-04,1.310641619649018487e-03
9.477156072478922855e-04,1.365382129109989464e-03
9.492918325786340759e-04,1.379956882546683195e-03
9.402351699604044599e-04,1.415719679532092233e-03
9.359886491071898844e-04,1.406180081094797040e-03
9.208879370164275643e-04,1.412420134639128791e-03
9.263902018838892976e-04,1.400366928792330266e-03
9.241769744702738650e-04,1.381227852244242904e-03
9.099255318908391118e-04,1.355106418787927532e-03
9.043004870849037950e-04,1.338113479613054066e-03
8.851448122545303807e-04,1.322494982290714277e-03
8.822172732079841496e-04,1.312437910916341120e-03
8.703967346895814762e-04,1.283678741934342641e-03
8.536939566894606026e-04,1.337166935970275552e-03
8.592082936407033095e-04,1.347777606672641900e-03
8.538135700785871255e-04,1.326072075465872888e-03
8.425867462676422861e-04,1.366669672367220320e-03
8.473791910978907592e-04,1.342453428664026980e-03
8.457249268276733744e-04,1.234143315237145678e-03
8.446329784218201261e-04,1.147316347617064478e-03
8.391678257851547043e-04,8.195936803343516512e-04
8.430355575422726665e-04,8.927173133112518456e-04
8.411024387285772697e-04,7.062539053528904239e-04
8.394162025717920783e-04,5.832018516050516566e-04
8.349577105532725741e-04,1.174973101596605315e-04
8.316793925355506038e-04,1.705880309446675645e-04
8.245066145569662124e-04,1.174434271981247011e-04
8.230316506431386517e-04,1.770566346452038826e-04
8.081048646583319402e-04,2.390266936644827448e-04
7.814199555489162452e-04,3.334494168908317909e-04
7.741761415811301839e-04,4.631107736055520437e-04
7.680997895144343586e-04,4.437088461747694824e-04
7.594094724467567985e-04,4.569765804500676735e-04
7.580978311492880687e-04,5.365159212065966771e-04
7.472711562805430668e-04,5.508923863798685129e-04
7.659584373930184657e-04,5.618664914736449341e-04
7.669743443138457920e-04,5.653392988571156932e-04
7.683180407614825531e-04,5.614171156204407747e-04
7.767075222135266148e-04,5.504746349437488525e-04
7.819728401397719065e-04,4.922569034299582825e-04
7.856058511453511235e-04,4.606898647807424244e-04
7.850127642475634255e-04,3.469956242939897209e-04
7.660859347116797009e-04,3.437761669515202725e-04
7.319130159744949987e-04,3.643041465508396878e-04
7.254453442695984154e-04,3.066525677736236665e-04
7.218939177059816633e-04,3.636095739109467960e-04
7.126851613173375375e-04,4.481381220506545741e-04
7.229673334603198276e-04,5.513639926003142521e-04
7.452342247049073510e-04,5.671247457561465199e-04
7.502996908487719139e-04,5.636721267561920021e-04
7.467238252955359307e-04,5.745425657965335829e-04
7.445812106318142011e-04,5.344652118517140412e-04
7.376496001791280196e-04,5.688192870138505421e-04
7.343087920782991398e-04,5.533457827875469222e-04
7.254280091255249554e-04,5.582280653454837127e-04
7.111422665892301858e-04,5.833756527963031421e-04
7.058260402170760898e-04,6.795503493578973313e-04
6.891937034819497218e-04,7.216772494533152046e-04
6.944588579342237831e-04,1.157052325239896423e-03
6.859576972596914506e-04,1.189112908864700495e-03
6.843174150321065970e-04,1.268909122486807295e-03
6.894664220885527101e-04,1.409256129488760650e-03
6.890074864065431339e-04,1.316185534086991528e-03
6.873155324703700709e-04,1.163499641624722017e-03
6.888213233608184247e-04,9.917175466660991395e-04
6.874445670982894975e-04,9.483126778735724701e-04
6.825918045873878960e-04,8.308392186678477094e-04
6.716977905750163300e-04,6.012529400667922415e-04
6.525877169613603351e-04,6.577315375247955566e-04
6.553451505922204372e-04,5.317869165006858028e-04
6.578804008979189299e-04,4.006052456511110561e-04
6.564735892407028628e-04,1.138851416927926153e-04
6.542465151276961790e-04,1.176721028495424483e-04
6.482740162369939616e-04,1.136225026574781314e-04
6.519688080910199376e-04,1.558930229455126432e-04
6.569547654235959912e-04,1.916240220364386125e-04
6.630008457101740525e-04,1.856524563139260885e-04
6.667160671152169531e-04,1.672435401288130115e-04
6.691544404662281989e-04,1.169514903799834721e-04
6.759310310258747441e-04,1.304245495799606657e-04
6.839530527939061307e-04,1.732872388582563038e-04
6.905179018458604441e-04,2.134020903032090709e-04
6.815066444003833315e-04,2.446780156289573476e-04
6.756576080759865623e-04,3.220287155688379352e-04
6.574466071619613399e-04,2.642409016774872367e-04
6.477756077701691097e-04,2.826128520527978485e-04
6.088863670574179866e-04,2.523919213029237382e-04
6.244082942498744822e-04,2.037860449219002282e-04
6.323489188721642543e-04,1.685905700582007955e-04
6.487527154533062439e-04,1.662928798971812796e-04
6.547919987402214381e-04,1.371191048061976014e-04
6.459592263740952366e-04,1.096859064666446564e-04
6.441515461464086215e-04,2.013897614992240625e-04
6.424051377555917370e-04,2.338522483926397323e-04
6.396168318731752398e-04,2.923073887288985765e-04
6.316664251681028928e-04,4.804456880383954349e-04
6.292503292195042322e-04,7.300591728566987060e-04
6.223542688646828891e-04,6.595873214095248618e-04
6.218923694551504750e-04,7.194058940430441340e-04
6.216823413421477184e-04,8.700249787400651802e-04
6.302430694657294502e-04,9.028375143036130191e-04
6.286151524798823560e-04,1.104399816646963860e-03
6.194587403463359173e-04,1.268894118909627599e-03
6.167957620621185473e-04,1.376332736284630780e-03
6.129072354405787001e-04,1.233129350122854229e-03
6.079349683096433752e-04,1.303541829424764405e-03
6.050321050827901564e-04,1.238922501990634981e-03
6.017247962219079462e-04,1.129984144898119438e-03
6.011729528526407263e-04,1.047265413933214659e-03
6.035098360938089988e-04,7.531349399583046889e-04
6.097512580963655249e-04,8.335670499791007293e-04
6.086742008403760347e-04,8.355926686676209665e-04
6.040948464816717645e-04,6.985450865460843869e-04
5.936463355515864907e-04,6.546756757560002722e-04
5.918099871400839740e-04,5.029070693559074389e-04
5.977771808303678977e-04,4.391445342835411107e-04
5.980819563267218957e-04,4.715383627317577407e-04
6.054780361631187293e-04,3.048801157726772470e-04
5.974450575490787259e-04,3.241144441964480911e-04
5.936896202706074465e-04,3.039669212116501173e-04
5.809372497988276847e-04,2.025879985906222508e-04
5.806813186440126437e-04,1.372920059087557297e-04
5.760780763080738422e-04,1.100510857626456904e-04
5.673076934277028124e-04,1.186117694012316434e-04
5.566034538806566073e-04,1.591354439985265842e-04
5.556407092188275863e-04,1.424003086387442467e-04
5.821340125835994120e-04,1.321070334904696892e-04
5.795380305457385663e-04,1.866880760609005915e-04
5.740674499423858036e-04,1.995857020447023818e-04
5.815484000769382492e-04,2.130697854458583125e-04
5.968570053392451133e-04,2.400751641246752163e-04
6.099556119410177394e-04,2.223048735016391214e-04
6.158588279146744778e-04,2.758918445162455144e-04
6.011389906095765488e-04,3.000449497424330435e-04
5.757262819028056066e-04,2.945775301633948699e-04
5.544972385807222766e-04,3.168059205520653752e-04
5.379869699598119684e-04,3.167842490743544249e-04
5.363569071623868617e-04,3.402119616589641430e-04
5.350841561216602114e-04,3.434372633600599818e-04
5.302563287712186912e-04,3.509792360371959889e-04
5.416872065907499386e-04,3.601896378586086139e-04
5.312707931899637165e-04,3.651994588990901936e-04
5.344136642750970268e-04,4.215566320050630981e-04
5.411190222180257666e-04,4.069387171530620593e-04
5.411468560757141683e-04,4.006653971121999216e-04
5.494428475628808026e-04,4.480517989739425449e-04
5.717738752065265303e-04,5.185578623852060004e-04
5.664989950785596137e-04,4.796640098338777244e-04
5.318757475715423346e-04,5.030319961791349798e-04
5.296091649826072242e-04,5.119176706247574116e-04
5.326359245231944905e-04,5.513092628203600286e-04
5.649380500527494521e-04,5.308361005469706224e-04
5.546436524070247343e-04,5.516780026722273474e-04
5.413711923068873378e-04,6.104194264546962748e-04
5.381314218244776524e-04,7.466785434865284279e-04
5.300936164307753834e-04,8.090487193597057378e-04
5.188465999968817129e-04,7.104086398441924327e-04
5.041659004085669287e-04,7.939837554402205287e-04
5.069994228506676231e-04,7.554047897055912774e-04
5.041381034125516376e-04,6.780951566181244805e-04
4.982317856377721987e-04,6.393113885103516485e-04
5.255164000725663989e-04,6.006475407691672357e-04
5.297797223058373995e-04,4.232248771244445673e-04
5.420850450159320471e-04,4.067394358566836271e-04
5.475865338536259905e-04,4.275329694071260773e-04
5.482516101288879840e-04,3.366700839637279115e-04
5.487120712697970580e-04,2.888629659870837530e-04
4.938704834130265000e-04,1.928221027551191562e-04
4.842616704918021524e-04,1.796702510020662649e-04
5.008879175046160011e-04,1.150821453876927096e-04
5.012225424430380308e-04,1.479992651657297909e-04
5.031882652045824777e-04,1.798744600443775445e-04
5.087796130895013693e-04,3.008775093242202904e-04
5.216350059495808910e-04,3.968951025138846159e-04
5.247943891941005351e-04,5.389246156247702157e-04
5.197458921000964365e-04,4.981523500447264646e-04
5.299733472563923587e-04,5.769654394108964792e-04
5.266031465839389426e-04,6.332918500521270144e-04
5.181509222513419090e-04,6.617736565811890978e-04
5.181619521939871253e-04,7.289750270381636791e-04
5.058589200780301293e-04,7.848608404511446231e-04
4.976847420068184836e-04,8.098289634221191675e-04
4.895956611174927860e-04,8.260201511562596105e-04
4.679485534145709914e-04,7.288870978171732009e-04
4.776962714260348615e-04,6.782318629472827015e-04
4.923014157031683959e-04,5.400103004081758216e-04
4.921526264899408034e-04,5.469300729205484480e-04
4.942923424850921696e-04,6.192092296318596565e-04
5.028104871700453176e-04,7.132436609561419380e-04
5.187057012502572454e-04,8.330478295514657768e-04
5.243070422173313084e-04,9.383300932167492302e-04
5.171749960231848469e-04,9.478533810549335040e-04
5.162734238264661459e-04,8.624241269390953927e-04
5.113316029451859266e-04,8.782655191951350537e-04
4.971387094336361277e-04,8.936705025730355429e-04
4.854726242336680417e-04,9.312770259798546554e-04
4.893487914198775676e-04,1.147833669775518046e-03
4.689074872536277061e-04,1.123729216436646344e-03
4.746558114158273118e-04,1.219869963792216336e-03
4.659027533302470049e-04,1.261010411987264525e-03
4.616425411545283701e-04,1.334415470569426127e-03
4.575899128947616824e-04,1.257391328407051400e-03
4.453972388771651643e-04,1.320575716382681739e-03
4.502466952969528917e-04,1.269509833792515328e-03
4.703266498648888132e-04,1.187333265693726620e-03
4.692315015311894835e-04,1.095505257938426567e-03
4.715714018195695900e-04,1.043556234199595652e-03
4.806118456013448964e-04,9.103672058360792263e-04
4.808079163262144297e-04,8.775369770270337625e-04
4.808898998898420828e-04,7.612160324548162844e-04
4.747588966847165874e-04,7.372410207606366157e-04
4.707207795254894525e-04,6.791018369492444898e-04
4.675292137184202420e-04,6.063512624038931926e-04
4.542560020481075018e-04,3.754395177665505894e-04
4.518921344267524064e-04,4.100873055478785082e-04
4.406803679191404551e-04,3.663593678948866132e-04
4.371830542899257503e-04,2.272279737760857113e-04
4.415036091869013269e-04,2.783425427137275272e-04
4.435429465546383300e-04,1.164788352168090766e-04
4.601190142558882895e-04,1.096918661449851654e-04
4.839842354145272476e-04,1.325316038605893758e-04
4.930907325678400045e-04,2.280041601724319526e-04
5.010526833676394801e-04,2.829924023029393109e-04
5.007477535997039699e-04,4.149853728931321558e-04
4.893045865746925484e-04,5.761251132768532065e-04
4.717491117118337253e-04,5.887700728393699141e-04
4.258921995144056825e-04,5.932187048094063244e-04
4.067483095987363124e-04,6.677136984495099341e-04
4.238919790774426256e-04,6.459762112500814840e-04
4.466626645650544221e-04,7.169711352986051682e-04
4.535518206064528064e-04,8.362810924644691578e-04
4.488856773782918543e-04,8.886879228039535695e-04
4.442201540727128118e-04,9.822560215489060335e-04
4.430827857284482581e-04,9.345784709852166840e-04
3.999804013825950509e-04,9.702658015349819361e-04
3.359489725990467404e-04,1.024938180222228394e-03
2.872522628346544792e-04,1.001830247632784932e-03
3.191571961299833281e-04,1.003352663186245827e-03
3.080092790170821555e-04,1.031482967129147398e-03
3.048133737847551249e-04,1.065041186934364984e-03
3.163851247023634263e-04,1.046385469127585023e-03
3.186708501915801791e-04,9.884500928008640910e-04
3.112588615804181419e-04,9.796904427512129372e-04
2.969870064386742137e-04,9.422314316699433598e-04
2.960158421638884891e-04,9.197000975093364006e-04
2.985196050463953836e-04,8.727800881328935364e-04
3.050454595276621693e-04,7.595554605462018433e-04
3.161440564024578189e-04,7.359212032143014554e-04
3.217284139365455967e-04,6.866474387846212410e-04
3.352432571416997403e-04,5.761023903256681572e-04
3.730670566188006693e-04,6.265117513179551756e-04
3.826346013056507482e-04,6.057252874275566822e-04
3.966721254267097487e-04,5.192663094875601439e-04
4.139328305994254952e-04,5.375504837872305741e-04
4.006034111713580557e-04,3.864764868543110071e-04
4.135489762411682728e-04,4.114248754121869914e-04
4.455448000414438214e-04,4.112188409635142991e-04
4.489125036910175930e-04,4.010962763233877652e-04
4.601252500707848025e-04,4.358614756106173028e-04
4.873340610281253361e-04,4.325984160574398779e-04
4.835654382417152518e-04,4.371187748947992719e-04
5.006553030142529273e-04,4.672506079248430074e-04
4.926402765843880148e-04,4.816095864341394519e-04
5.208557142769919095e-04,5.179733817624127207e-04
4.700379823638493643e-04,5.127667164004834268e-04
4.330365248374826431e-04,5.691312014766627828e-04
4.185865596856420501e-04,5.901155461169688100e-04
3.509339277449508997e-04,5.841913827021162717e-04
3.305836465667734989e-04,6.361422839314695042e-04
2.659163005182987698e-04,6.762454026498780808e-04
1.578675338965924481e-04,6.963795961634870746e-04
1.005610408406650528e-04,7.719134447438198363e-04
1.267434518476063035e-04,9.352612192473676051e-04
1.300673117311462539e-04,8.826286737440968561e-04
1.217444880345828985e-04,9.185916087696604018e-04
1.321742046537281398e-04,9.435815902963855337e-04
1.620297042020175026e-04,1.023109896708851397e-03
1.275181179802471212e-04,9.771355133400020862e-04
8.825118803088214379e-05,1.020487079168578637e-03
6.713309502455370537e-05,9.958971291133876611e-04
7.455506580247924940e-05,1.005190562498356260e-03
9.785162101083174301e-05,1.056283695293228466e-03
1.270810986853406594e-04,1.051041855205372619e-03
1.605600627449423469e-04,1.061975960931158154e-03
2.146381286480357877e-04,1.061658295848274527e-03
2.035919295380047645e-04,1.025614880094050368e-03
1.907903754009738779e-04,9.722072068617898478e-04
1.690827517155694623e-04,9.371962511279662445e-04
1.220092600590011927e-04,8.938017974090664607e-04
7.551711470066421131e-05,6.312001167608656798e-04
7.602377926014362310e-05,6.009060407551009095e-04
6.703778851172909796e-05,4.906370943624515941e-04
9.115134126450345417e-05,3.125721985368281469e-04
1.136679225961923086e-04,1.736750943238432306e-04
1.196275039679463255e-04,1.098188502883570692e-04
1.286633216750887718e-04,1.884924162329612216e-04
1.381141406256670078e-04,1.817675616197197204e-04
1.168440364111726962e-04,2.511037011162299310e-04
1.187038059757848695e-04,4.323906740339050780e-04
1.079202658344578911e-04,3.222529851400205347e-04
1.178793043078142183e-04,3.656419240008793817e-04
1.561496990265212495e-04,4.028241255424462619e-04
1.604692115940665933e-04,4.612659283020616673e-04
1.717963135111524701e-04,4.350841873914264562e-04
2.022671550039107280e-04,4.775579331159507542e-04
2.037813774020507383e-04,5.446963746242909025e-04
2.109901718273028584e-04,6.163898385083916914e-04
1.939569490219752741e-04,4.813070379090492634e-04
2.011613953874806439e-04,4.117658664333652386e-04
2.438221929409743250e-04,4.667302693360506939e-04
2.554217564591474169e-04,4.736736994650874973e-04
2.633266031891195623e-04,3.438553730507588023e-04
2.880765689722630872e-04,3.712431080002302286e-04
3.458443560745968278e-04,3.935156958488627860e-04
3.483966318266998492e-04,4.010156951394946946e-04
3.015057375019683842e-04,4.676667341276792653e-04
3.131043940927820922e-04,4.792206543561563733e-04
3.181177548473950161e-04,4.827133690230097523e-04
3.237376591908954935e-04,5.213893032295910997e-04
3.308782799227030715e-04,5.024225997688198768e-04
3.324067254939553186e-04,4.873794665853277441e-04
3.351883908569313372e-04,4.701587847509411302e-04
3.367298759506370245e-04,4.116881894827077422e-04
3.369533446764649658e-04,3.978498628608251406e-04
3.368608148346819570e-04,3.057278079143902773e-04
3.359927310944497004e-04,2.665705303953563149e-04
3.367948552786813343e-04,1.111589534038504647e-04
3.417317728094386334e-04,1.096245588038613847e-04
3.249635085688564059e-04,1.108524455221975594e-04
2.487528743421898829e-04,1.191502822220619190e-04
2.511025673192247560e-04,1.149638185302437104e-04
2.464666453100360739e-04,1.148373476137803017e-04
2.545013233989584594e-04,1.158292227582814168e-04
2.536300722740618668e-04,1.097843222901089796e-04
2.051436811608523024e-04,1.228460864130041894e-04
1.957912734404733174e-04,1.135156533623084426e-04
1.856596952449007321e-04,1.096439581430579162e-04
1.525152887795749185e-04,1.422333466934810984e-04
1.281616184254173025e-04,1.461477172897721836e-04
8.582131005265204076e-05,1.497700901918897073e-04
7.659886764069126844e-05,1.149037907881416147e-04
7.057735966010735907e-05,1.179362804191994615e-04
6.326057062677006599e-05,1.404103537163829988e-04
5.599713941803074227e-05,1.560764128223857876e-04
5.554964926154019433e-05,1.762403187356196914e-04
5.560398478524945722e-05,2.091760048717711089e-04
5.733698894010083862e-05,2.869574051917414981e-04
6.035759892862790292e-05,2.806954980557113872e-04
6.128463805358483904e-05,2.937751169409267486e-04
6.957577170848664751e-05,3.462439581493330257e-04
7.304250098296490717e-05,3.542306245005008201e-04
7.920962231329771561e-05,3.581196828508741029e-04
8.170521007631767431e-05,3.520376794298918279e-04
8.088463476016103922e-05,3.686456075993931806e-04
1.392496106305191929e-04,3.631037171738084953e-04
1.240456709697045025e-04,3.257182215024134308e-04
1.132733805225727457e-04,3.633828789866919021e-04
1.475202148712507263e-04,3.782955707593584592e-04
1.363841057248880463e-04,3.827214119194846166e-04
1.136735443633086557e-04,3.839003522122401207e-04
1.188675653355545324e-04,3.731604440391896797e-04
1.350188646588072142e-04,3.681827216372844267e-04
1.807426054310887382e-04,3.434551706954803714e-04
1.803795872337783028e-04,3.174803657269320589e-04
1.727123462946553276e-04,2.954777825465216049e-04
1.809823535974130375e-04,2.610798813952197746e-04
2.253665310637299757e-04,2.762921775561027180e-04
1.924877086375638598e-04,2.574625732135217017e-04
2.133326281052957984e-04,2.262726344764078999e-04
2.222408482199788606e-04,1.969367162986297986e-04
2.365361298284380934e-04,1.488655174835507261e-04
2.421210147427745279e-04,1.139819818849403842e-04
2.809365875553987793e-04,1.077795283468568920e-04
2.799176082241157360e-04,1.283480568211396158e-04
3.012564261594283472e-04,2.089770702020087858e-04
3.466994115777699754e-04,1.954295175055628458e-04
3.335131716576005857e-04,2.183244588027252145e-04
3.411912894308651999e-04,2.654140309805524370e-04
4.064064732791762102e-04,2.918391096285833470e-04
4.134053041630397426e-04,3.275271319949649086e-04
4.089363890629906352e-04,3.795839675290174761e-04
4.248546418887110291e-04,4.236158015817656063e-04
4.470504991141213951e-04,5.248946029003006804e-04
5.397410396081628271e-04,4.887094570532958581e-04
5.195349844619244050e-04,5.071520810133837986e-04
4.915898701833449356e-04,6.083044075251127719e-04
5.528331770294915137e-04,5.998315335930793323e-04
5.893851337600890467e-04,6.847537193998301476e-04
6.501166324769434932e-04,5.931255964395308047e-04
7.657902682462759117e-04,5.873951371842872551e-04
7.497001359728607461e-04,6.070647004234998399e-04
7.156969518806594044e-04,6.111151560981386123e-04
8.461717209957493775e-04,5.977830945804479173e-04
8.237376257712994204e-04,5.658214415986559604e-04
8.705501401627446833e-04,4.460336158947652858e-04
9.057846267108283882e-04,3.715048008421919720e-04
9.335131991848716858e-04,3.342771965611889408e-04
9.989484246908225933e-04,4.000470459981934272e-04
1.116842717489955738e-03,3.212510542081415473e-04
1.042685003685589603e-03,2.773096726860592508e-04
1.048065922294484425e-03,1.090884696357135881e-04
1.028749287422496420e-03,1.161916474730959980e-04
1.086217265610864031e-03,1.103508592213139157e-04
1.193347525742109120e-03,1.107872329378518364e-04
1.213364413863391236e-03,1.341580782206040377e-04
1.241525321651678216e-03,1.969688456337495769e-04
1.342721038380720756e-03,2.581579469292323071e-04
1.272192602206475990e-03,3.091912782677705895e-04
1.300527509338552561e-03,3.519774325383678154e-04
1.352780189634695358e-03,3.233533566205773805e-04
1.343834525758499368e-03,3.277005591344092335e-04
1.360831816051924015e-03,3.539921526576698388e-04
1.373654061447212313e-03,2.455068517793936988e-04
1.411312393142866639e-03,1.545443261417617936e-04
1.410425238045137511e-03,1.082451140576068833e-04
1.405448192469644936e-03,1.079214937075239451e-04
1.392429799153437368e-03,1.130008990742192984e-04
1.371869638302281860e-03,1.350400441581297705e-04
1.355205062790398483e-03,2.089382999907058174e-04
1.333340642538432749e-03,2.431180395220005936e-04
1.337733280777492857e-03,2.779174137819294854e-04
1.298428767108320133e-03,3.277703080122973227e-04
1.264461722978946819e-03,3.518454793853751359e-04
1.252179196564902992e-03,3.735588642277813155e-04
1.229470630071473813e-03,4.090168413403466770e-04
1.242108625556528900e-03,5.187294592731066332e-04
1.211321446125835505e-03,5.527940047344323624e-04
1.208299108579199152e-03,6.576716195463250215e-04
1.169436866552582988e-03,6.967518753411170926e-04
1.145821326179436534e-03,7.136649373019668657e-04
1.128910551765514685e-03,8.534335998649527537e-04
1.120136634829452336e-03,1.020746498186943197e-03
1.078952008512892857e-03,1.060377997528335692e-03
1.117094621250177720e-03,1.058335746632311624e-03
1.094638852750010353e-03,1.062450800235381805e-03
1.060262847091356228e-03,1.134028121620555673e-03
1.028359223205044248e-03,9.731889529684644964e-04
9.068639610464159992e-04,9.431212258218609921e-04
8.992104347994631488e-04,8.831333663435992579e-04
8.317065096733206736e-04,7.715050020614307993e-04
