# step_dp, step_pinn
5.000000000000000278e-02,5.000000000000000278e-02
5.000000000000000278e-02,5.000000000000000278e-02
5.000000000000000278e-02,5.000000000000000278e-02
5.000000000000000278e-02,5.000000000000000278e-02
5.000000000000000278e-02,5.000000000000000278e-02
5.000000000000000278e-02,5.000000000000000278e-02
5.000000000000000278e-02,5.000000000000000278e-02
5.000000000000000278e-02,7.541909343408332234e+01
5.000000000000000278e-02,4.998495858662913571e-01
1.097004273495004956e+00,5.696844534821954992e-02
1.170738802247826664e-02,3.020286728774850271e-01
5.000000000000000278e-02,5.823117083222844048e-01
5.000000000000000278e-02,5.000000000000000278e-02
8.712613872560435624e+00,5.000000000000000278e-02
7.079999292502674277e-05,5.000000000000000278e-02
5.000000000000000278e-02,5.000000000000000278e-02
5.000000000000000278e-02,1.389589532522463033e-01
5.000000000000000278e-02,5.000000000000000278e-02
5.000000000000000278e-02,5.000000000000000278e-02
5.000000000000000278e-02,5.000000000000000278e-02
5.000000000000000278e-02,6.321283862364650563e-01
1.822219367926026568e+00,3.070272937941207481e+00
5.000000000000000278e-02,5.000000000000000278e-02
5.000000000000000278e-02,5.000000000000000278e-02
5.000000000000000278e-02,1.271787692809903947e-01
5.000000000000000278e-02,5.000000000000000278e-02
1.277546182359895997e-02,6.387608180348133269e-01
1.758839580793159635e-02,5.000000000000000278e-02
1.131067301786029961e-01,5.000000000000000278e-02
1.986017578855834020e-01,5.000000000000000278e-02
5.000000000000000278e-02,5.000000000000000278e-02
5.000000000000000278e-02,5.000000000000000278e-02
5.000000000000000278e-02,5.000000000000000278e-02
5.000000000000000278e-02,5.000000000000000278e-02
5.000000000000000278e-02,5.000000000000000278e-02
3.904705035829170723e-01,5.000000000000000278e-02
5.000000000000000278e-02,5.000000000000000278e-02
5.000000000000000278e-02,5.000000000000000278e-02
5.000000000000000278e-02,5.000000000000000278e-02
5.000000000000000278e-02,5.000000000000000278e-02
5.000000000000000278e-02,5.000000000000000278e-02
5.000000000000000278e-02,5.000000000000000278e-02
5.000000000000000278e-02,5.000000000000000278e-02
5.000000000000000278e-02,5.000000000000000278e-02
5.000000000000000278e-02,5.000000000000000278e-02
5.000000000000000278e-02,5.000000000000000278e-02
5.000000000000000278e-02,5.000000000000000278e-02
5.000000000000000278e-02,5.000000000000000278e-02
5.000000000000000278e-02,5.000000000000000278e-02
5.000000000000000278e-02,5.000000000000000278e-02
5.000000000000000278e-02,5.000000000000000278e-02
5.000000000000000278e-02,3.034062929889176918e-01
5.000000000000000278e-02,5.000000000000000278e-02
5.000000000000000278e-02,5.000000000000000278e-02
5.000000000000000278e-02,5.000000000000000278e-02
5.000000000000000278e-02,5.000000000000000278e-02
5.000000000000000278e-02,5.000000000000000278e-02
5.000000000000000278e-02,5.000000000000000278e-02
5.000000000000000278e-02,5.000000000000000278e-02
1.074602566001480325e-01,5.000000000000000278e-02
5.000000000000000278e-02,5.000000000000000278e-02
5.000000000000000278e-02,5.000000000000000278e-02
5.000000000000000278e-02,5.000000000000000278e-02
5.000000000000000278e-02,5.000000000000000278e-02
5.000000000000000278e-02,5.000000000000000278e-02
5.000000000000000278e-02,5.000000000000000278e-02
5.000000000000000278e-02,5.000000000000000278e-02
5.000000000000000278e-02,5.000000000000000278e-02
1.010614274596793455e-01,5.000000000000000278e-02
3.411950740957370859e-02,5.000000000000000278e-02
7.629402232135101825e-01,5.000000000000000278e-02
5.000000000000000278e-02,5.000000000000000278e-02
5.000000000000000278e-02,5.000000000000000278e-02
5.000000000000000278e-02,5.000000000000000278e-02
5.000000000000000278e-02,5.000000000000000278e-02
5.000000000000000278e-02,5.000000000000000278e-02
5.000000000000000278e-02,5.000000000000000278e-02
5.000000000000000278e-02,5.000000000000000278e-02
1.830015422089116273e-01,5.000000000000000278e-02
5.000000000000000278e-02,5.000000000000000278e-02
5.000000000000000278e-02,5.000000000000000278e-02
5.000000000000000278e-02,5.000000000000000278e-02
5.000000000000000278e-02,5.000000000000000278e-02
3.063226359589840686e-01,5.000000000000000278e-02
3.168496428088726780e-01,5.000000000000000278e-02
3.655329513444944833e-01,5.764025335113864834e-01
2.873696025049573555e-01,5.000000000000000278e-02
5.000000000000000278e-02,5.000000000000000278e-02
5.000000000000000278e-02,1.312656809883389619e-01
5.000000000000000278e-02,3.703565948319706425e-01
5.000000000000000278e-02,5.000000000000000278e-02
1.792960955081125407e-01,5.000000000000000278e-02
5.000000000000000278e-02,5.000000000000000278e-02
5.000000000000000278e-02,5.000000000000000278e-02
5.000000000000000278e-02,5.000000000000000278e-02
5.000000000000000278e-02,5.000000000000000278e-02
5.000000000000000278e-02,5.000000000000000278e-02
5.000000000000000278e-02,5.000000000000000278e-02
5.000000000000000278e-02,5.000000000000000278e-02
5.000000000000000278e-02,5.000000000000000278e-02
5.000000000000000278e-02,5.000000000000000278e-02
5.000000000000000278e-02,5.000000000000000278e-02
5.000000000000000278e-02,5.000000000000000278e-02
5.000000000000000278e-02,5.000000000000000278e-02
5.000000000000000278e-02,5.000000000000000278e-02
5.000000000000000278e-02,5.000000000000000278e-02
5.000000000000000278e-02,5.000000000000000278e-02
5.000000000000000278e-02,3.906796184689039775e-01
5.000000000000000278e-02,5.000000000000000278e-02
5.000000000000000278e-02,5.000000000000000278e-02
5.000000000000000278e-02,5.000000000000000278e-02
5.000000000000000278e-02,1.712218294469903257e-01
5.000000000000000278e-02,5.000000000000000278e-02
5.000000000000000278e-02,5.000000000000000278e-02
5.000000000000000278e-02,5.000000000000000278e-02
5.000000000000000278e-02,5.000000000000000278e-02
5.000000000000000278e-02,5.000000000000000278e-02
5.000000000000000278e-02,5.000000000000000278e-02
5.000000000000000278e-02,5.000000000000000278e-02
5.000000000000000278e-02,5.000000000000000278e-02
5.000000000000000278e-02,5.000000000000000278e-02
6.874074603078792478e-01,5.000000000000000278e-02
5.000000000000000278e-02,5.000000000000000278e-02
5.000000000000000278e-02,5.000000000000000278e-02
5.000000000000000278e-02,5.000000000000000278e-02
5.000000000000000278e-02,5.000000000000000278e-02
5.000000000000000278e-02,5.000000000000000278e-02
2.650431270871361211e-01,5.000000000000000278e-02
5.000000000000000278e-02,5.000000000000000278e-02
5.000000000000000278e-02,5.000000000000000278e-02
5.000000000000000278e-02,5.000000000000000278e-02
5.000000000000000278e-02,5.000000000000000278e-02
5.000000000000000278e-02,5.000000000000000278e-02
5.000000000000000278e-02,5.000000000000000278e-02
5.000000000000000278e-02,5.997479164353872738e-01
7.210894068337408980e-01,5.000000000000000278e-02
5.000000000000000278e-02,5.000000000000000278e-02
5.000000000000000278e-02,5.000000000000000278e-02
1.578362416064997831e-01,5.000000000000000278e-02
1.802700096926351803e-01,5.000000000000000278e-02
5.000000000000000278e-02,5.000000000000000278e-02
5.000000000000000278e-02,5.000000000000000278e-02
5.000000000000000278e-02,5.551292622944025146e-01
5.000000000000000278e-02,5.000000000000000278e-02
5.000000000000000278e-02,5.000000000000000278e-02
5.000000000000000278e-02,5.000000000000000278e-02
5.000000000000000278e-02,5.000000000000000278e-02
4.515911457268044216e-01,5.000000000000000278e-02
5.000000000000000278e-02,5.299439071542516588e-01
5.000000000000000278e-02,5.000000000000000278e-02
5.000000000000000278e-02,5.000000000000000278e-02
5.000000000000000278e-02,5.000000000000000278e-02
5.000000000000000278e-02,5.103827365487935142e-01
5.000000000000000278e-02,5.405831520745317809e-01
5.000000000000000278e-02,5.000000000000000278e-02
4.701499915124645601e-01,5.000000000000000278e-02
5.000000000000000278e-02,5.000000000000000278e-02
5.000000000000000278e-02,5.000000000000000278e-02
5.000000000000000278e-02,5.000000000000000278e-02
5.000000000000000278e-02,5.000000000000000278e-02
5.000000000000000278e-02,5.000000000000000278e-02
5.499899776092250642e-02,5.000000000000000278e-02
3.481094270633171006e-01,5.000000000000000278e-02
5.000000000000000278e-02,5.000000000000000278e-02
5.000000000000000278e-02,5.000000000000000278e-02
5.000000000000000278e-02,5.000000000000000278e-02
5.000000000000000278e-02,5.000000000000000278e-02
5.000000000000000278e-02,5.000000000000000278e-02
5.000000000000000278e-02,5.000000000000000278e-02
5.000000000000000278e-02,5.000000000000000278e-02
5.000000000000000278e-02,5.000000000000000278e-02
5.000000000000000278e-02,5.000000000000000278e-02
5.000000000000000278e-02,5.000000000000000278e-02
5.000000000000000278e-02,5.000000000000000278e-02
5.000000000000000278e-02,5.000000000000000278e-02
5.000000000000000278e-02,3.590444829036902319e-01
5.000000000000000278e-02,5.000000000000000278e-02
5.000000000000000278e-02,5.000000000000000278e-02
4.133785908050511826e-01,5.000000000000000278e-02
5.000000000000000278e-02,6.628302499289706606e-01
5.000000000000000278e-02,5.000000000000000278e-02
5.000000000000000278e-02,5.000000000000000278e-02
5.000000000000000278e-02,5.000000000000000278e-02
5.000000000000000278e-02,3.318768098628122054e-01
5.000000000000000278e-02,5.000000000000000278e-02
5.000000000000000278e-02,2.803912818972179033e-01
5.000000000000000278e-02,5.000000000000000278e-02
5.000000000000000278e-02,5.000000000000000278e-02
5.000000000000000278e-02,5.000000000000000278e-02
5.000000000000000278e-02,5.000000000000000278e-02
5.000000000000000278e-02,5.000000000000000278e-02
5.000000000000000278e-02,3.368360582958748739e-01
5.000000000000000278e-02,3.584946138633448576e-01
5.000000000000000278e-02,5.000000000000000278e-02
5.000000000000000278e-02,5.000000000000000278e-02
5.000000000000000278e-02,5.000000000000000278e-02
5.000000000000000278e-02,5.000000000000000278e-02
5.000000000000000278e-02,5.000000000000000278e-02
7.054406340433398703e-02,5.000000000000000278e-02
1.552741608660425099e-01,5.000000000000000278e-02
6.576268013806332302e-01,5.000000000000000278e-02
4.042865088011721730e-01,6.112983752057988829e-01
4.605484395396119979e-01,5.003947497847508474e-01
5.000000000000000278e-02,5.000000000000000278e-02
5.000000000000000278e-02,5.000000000000000278e-02
5.000000000000000278e-02,5.000000000000000278e-02
5.000000000000000278e-02,5.000000000000000278e-02
3.911259422491485949e-01,5.000000000000000278e-02
5.000000000000000278e-02,5.000000000000000278e-02
5.000000000000000278e-02,5.000000000000000278e-02
5.000000000000000278e-02,5.000000000000000278e-02
5.000000000000000278e-02,5.000000000000000278e-02
5.000000000000000278e-02,5.000000000000000278e-02
5.000000000000000278e-02,5.000000000000000278e-02
5.000000000000000278e-02,5.000000000000000278e-02
5.000000000000000278e-02,5.000000000000000278e-02
5.000000000000000278e-02,5.000000000000000278e-02
5.000000000000000278e-02,5.000000000000000278e-02
5.000000000000000278e-02,5.000000000000000278e-02
5.000000000000000278e-02,5.000000000000000278e-02
5.000000000000000278e-02,5.000000000000000278e-02
5.000000000000000278e-02,5.000000000000000278e-02
5.000000000000000278e-02,5.000000000000000278e-02
5.000000000000000278e-02,5.000000000000000278e-02
5.000000000000000278e-02,5.000000000000000278e-02
1.033168045107092786e-01,5.000000000000000278e-02
7.270338847992701137e-01,5.000000000000000278e-02
5.000000000000000278e-02,5.000000000000000278e-02
5.000000000000000278e-02,5.000000000000000278e-02
6.266469557579129601e-01,5.000000000000000278e-02
5.000000000000000278e-02,5.000000000000000278e-02
5.000000000000000278e-02,5.131492729919970852e-01
5.000000000000000278e-02,3.798298086092213310e-01
5.000000000000000278e-02,5.494654051455032384e-01
5.000000000000000278e-02,5.000000000000000278e-02
4.859006068420847479e-01,3.300183989750658520e-01
5.000000000000000278e-02,5.000000000000000278e-02
5.000000000000000278e-02,5.000000000000000278e-02
5.000000000000000278e-02,6.183731175954301218e-01
5.000000000000000278e-02,4.243767731095157703e-01
5.000000000000000278e-02,5.000000000000000278e-02
5.000000000000000278e-02,5.000000000000000278e-02
5.000000000000000278e-02,6.248318214924966085e-01
5.000000000000000278e-02,5.000000000000000278e-02
6.829185797539533143e-02,5.000000000000000278e-02
2.900400305012271751e-01,7.222880518796533922e-01
5.000000000000000278e-02,5.000000000000000278e-02
5.000000000000000278e-02,5.000000000000000278e-02
5.000000000000000278e-02,7.706269288437990195e-01
2.716448188729660429e-01,5.000000000000000278e-02
5.000000000000000278e-02,5.000000000000000278e-02
5.000000000000000278e-02,6.912914871769618719e-01
7.309734690642029076e-01,5.000000000000000278e-02
5.000000000000000278e-02,5.000000000000000278e-02
5.000000000000000278e-02,1.050304968965602020e-01
2.855540542135263093e-01,7.438367115825749165e-01
5.000000000000000278e-02,5.000000000000000278e-02
5.000000000000000278e-02,5.000000000000000278e-02
5.000000000000000278e-02,3.871767582596367108e-01
5.000000000000000278e-02,5.000000000000000278e-02
5.000000000000000278e-02,5.000000000000000278e-02
3.300747205556613939e-01,5.000000000000000278e-02
5.000000000000000278e-02,2.883543068096969253e-01
5.000000000000000278e-02,3.117239724503146348e-01
5.000000000000000278e-02,5.000000000000000278e-02
5.000000000000000278e-02,5.000000000000000278e-02
5.000000000000000278e-02,5.000000000000000278e-02
5.000000000000000278e-02,5.000000000000000278e-02
5.000000000000000278e-02,5.000000000000000278e-02
5.000000000000000278e-02,5.000000000000000278e-02
5.000000000000000278e-02,5.000000000000000278e-02
5.000000000000000278e-02,5.000000000000000278e-02
5.000000000000000278e-02,5.000000000000000278e-02
5.000000000000000278e-02,5.000000000000000278e-02
5.000000000000000278e-02,5.000000000000000278e-02
5.000000000000000278e-02,5.000000000000000278e-02
5.000000000000000278e-02,5.000000000000000278e-02
2.565054400072137031e-01,5.000000000000000278e-02
2.485028551422823473e-01,5.000000000000000278e-02
6.160048466803680345e-01,5.000000000000000278e-02
5.000000000000000278e-02,5.000000000000000278e-02
5.000000000000000278e-02,5.000000000000000278e-02
5.000000000000000278e-02,5.000000000000000278e-02
5.000000000000000278e-02,5.000000000000000278e-02
5.000000000000000278e-02,5.000000000000000278e-02
5.000000000000000278e-02,5.000000000000000278e-02
5.000000000000000278e-02,5.000000000000000278e-02
5.000000000000000278e-02,6.217102263328631029e-01
5.000000000000000278e-02,5.000000000000000278e-02
5.000000000000000278e-02,5.000000000000000278e-02
6.771616678305336645e-02,5.000000000000000278e-02
4.201798399684312235e-01,5.000000000000000278e-02
5.000000000000000278e-02,5.000000000000000278e-02
5.000000000000000278e-02,5.000000000000000278e-02
5.000000000000000278e-02,5.000000000000000278e-02
5.000000000000000278e-02,5.000000000000000278e-02
5.000000000000000278e-02,5.000000000000000278e-02
5.000000000000000278e-02,5.000000000000000278e-02
5.000000000000000278e-02,5.000000000000000278e-02
1.224759331199488654e-01,5.000000000000000278e-02
3.407553698276672427e-01,5.000000000000000278e-02
5.000000000000000278e-02,5.000000000000000278e-02
5.000000000000000278e-02,5.000000000000000278e-02
5.000000000000000278e-02,4.624413057996327736e-01
5.000000000000000278e-02,3.055231382581049537e-01
5.000000000000000278e-02,5.000000000000000278e-02
5.000000000000000278e-02,5.000000000000000278e-02
6.288358223854954021e-01,3.403097385538395026e-01
5.000000000000000278e-02,5.000000000000000278e-02
5.000000000000000278e-02,5.000000000000000278e-02
5.000000000000000278e-02,5.000000000000000278e-02
5.000000000000000278e-02,5.000000000000000278e-02
5.000000000000000278e-02,3.513517827054121745e-01
4.681146183082376955e-01,5.000000000000000278e-02
5.000000000000000278e-02,5.000000000000000278e-02
5.000000000000000278e-02,5.000000000000000278e-02
4.203146567888149665e-01,5.000000000000000278e-02
5.000000000000000278e-02,5.000000000000000278e-02
5.000000000000000278e-02,5.000000000000000278e-02
5.000000000000000278e-02,5.000000000000000278e-02
2.300446062734490538e-01,5.000000000000000278e-02
5.000000000000000278e-02,7.549018931824122980e-01
4.598423502128172191e-01,5.000000000000000278e-02
5.000000000000000278e-02,5.000000000000000278e-02
5.000000000000000278e-02,8.017425778722000462e-01
5.413125962660971791e-01,5.459732086918661631e-01
5.000000000000000278e-02,5.532278241271609831e-01
5.000000000000000278e-02,5.000000000000000278e-02
5.000000000000000278e-02,5.000000000000000278e-02
5.000000000000000278e-02,5.000000000000000278e-02
5.000000000000000278e-02,5.000000000000000278e-02
5.000000000000000278e-02,5.000000000000000278e-02
5.822923041497871655e-01,6.227758866628161361e-01
5.000000000000000278e-02,5.000000000000000278e-02
5.000000000000000278e-02,5.000000000000000278e-02
5.000000000000000278e-02,5.000000000000000278e-02
5.000000000000000278e-02,4.873349276024408483e-01
5.000000000000000278e-02,5.000000000000000278e-02
5.000000000000000278e-02,5.000000000000000278e-02
5.000000000000000278e-02,5.000000000000000278e-02
5.000000000000000278e-02,5.000000000000000278e-02
6.306349984433045064e-01,5.000000000000000278e-02
5.000000000000000278e-02,5.000000000000000278e-02
5.000000000000000278e-02,9.002594998681581751e-02
5.209247975191035884e-01,1.116885937055479699e-01
5.000000000000000278e-02,3.108527682241712942e-01
5.000000000000000278e-02,5.000000000000000278e-02
5.000000000000000278e-02,5.000000000000000278e-02
4.850158913240136815e-01,5.000000000000000278e-02
5.000000000000000278e-02,5.000000000000000278e-02
5.000000000000000278e-02,5.000000000000000278e-02
5.000000000000000278e-02,5.000000000000000278e-02
5.000000000000000278e-02,1.785643040093575773e-01
3.252015171687061001e-01,3.380994525953721075e-01
5.000000000000000278e-02,5.000000000000000278e-02
5.000000000000000278e-02,5.000000000000000278e-02
5.000000000000000278e-02,6.298191720631598489e-01
5.000000000000000278e-02,5.000000000000000278e-02
5.000000000000000278e-02,5.000000000000000278e-02
6.731653772856114326e-01,5.000000000000000278e-02
5.000000000000000278e-02,5.000000000000000278e-02
5.000000000000000278e-02,5.000000000000000278e-02
5.000000000000000278e-02,5.000000000000000278e-02
5.000000000000000278e-02,5.000000000000000278e-02
1.979194676724635171e-01,4.669373545937278158e-01
5.000000000000000278e-02,5.000000000000000278e-02
5.000000000000000278e-02,5.000000000000000278e-02
5.000000000000000278e-02,5.000000000000000278e-02
2.949059628263507871e-01,5.000000000000000278e-02
5.000000000000000278e-02,5.000000000000000278e-02
5.000000000000000278e-02,7.553004710921800147e-01
5.000000000000000278e-02,5.000000000000000278e-02
3.218602468626707847e-01,5.000000000000000278e-02
5.000000000000000278e-02,6.314684225807225548e-01
5.000000000000000278e-02,5.000000000000000278e-02
5.000000000000000278e-02,1.587366819648637906e-01
3.108621230709202043e-01,5.000000000000000278e-02
5.000000000000000278e-02,5.000000000000000278e-02
5.000000000000000278e-02,2.618294036678744940e-01
5.000000000000000278e-02,5.000000000000000278e-02
5.000000000000000278e-02,4.151989173861341254e-01
5.000000000000000278e-02,5.000000000000000278e-02
5.000000000000000278e-02,5.000000000000000278e-02
5.000000000000000278e-02,5.000000000000000278e-02
5.000000000000000278e-02,5.000000000000000278e-02
1.342689612065164351e+00,5.000000000000000278e-02
1.474385964267586890e-01,2.072635440185148503e-01
5.000000000000000278e-02,5.000000000000000278e-02
5.000000000000000278e-02,5.000000000000000278e-02
3.487920161876395531e-01,5.000000000000000278e-02
5.000000000000000278e-02,5.329212996651025991e-01
5.000000000000000278e-02,5.000000000000000278e-02
5.000000000000000278e-02,5.000000000000000278e-02
6.253725638665914854e-02,5.000000000000000278e-02
2.538173599859967489e-01,5.277118184840116077e-01
5.000000000000000278e-02,5.000000000000000278e-02
5.000000000000000278e-02,5.000000000000000278e-02
5.000000000000000278e-02,5.000000000000000278e-02
5.000000000000000278e-02,5.000000000000000278e-02
4.788572591780139720e-01,5.000000000000000278e-02
5.000000000000000278e-02,5.000000000000000278e-02
6.549458370952264408e-02,5.000000000000000278e-02
1.273054669714216158e-01,5.000000000000000278e-02
2.107143453858665305e-01,5.000000000000000278e-02
5.000000000000000278e-02,5.000000000000000278e-02
5.000000000000000278e-02,5.000000000000000278e-02
5.000000000000000278e-02,5.000000000000000278e-02
4.758274045717479361e-01,5.000000000000000278e-02
5.000000000000000278e-02,5.000000000000000278e-02
1.831985178526323588e-01,5.000000000000000278e-02
5.000000000000000278e-02,6.999310100798625811e-01
5.000000000000000278e-02,5.000000000000000278e-02
5.000000000000000278e-02,5.000000000000000278e-02
4.055700517444225661e-01,5.000000000000000278e-02
5.000000000000000278e-02,3.391922870500315157e-01
5.000000000000000278e-02,5.000000000000000278e-02
7.434611212326160123e-02,5.000000000000000278e-02
4.977194691406411353e-01,5.000000000000000278e-02
5.000000000000000278e-02,2.430850860601228847e-01
5.000000000000000278e-02,5.000000000000000278e-02
7.748046265668387944e-01,5.000000000000000278e-02
5.000000000000000278e-02,1.189671461397930757e-01
5.000000000000000278e-02,2.523189056082131287e-01
5.000000000000000278e-02,5.000000000000000278e-02
3.772618766611363084e-01,5.000000000000000278e-02
5.000000000000000278e-02,5.000000000000000278e-02
3.046120676418975770e-01,1.128715273008326775e-01
3.245322772420852764e-01,2.522865079130891530e-01
5.000000000000000278e-02,5.000000000000000278e-02
5.000000000000000278e-02,5.000000000000000278e-02
5.000000000000000278e-02,5.000000000000000278e-02
5.000000000000000278e-02,7.541233382310793543e-01
5.000000000000000278e-02,5.000000000000000278e-02
1.213128882056013907e-01,5.000000000000000278e-02
5.000000000000000278e-02,5.000000000000000278e-02
5.000000000000000278e-02,5.000000000000000278e-02
5.000000000000000278e-02,5.000000000000000278e-02
5.000000000000000278e-02,5.000000000000000278e-02
5.000000000000000278e-02,5.000000000000000278e-02
5.000000000000000278e-02,5.000000000000000278e-02
5.000000000000000278e-02,5.000000000000000278e-02
5.000000000000000278e-02,5.000000000000000278e-02
5.000000000000000278e-02,5.000000000000000278e-02
5.000000000000000278e-02,2.220844849577264732e-02
5.000000000000000278e-02,4.226657612928381158e-01
2.922716487541262564e-01,5.000000000000000278e-02
2.337145970929593586e-01,5.000000000000000278e-02
5.000000000000000278e-02,5.000000000000000278e-02
5.000000000000000278e-02,5.000000000000000278e-02
5.000000000000000278e-02,5.722256967475823908e-01
5.000000000000000278e-02,5.000000000000000278e-02
5.000000000000000278e-02,5.000000000000000278e-02
5.000000000000000278e-02,5.000000000000000278e-02
5.000000000000000278e-02,5.000000000000000278e-02
5.000000000000000278e-02,5.000000000000000278e-02
5.000000000000000278e-02,1.916022020561180261e-01
5.000000000000000278e-02,5.000000000000000278e-02
5.000000000000000278e-02,5.000000000000000278e-02
6.036855676956639494e-01,5.000000000000000278e-02
5.114875019493454467e-01,5.000000000000000278e-02
5.700045158806286150e-01,5.000000000000000278e-02
5.000000000000000278e-02,5.000000000000000278e-02
5.000000000000000278e-02,5.000000000000000278e-02
5.000000000000000278e-02,5.000000000000000278e-02
4.953578313340699646e-01,5.000000000000000278e-02
5.000000000000000278e-02,5.000000000000000278e-02
5.000000000000000278e-02,5.000000000000000278e-02
5.000000000000000278e-02,5.000000000000000278e-02
5.000000000000000278e-02,5.000000000000000278e-02
5.000000000000000278e-02,5.000000000000000278e-02
2.514241080645927551e-01,5.000000000000000278e-02
5.000000000000000278e-02,5.000000000000000278e-02
5.000000000000000278e-02,5.437088570786728914e-01
5.000000000000000278e-02,5.000000000000000278e-02
5.087876095163834655e-01,5.000000000000000278e-02
5.000000000000000278e-02,5.000000000000000278e-02
1.360129058454347950e-01,5.000000000000000278e-02
5.000000000000000278e-02,5.000000000000000278e-02
5.000000000000000278e-02,5.000000000000000278e-02
5.000000000000000278e-02,2.456122441412578183e-01
5.000000000000000278e-02,9.140192784855474817e-02
5.000000000000000278e-02,2.597595278733090818e-01
5.000000000000000278e-02,5.000000000000000278e-02
5.000000000000000278e-02,5.000000000000000278e-02
5.150806733076700450e-01,5.000000000000000278e-02
5.000000000000000278e-02,5.000000000000000278e-02
5.000000000000000278e-02,5.000000000000000278e-02
5.000000000000000278e-02,5.000000000000000278e-02
5.000000000000000278e-02,1.412364879539801388e-01
5.000000000000000278e-02,5.550852154942636368e-02
5.000000000000000278e-02,1.828489808964193220e-01
5.000000000000000278e-02,6.873280484995669681e-01
5.000000000000000278e-02,5.000000000000000278e-02
6.337581748403424697e-01,5.000000000000000278e-02
5.000000000000000278e-02,5.790811150551224973e-01
5.000000000000000278e-02,5.000000000000000278e-02
5.000000000000000278e-02,5.000000000000000278e-02
5.000000000000000278e-02,5.000000000000000278e-02
5.000000000000000278e-02,5.000000000000000278e-02
5.000000000000000278e-02,5.000000000000000278e-02
5.000000000000000278e-02,1.826464129048648577e-01
5.000000000000000278e-02,5.000000000000000278e-02
5.399638292058634992e-01,5.000000000000000278e-02
5.000000000000000278e-02,6.046601957522494686e-02
5.000000000000000278e-02,4.629529922127519348e-01
2.483140807277948170e-01,5.000000000000000278e-02
5.000000000000000278e-02,5.000000000000000278e-02
5.000000000000000278e-02,5.000000000000000278e-02
7.198886999488998129e-01,5.000000000000000278e-02
5.000000000000000278e-02,5.000000000000000278e-02
5.000000000000000278e-02,5.000000000000000278e-02
3.630779195871278175e-01,5.000000000000000278e-02
5.000000000000000278e-02,5.000000000000000278e-02
6.630854313991798588e-01,5.000000000000000278e-02
3.769742102034488451e-01,5.000000000000000278e-02
5.000000000000000278e-02,5.000000000000000278e-02
5.000000000000000278e-02,5.000000000000000278e-02
5.000000000000000278e-02,5.000000000000000278e-02
5.000000000000000278e-02,5.000000000000000278e-02
5.459219886203834499e-02,5.000000000000000278e-02
4.142791283454452245e-01,5.000000000000000278e-02
5.000000000000000278e-02,5.000000000000000278e-02
5.000000000000000278e-02,5.000000000000000278e-02
3.150648990475237166e-01,5.000000000000000278e-02
5.000000000000000278e-02,5.000000000000000278e-02
5.000000000000000278e-02,6.117638611442447472e-01
5.000000000000000278e-02,5.000000000000000278e-02
4.402552724455964794e-01,5.000000000000000278e-02
5.000000000000000278e-02,5.000000000000000278e-02
5.000000000000000278e-02,5.000000000000000278e-02
2.700151176922527263e-01,6.425597570998938801e-01
5.000000000000000278e-02,5.000000000000000278e-02
5.000000000000000278e-02,5.000000000000000278e-02
5.000000000000000278e-02,6.114574977417079893e-01
1.583111034379655335e-01,5.000000000000000278e-02
2.766194214338917878e-01,5.000000000000000278e-02
5.000000000000000278e-02,5.000000000000000278e-02
5.000000000000000278e-02,5.000000000000000278e-02
5.000000000000000278e-02,5.000000000000000278e-02
5.000000000000000278e-02,5.000000000000000278e-02
5.000000000000000278e-02,5.139687153259150376e-01
5.000000000000000278e-02,5.000000000000000278e-02
1.935481536331929153e-01,5.000000000000000278e-02
5.000000000000000278e-02,3.572967628718538013e-01
5.000000000000000278e-02,5.000000000000000278e-02
3.629191484570803983e-01,5.000000000000000278e-02
5.000000000000000278e-02,5.000000000000000278e-02
5.000000000000000278e-02,5.000000000000000278e-02
3.752187037808533687e-01,5.000000000000000278e-02
5.000000000000000278e-02,5.000000000000000278e-02
5.000000000000000278e-02,7.502995362189326389e-01
5.245378356367211975e-02,5.000000000000000278e-02
9.539050473442343969e-02,5.000000000000000278e-02
1.589020438300713101e-01,3.413486003999528506e-01
2.635204605705326886e-01,5.000000000000000278e-02
5.000000000000000278e-02,5.000000000000000278e-02
5.000000000000000278e-02,5.000000000000000278e-02
5.000000000000000278e-02,5.000000000000000278e-02
5.562865312996443379e-01,5.000000000000000278e-02
5.000000000000000278e-02,5.000000000000000278e-02
5.000000000000000278e-02,5.000000000000000278e-02
7.137362816610361149e-02,5.000000000000000278e-02
5.038686514047183707e-01,5.000000000000000278e-02
5.000000000000000278e-02,5.000000000000000278e-02
5.000000000000000278e-02,5.000000000000000278e-02
3.348701430219106490e-01,5.000000000000000278e-02
5.000000000000000278e-02,5.000000000000000278e-02
5.000000000000000278e-02,5.000000000000000278e-02
3.518263350551565360e-01,5.000000000000000278e-02
5.000000000000000278e-02,5.000000000000000278e-02
5.000000000000000278e-02,5.000000000000000278e-02
5.000000000000000278e-02,5.000000000000000278e-02
5.000000000000000278e-02,5.000000000000000278e-02
5.000000000000000278e-02,5.000000000000000278e-02
5.000000000000000278e-02,5.000000000000000278e-02
5.000000000000000278e-02,5.000000000000000278e-02
5.000000000000000278e-02,5.576645867402648671e-01
4.960910005848228055e-01,5.000000000000000278e-02
5.000000000000000278e-02,5.000000000000000278e-02
5.000000000000000278e-02,5.000000000000000278e-02
7.873903161414363971e-02,5.093243442295907197e-01
5.321560422365978482e-01,5.000000000000000278e-02
5.000000000000000278e-02,5.000000000000000278e-02
5.000000000000000278e-02,5.000000000000000278e-02
5.000000000000000278e-02,1.548329682040995303e-01
5.000000000000000278e-02,5.000000000000000278e-02
5.000000000000000278e-02,5.000000000000000278e-02
5.000000000000000278e-02,5.000000000000000278e-02
5.000000000000000278e-02,5.000000000000000278e-02
5.000000000000000278e-02,5.000000000000000278e-02
5.000000000000000278e-02,5.000000000000000278e-02
2.175439592345861650e-01,5.000000000000000278e-02
1.180635622192077738e-01,5.000000000000000278e-02
5.000000000000000278e-02,5.000000000000000278e-02
5.000000000000000278e-02,5.000000000000000278e-02
5.000000000000000278e-02,5.000000000000000278e-02
5.000000000000000278e-02,5.000000000000000278e-02
5.236740153755250482e-01,5.000000000000000278e-02
5.000000000000000278e-02,5.000000000000000278e-02
5.000000000000000278e-02,5.000000000000000278e-02
6.117790758215134739e-01,5.000000000000000278e-02
5.000000000000000278e-02,5.000000000000000278e-02
5.000000000000000278e-02,5.733716323198185805e-01
5.000000000000000278e-02,5.000000000000000278e-02
5.000000000000000278e-02,5.000000000000000278e-02
5.972942978067300596e-02,5.000000000000000278e-02
1.239808700404843866e-01,5.879087514156102756e-01
6.562364167468779375e-01,5.000000000000000278e-02
5.000000000000000278e-02,5.000000000000000278e-02
5.000000000000000278e-02,5.000000000000000278e-02
5.000000000000000278e-02,5.000000000000000278e-02
5.000000000000000278e-02,5.000000000000000278e-02
5.000000000000000278e-02,5.000000000000000278e-02
3.868008235982308696e-01,5.000000000000000278e-02
5.000000000000000278e-02,5.000000000000000278e-02
5.000000000000000278e-02,4.936425943618862056e-02
3.371226050534354979e-01,2.258705746011936411e-01
5.000000000000000278e-02,7.722245471746909118e-01
5.000000000000000278e-02,5.000000000000000278e-02
5.000000000000000278e-02,5.000000000000000278e-02
5.000000000000000278e-02,5.000000000000000278e-02
5.000000000000000278e-02,4.573456067878585163e-01
5.000000000000000278e-02,5.000000000000000278e-02
5.000000000000000278e-02,3.906416756189960426e-01
5.000000000000000278e-02,5.000000000000000278e-02
5.000000000000000278e-02,3.010469318117154347e-01
5.000000000000000278e-02,5.550010769405215594e-02
5.844973032764514409e-01,2.381150844946254286e-01
5.000000000000000278e-02,5.000000000000000278e-02
2.664242962527696990e-01,5.000000000000000278e-02
5.000000000000000278e-02,5.000000000000000278e-02
5.000000000000000278e-02,5.000000000000000278e-02
6.656558124752244565e-02,5.000000000000000278e-02
1.533802090117112049e-01,5.000000000000000278e-02
6.583534232808897491e-01,5.000000000000000278e-02
5.000000000000000278e-02,5.000000000000000278e-02
5.000000000000000278e-02,5.000000000000000278e-02
5.000000000000000278e-02,5.000000000000000278e-02
5.000000000000000278e-02,5.000000000000000278e-02
5.000000000000000278e-02,5.000000000000000278e-02
5.000000000000000278e-02,5.000000000000000278e-02
5.000000000000000278e-02,5.000000000000000278e-02
5.000000000000000278e-02,5.000000000000000278e-02
5.000000000000000278e-02,5.000000000000000278e-02
5.000000000000000278e-02,5.000000000000000278e-02
6.714556900877921564e-01,5.904415881733396931e-01
5.000000000000000278e-02,5.000000000000000278e-02
5.000000000000000278e-02,5.000000000000000278e-02
5.000000000000000278e-02,5.000000000000000278e-02
5.000000000000000278e-02,5.000000000000000278e-02
5.000000000000000278e-02,1.836534338788789467e-01
5.000000000000000278e-02,5.000000000000000278e-02
5.000000000000000278e-02,5.000000000000000278e-02
1.383526108499278373e-01,5.000000000000000278e-02
1.648796186924829932e-01,5.000000000000000278e-02
3.031890866977690058e-01,5.000000000000000278e-02
5.000000000000000278e-02,6.427210025518844683e-01
5.000000000000000278e-02,5.000000000000000278e-02
5.000000000000000278e-02,5.000000000000000278e-02
8.556398804799372759e-02,5.000000000000000278e-02
5.295416548650572208e-01,5.000000000000000278e-02
5.000000000000000278e-02,5.000000000000000278e-02
5.000000000000000278e-02,5.000000000000000278e-02
5.000000000000000278e-02,5.000000000000000278e-02
2.984913395329140129e-01,1.299382671347536211e-01
5.000000000000000278e-02,2.666323324139793227e-01
5.000000000000000278e-02,5.000000000000000278e-02
1.012706791503641540e-01,5.000000000000000278e-02
1.023633886098690299e-01,5.000000000000000278e-02
1.266140162588060836e-01,2.781847399238252527e-01
5.000000000000000278e-02,5.000000000000000278e-02
5.000000000000000278e-02,5.000000000000000278e-02
5.000000000000000278e-02,5.000000000000000278e-02
5.000000000000000278e-02,5.000000000000000278e-02
5.000000000000000278e-02,5.000000000000000278e-02
5.000000000000000278e-02,5.000000000000000278e-02
5.000000000000000278e-02,5.000000000000000278e-02
5.685245754020344933e-01,5.000000000000000278e-02
5.000000000000000278e-02,5.000000000000000278e-02
5.000000000000000278e-02,5.000000000000000278e-02
3.561149134328326915e-01,5.000000000000000278e-02
5.000000000000000278e-02,5.000000000000000278e-02
5.000000000000000278e-02,5.000000000000000278e-02
5.000000000000000278e-02,4.970987064180365511e-01
5.000000000000000278e-02,5.000000000000000278e-02
5.000000000000000278e-02,5.000000000000000278e-02
5.000000000000000278e-02,5.000000000000000278e-02
5.000000000000000278e-02,3.655538092275822937e-01
1.871652687584354213e-01,5.000000000000000278e-02
3.602619602699608792e-01,5.000000000000000278e-02
5.000000000000000278e-02,2.523986156652731072e-01
5.000000000000000278e-02,5.000000000000000278e-02
5.000000000000000278e-02,5.000000000000000278e-02
5.934337098664994592e-01,5.000000000000000278e-02
5.000000000000000278e-02,5.000000000000000278e-02
5.000000000000000278e-02,5.000000000000000278e-02
5.000000000000000278e-02,5.000000000000000278e-02
5.000000000000000278e-02,2.611558083160263055e-01
5.000000000000000278e-02,5.000000000000000278e-02
5.000000000000000278e-02,5.000000000000000278e-02
6.835144474696760453e-01,5.000000000000000278e-02
5.000000000000000278e-02,1.947798630438731804e-01
5.000000000000000278e-02,5.000000000000000278e-02
5.000000000000000278e-02,5.000000000000000278e-02
5.000000000000000278e-02,5.000000000000000278e-02
4.170165413626998885e-01,5.000000000000000278e-02
5.000000000000000278e-02,5.000000000000000278e-02
5.000000000000000278e-02,5.326619879723689666e-01
5.000000000000000278e-02,5.000000000000000278e-02
5.000000000000000278e-02,5.000000000000000278e-02
1.871921586166219384e-02,1.150682568871864847e-01
4.325880009007947447e-01,5.000000000000000278e-02
5.000000000000000278e-02,5.000000000000000278e-02
5.000000000000000278e-02,5.000000000000000278e-02
5.000000000000000278e-02,5.000000000000000278e-02
5.000000000000000278e-02,5.000000000000000278e-02
5.000000000000000278e-02,5.000000000000000278e-02
5.000000000000000278e-02,5.000000000000000278e-02
5.000000000000000278e-02,5.000000000000000278e-02
5.000000000000000278e-02,5.000000000000000278e-02
5.000000000000000278e-02,5.000000000000000278e-02
5.133543905877931968e-01,5.000000000000000278e-02
5.000000000000000278e-02,2.560930949046209548e-01
5.000000000000000278e-02,5.000000000000000278e-02
5.000000000000000278e-02,5.000000000000000278e-02
5.000000000000000278e-02,5.000000000000000278e-02
5.000000000000000278e-02,5.000000000000000278e-02
6.228936659457855463e-01,5.000000000000000278e-02
5.000000000000000278e-02,5.000000000000000278e-02
1.751978903486293149e-01,5.000000000000000278e-02
5.000000000000000278e-02,5.000000000000000278e-02
5.000000000000000278e-02,5.000000000000000278e-02
2.446182462827208581e-01,5.000000000000000278e-02
5.000000000000000278e-02,5.000000000000000278e-02
4.908786272214878954e-01,5.000000000000000278e-02
5.000000000000000278e-02,5.000000000000000278e-02
5.000000000000000278e-02,5.000000000000000278e-02
5.000000000000000278e-02,5.000000000000000278e-02
5.000000000000000278e-02,5.000000000000000278e-02
5.000000000000000278e-02,5.000000000000000278e-02
5.000000000000000278e-02,5.000000000000000278e-02
5.000000000000000278e-02,5.000000000000000278e-02
2.396216287604406303e-01,5.000000000000000278e-02
2.147115973183852111e-01,5.000000000000000278e-02
5.000000000000000278e-02,4.707485599722420755e-01
5.000000000000000278e-02,5.000000000000000278e-02
5.000000000000000278e-02,5.000000000000000278e-02
5.000000000000000278e-02,5.000000000000000278e-02
5.000000000000000278e-02,5.000000000000000278e-02
5.000000000000000278e-02,5.000000000000000278e-02
5.000000000000000278e-02,5.000000000000000278e-02
5.000000000000000278e-02,5.000000000000000278e-02
5.000000000000000278e-02,5.000000000000000278e-02
5.607193628412148606e-02,5.000000000000000278e-02
2.295298785099314509e-01,5.000000000000000278e-02
7.656630557569170659e-01,5.000000000000000278e-02
5.000000000000000278e-02,7.310842096067017293e-01
5.000000000000000278e-02,5.000000000000000278e-02
5.000000000000000278e-02,5.000000000000000278e-02
5.000000000000000278e-02,2.045294796191148845e-01
5.000000000000000278e-02,1.018275679250537497e-01
6.905363422133470319e-02,5.000000000000000278e-02
1.634414678038159652e-01,5.000000000000000278e-02
7.641685187946993807e-01,5.000000000000000278e-02
5.000000000000000278e-02,5.411014104892363230e-01
5.000000000000000278e-02,5.000000000000000278e-02
2.121897739386038040e-01,5.000000000000000278e-02
5.000000000000000278e-02,5.000000000000000278e-02
5.000000000000000278e-02,5.705797879683042195e-01
8.580420565458393711e-02,5.000000000000000278e-02
5.597281428297208317e-01,5.000000000000000278e-02
5.000000000000000278e-02,4.835531368109577399e-02
5.000000000000000278e-02,1.490663853659600913e-01
9.020143937252365907e-02,2.279913422068155227e-01
6.727626855117078142e-01,5.000000000000000278e-02
5.000000000000000278e-02,5.000000000000000278e-02
5.000000000000000278e-02,5.000000000000000278e-02
5.000000000000000278e-02,5.000000000000000278e-02
5.000000000000000278e-02,5.000000000000000278e-02
5.000000000000000278e-02,5.000000000000000278e-02
5.000000000000000278e-02,5.000000000000000278e-02
5.000000000000000278e-02,5.000000000000000278e-02
5.000000000000000278e-02,5.406932911106010486e-01
6.017314803781245169e-01,5.000000000000000278e-02
5.000000000000000278e-02,5.000000000000000278e-02
5.000000000000000278e-02,3.223427890806968010e-01
5.000000000000000278e-02,5.000000000000000278e-02
5.000000000000000278e-02,5.000000000000000278e-02
3.237696048278642103e-01,5.000000000000000278e-02
4.842444287863570396e-01,5.000000000000000278e-02
5.000000000000000278e-02,5.000000000000000278e-02
5.000000000000000278e-02,5.000000000000000278e-02
5.000000000000000278e-02,5.000000000000000278e-02
5.000000000000000278e-02,1.477391066074548454e-01
5.000000000000000278e-02,5.000000000000000278e-02
5.000000000000000278e-02,5.000000000000000278e-02
5.000000000000000278e-02,5.000000000000000278e-02
1.462314199730608832e-01,5.000000000000000278e-02
5.000000000000000278e-02,5.000000000000000278e-02
5.000000000000000278e-02,5.000000000000000278e-02
3.605040118840294183e-01,5.000000000000000278e-02
5.000000000000000278e-02,5.000000000000000278e-02
5.000000000000000278e-02,5.000000000000000278e-02
5.000000000000000278e-02,5.000000000000000278e-02
5.000000000000000278e-02,5.000000000000000278e-02
5.678761129851687267e-02,1.162628155876853919e-01
5.588922767594759478e-01,3.208694447436818975e-01
5.000000000000000278e-02,5.000000000000000278e-02
5.000000000000000278e-02,5.000000000000000278e-02
1.162838223431098966e-01,5.000000000000000278e-02
2.961533922370614969e-01,5.000000000000000278e-02
5.000000000000000278e-02,5.000000000000000278e-02
5.000000000000000278e-02,5.000000000000000278e-02
5.000000000000000278e-02,5.000000000000000278e-02
5.000000000000000278e-02,5.000000000000000278e-02
5.000000000000000278e-02,5.000000000000000278e-02
5.000000000000000278e-02,5.000000000000000278e-02
5.000000000000000278e-02,5.000000000000000278e-02
5.000000000000000278e-02,5.000000000000000278e-02
5.000000000000000278e-02,5.000000000000000278e-02
5.000000000000000278e-02,1.720104929092451940e-01
5.000000000000000278e-02,5.000000000000000278e-02
5.000000000000000278e-02,5.000000000000000278e-02
3.702461637538213002e-01,5.000000000000000278e-02
5.196286753365266797e-01,5.000000000000000278e-02
5.000000000000000278e-02,5.000000000000000278e-02
1.250115424898941896e+00,5.000000000000000278e-02
5.077994774404222950e-02,5.000000000000000278e-02
5.000000000000000278e-02,5.000000000000000278e-02
5.000000000000000278e-02,5.000000000000000278e-02
5.000000000000000278e-02,5.000000000000000278e-02
5.000000000000000278e-02,5.000000000000000278e-02
5.000000000000000278e-02,5.000000000000000278e-02
5.000000000000000278e-02,5.000000000000000278e-02
5.000000000000000278e-02,5.000000000000000278e-02
5.000000000000000278e-02,5.000000000000000278e-02
5.000000000000000278e-02,1.620049291556121540e-01
5.000000000000000278e-02,5.000000000000000278e-02
5.000000000000000278e-02,5.000000000000000278e-02
7.495485530466458046e-01,5.000000000000000278e-02
5.320633337858931000e-01,5.000000000000000278e-02
5.000000000000000278e-02,5.000000000000000278e-02
7.384293270146963239e-01,5.000000000000000278e-02
5.000000000000000278e-02,5.000000000000000278e-02
5.000000000000000278e-02,5.000000000000000278e-02
5.000000000000000278e-02,8.449754496549104210e-02
5.000000000000000278e-02,5.808645015704063663e-01
5.000000000000000278e-02,5.000000000000000278e-02
6.472071562073619111e-01,2.507201840821726702e-01
5.000000000000000278e-02,2.060955191640792827e-01
5.000000000000000278e-02,5.000000000000000278e-02
5.000000000000000278e-02,4.425438363650331941e-01
1.950019231309034762e-01,5.405878697823363055e-01
5.000000000000000278e-02,5.000000000000000278e-02
5.000000000000000278e-02,6.404913643853719085e-01
8.918669573661980321e-02,5.000000000000000278e-02
2.656774983404573409e-01,5.000000000000000278e-02
5.000000000000000278e-02,5.000000000000000278e-02
5.000000000000000278e-02,5.000000000000000278e-02
5.000000000000000278e-02,5.000000000000000278e-02
5.000000000000000278e-02,5.000000000000000278e-02
5.000000000000000278e-02,5.000000000000000278e-02
5.000000000000000278e-02,5.000000000000000278e-02
5.000000000000000278e-02,5.000000000000000278e-02
5.000000000000000278e-02,5.000000000000000278e-02
5.000000000000000278e-02,5.000000000000000278e-02
4.878612808426106145e-02,4.922210937342536008e-01
5.221691535907367898e-01,5.000000000000000278e-02
5.000000000000000278e-02,6.682229415492030311e-01
5.000000000000000278e-02,4.491776270125362180e-01
5.000000000000000278e-02,5.000000000000000278e-02
5.000000000000000278e-02,5.542276010651174811e-01
5.000000000000000278e-02,5.000000000000000278e-02
5.000000000000000278e-02,5.000000000000000278e-02
5.000000000000000278e-02,5.000000000000000278e-02
6.385864720071220413e-01,5.000000000000000278e-02
5.000000000000000278e-02,5.000000000000000278e-02
5.000000000000000278e-02,5.737928137873021806e-01
5.000000000000000278e-02,5.180276568898801726e-01
5.000000000000000278e-02,5.000000000000000278e-02
5.000000000000000278e-02,5.000000000000000278e-02
5.000000000000000278e-02,5.000000000000000278e-02
5.000000000000000278e-02,5.000000000000000278e-02
5.000000000000000278e-02,5.000000000000000278e-02
5.000000000000000278e-02,9.559197236932701069e-02
5.000000000000000278e-02,5.835609139361911391e-01
5.000000000000000278e-02,5.000000000000000278e-02
5.000000000000000278e-02,5.000000000000000278e-02
5.000000000000000278e-02,5.000000000000000278e-02
5.000000000000000278e-02,5.000000000000000278e-02
5.296108477119364499e-01,5.000000000000000278e-02
3.009609283171446048e-01,5.000000000000000278e-02
6.338223612445820221e-02,5.000000000000000278e-02
6.460231402819158752e-01,5.000000000000000278e-02
5.000000000000000278e-02,5.000000000000000278e-02
5.000000000000000278e-02,5.000000000000000278e-02
5.000000000000000278e-02,3.321292111108710143e-01
5.000000000000000278e-02,5.242521944758793406e-01
5.000000000000000278e-02,5.000000000000000278e-02
5.000000000000000278e-02,1.254982437449093935e-01
5.000000000000000278e-02,5.000000000000000278e-02
9.819728513878366039e-02,5.000000000000000278e-02
6.073040328411521277e-02,4.784678140865274432e-01
1.171877782686750469e-01,5.000000000000000278e-02
5.932447933232606330e-01,5.000000000000000278e-02
5.000000000000000278e-02,5.000000000000000278e-02
5.000000000000000278e-02,5.000000000000000278e-02
5.000000000000000278e-02,5.000000000000000278e-02
5.000000000000000278e-02,5.000000000000000278e-02
5.000000000000000278e-02,3.462455983785124314e-01
5.000000000000000278e-02,5.000000000000000278e-02
5.000000000000000278e-02,5.000000000000000278e-02
5.000000000000000278e-02,5.000000000000000278e-02
5.000000000000000278e-02,5.000000000000000278e-02
5.000000000000000278e-02,2.096545903848753833e-01
5.387514430294826351e-01,5.000000000000000278e-02
5.000000000000000278e-02,5.000000000000000278e-02
1.192576947570092166e-01,5.000000000000000278e-02
5.000000000000000278e-02,5.000000000000000278e-02
5.000000000000000278e-02,5.000000000000000278e-02
5.000000000000000278e-02,5.000000000000000278e-02
1.052346084099915757e-01,5.000000000000000278e-02
1.370749995187953985e-01,5.000000000000000278e-02
5.978434051777218317e-01,5.000000000000000278e-02
5.000000000000000278e-02,5.000000000000000278e-02
5.000000000000000278e-02,5.000000000000000278e-02
5.000000000000000278e-02,5.000000000000000278e-02
5.000000000000000278e-02,5.000000000000000278e-02
5.000000000000000278e-02,5.000000000000000278e-02
5.000000000000000278e-02,5.669091692795812376e-01
5.000000000000000278e-02,5.000000000000000278e-02
5.000000000000000278e-02,5.000000000000000278e-02
5.000000000000000278e-02,7.078961566618129364e-01
5.000000000000000278e-02,5.000000000000000278e-02
5.000000000000000278e-02,5.000000000000000278e-02
5.000000000000000278e-02,5.000000000000000278e-02
2.659354103176236883e-01,5.000000000000000278e-02
5.000000000000000278e-02,5.000000000000000278e-02
5.000000000000000278e-02,5.000000000000000278e-02
5.336075749408364377e-01,5.000000000000000278e-02
5.000000000000000278e-02,5.000000000000000278e-02
5.000000000000000278e-02,5.000000000000000278e-02
1.587802602814985808e-01,5.000000000000000278e-02
2.425847566884332673e-01,5.000000000000000278e-02
5.000000000000000278e-02,5.000000000000000278e-02
5.000000000000000278e-02,5.000000000000000278e-02
5.000000000000000278e-02,5.575462217413379440e-01
5.000000000000000278e-02,5.000000000000000278e-02
5.000000000000000278e-02,5.000000000000000278e-02
5.000000000000000278e-02,5.000000000000000278e-02
5.326244124812001823e-01,4.738763706932251907e-01
3.088847096285954330e-01,5.000000000000000278e-02
4.373675980124673845e-01,5.000000000000000278e-02
5.000000000000000278e-02,5.000000000000000278e-02
5.000000000000000278e-02,5.000000000000000278e-02
5.000000000000000278e-02,5.000000000000000278e-02
5.000000000000000278e-02,5.000000000000000278e-02
5.000000000000000278e-02,5.000000000000000278e-02
5.000000000000000278e-02,5.000000000000000278e-02
5.000000000000000278e-02,5.000000000000000278e-02
5.000000000000000278e-02,1.525797294001882687e-01
6.787025819185052988e-01,5.000000000000000278e-02
4.842878687021958672e-01,5.248796758729500356e-01
5.000000000000000278e-02,1.460811812492067152e-01
5.000000000000000278e-02,5.000000000000000278e-02
5.000000000000000278e-02,5.000000000000000278e-02
2.622214021866474121e-01,5.000000000000000278e-02
5.000000000000000278e-02,5.000000000000000278e-02
5.000000000000000278e-02,5.000000000000000278e-02
5.000000000000000278e-02,6.767833071483561058e-01
5.000000000000000278e-02,5.000000000000000278e-02
5.000000000000000278e-02,5.000000000000000278e-02
5.000000000000000278e-02,5.000000000000000278e-02
5.000000000000000278e-02,5.000000000000000278e-02
5.000000000000000278e-02,5.000000000000000278e-02
5.000000000000000278e-02,5.000000000000000278e-02
5.000000000000000278e-02,5.000000000000000278e-02
5.000000000000000278e-02,5.000000000000000278e-02
5.000000000000000278e-02,5.000000000000000278e-02
5.000000000000000278e-02,5.000000000000000278e-02
6.132382326530728678e-01,5.000000000000000278e-02
5.000000000000000278e-02,5.000000000000000278e-02
5.000000000000000278e-02,5.000000000000000278e-02
5.000000000000000278e-02,5.000000000000000278e-02
2.133738373026324020e-01,5.000000000000000278e-02
7.077118867343797914e-01,5.000000000000000278e-02
5.000000000000000278e-02,5.000000000000000278e-02
5.000000000000000278e-02,5.000000000000000278e-02
5.000000000000000278e-02,7.015653114761577491e-01
5.000000000000000278e-02,5.000000000000000278e-02
5.000000000000000278e-02,5.000000000000000278e-02
1.567446806465850606e-01,5.000000000000000278e-02
1.648441013207693762e-01,5.000000000000000278e-02
5.000000000000000278e-02,5.000000000000000278e-02
5.000000000000000278e-02,5.000000000000000278e-02
5.000000000000000278e-02,5.000000000000000278e-02
2.877512398102833879e-01,5.000000000000000278e-02
2.410940146468592560e-01,5.000000000000000278e-02
5.000000000000000278e-02,4.186886356174767676e-01
5.000000000000000278e-02,5.000000000000000278e-02
5.000000000000000278e-02,5.000000000000000278e-02
