# error_dp, error_pinn
4.340005191691523323e-02,4.460694073979735996e-02
4.218045624157424484e-02,4.218064227270148375e-02
4.218033353175017902e-02,4.218033365544591323e-02
4.218036165845038404e-02,4.218033196238465260e-02
6.239299281664606456e-02,4.218035195316483660e-02
6.090318834288064448e-02,1.310060920218862786e-02
1.831458818970578203e-02,1.250906229534223986e-02
8.819046539661994435e-03,1.623010933021761318e-02
8.706286061699314641e-03,1.527509646634579374e-02
9.943300783868179102e-03,1.533692387727172111e-02
9.167009194017099530e-03,1.298349208661671306e-02
9.373418009238498536e-03,5.947462224704398032e-03
9.094195716619662279e-03,6.443548617538050541e-03
9.248158766844937623e-03,6.824929624996101292e-03
9.113855500201486701e-03,5.388510990647779088e-03
9.082197805299785376e-03,2.570826352916384932e-03
9.841803224980568560e-03,1.356332798712372306e-03
1.111898021751642728e-02,6.883860108328389987e-03
1.011273536162672973e-02,3.494921713795404086e-03
1.032798478934773487e-02,4.889697968365151227e-03
1.042689890544534238e-02,7.533197385844150190e-03
1.052596352295614469e-02,6.785544248962803622e-03
1.033265033114492276e-02,7.096449592332609510e-03
1.033288834415259025e-02,7.455926152693548650e-03
8.683486818616293484e-03,7.273880626294532657e-03
8.135235232896012580e-03,3.072508838235712449e-03
7.701070633491131044e-03,1.955843338867815830e-03
7.638110574873771888e-03,6.441468687086540114e-04
7.549240320323313477e-03,7.630158545508382122e-04
6.857580680473119965e-03,4.331687831344238106e-03
6.982212495096946740e-03,5.921242527418785033e-03
6.861078776275694388e-03,8.561974539187788141e-03
5.846716481601220775e-03,9.900543301656138800e-03
3.574177565791022103e-03,1.164353361100512775e-02
4.003935692409449354e-03,1.140335380969122181e-02
2.673811557351860740e-03,1.149932691609020612e-02
1.939307909433164549e-03,1.100113922125354159e-02
1.955226811710693031e-03,1.038652354900945936e-02
1.279705568902999267e-03,9.950096195581792369e-03
2.060463943957280622e-03,9.300619398544566693e-03
2.794426120797756374e-03,8.298078301758791964e-03
3.628934935299694790e-03,6.231126939323288448e-03
5.290347401682868322e-03,3.670614500200741932e-03
5.649945184020540093e-03,2.569623162238661353e-03
7.024409868034414868e-03,4.932880567629752177e-04
6.464341748983693826e-03,2.891579475023957802e-04
6.732511052774705664e-03,7.071703044490105106e-04
7.667162689029065510e-03,1.413837275227040413e-03
7.703896277128273462e-03,1.382002162264499593e-03
8.165915446945065312e-03,1.177363871892302561e-03
8.571548509181356815e-03,7.561874356826322943e-04
8.708552011807349849e-03,3.193313205570427250e-04
8.752802282578579091e-03,6.407819806127121147e-04
8.637933776493838395e-03,7.615634227512618802e-04
8.518197042939906760e-03,9.066313489990842711e-04
8.287294701793205751e-03,1.213401957843472960e-03
8.661238972148321835e-03,2.095683709669642590e-03
7.960938398815372088e-03,3.369375632410762187e-03
8.148619697235799653e-03,2.706159037641920045e-03
7.109362621632264907e-03,2.903426345334826457e-03
4.060838493241954866e-03,1.161238721754364808e-03
5.275714794839556077e-03,7.752057884784745168e-04
4.548628509693518167e-03,2.271641883459949319e-03
3.538408221305390511e-03,1.793473437900495234e-03
3.021564804363318160e-03,1.713805434797813091e-03
2.063984057797523322e-03,1.372209161716329666e-03
1.595908650780450194e-03,1.508815474631153763e-03
1.039766707161060523e-03,1.442519692834358207e-03
4.489809679779177922e-04,1.272148031388571935e-03
3.331842593946036566e-04,1.176378529314615418e-03
3.621434286097604681e-04,1.250422813289566283e-03
3.946459842257022950e-04,1.161101011184133801e-03
6.955066897363579043e-04,9.937402131295438625e-04
1.490993409506837430e-03,8.180650545233635615e-04
2.148405508622304796e-03,6.082577024659579753e-04
3.533438145059149445e-03,3.144385859145259359e-04
2.737837184901735325e-03,2.343477544350751330e-04
2.790231580908997342e-03,2.455268652254204240e-04
2.946487227609859583e-03,2.607965634123809735e-04
3.161380426465937310e-03,3.428870742665641428e-04
2.544374274289457321e-03,4.123919073641596272e-04
1.416755322037938861e-03,5.280036930520367461e-04
1.239391223446774382e-03,5.712179711065852854e-04
8.447585223599042787e-04,4.800055718095711378e-04
1.956122196633749836e-04,3.647727853004280080e-04
3.508305664112878813e-04,1.958253727450155746e-04
4.371342009167910095e-04,1.049592928448814645e-04
4.806355828923660292e-04,1.567175873499319395e-04
5.468344473540776669e-04,1.600128965469669413e-04
4.966880011184918132e-04,1.510058333735566684e-04
5.690169235790424425e-04,1.587029067776102873e-04
6.019203749156328649e-04,3.195339603000934506e-04
7.053904361296312910e-04,7.737844353585965210e-04
1.105871320927788058e-03,8.611630239257245419e-04
1.192887675406840813e-03,8.710291117540047571e-04
1.171197328801419158e-03,8.699051127137729126e-04
1.055574551879713031e-03,8.686739836192711390e-04
9.601646402170672988e-04,8.764007356281466659e-04
6.205659187743814507e-04,8.924971704046651133e-04
4.105162821399884940e-04,9.147919213298754326e-04
4.671642514647290326e-04,9.492938617236056998e-04
3.105283241029271868e-04,9.921066215022829923e-04
1.068413967864845172e-04,1.029217511628093863e-03
2.240432310501402522e-04,1.034734138310202528e-03
3.741611249591257540e-04,9.431716404374573251e-04
3.487411414032926807e-04,8.784404588923152863e-04
3.552021878359279557e-04,8.462990707833331974e-04
4.537580759725989409e-04,8.543092991223354441e-04
6.308566558455106638e-04,8.710292709080558063e-04
9.190995542452582399e-04,8.817429788015571958e-04
1.123311286892173314e-03,9.026129756608995214e-04
1.149820234660617292e-03,8.397687210958569223e-04
1.139401384678890043e-03,6.527062052149945962e-04
1.138624285805265278e-03,6.499924200614544314e-04
1.196269638765286346e-03,5.900901679768040531e-04
1.233251904993735645e-03,3.668695529608092219e-04
1.333962305813283719e-03,2.047941700503853445e-04
1.470340704575637735e-03,1.522091983012801469e-04
1.543906906986264142e-03,1.092474920886974874e-04
1.696022265973952002e-03,1.821392255815187141e-04
1.873008298865140326e-03,1.100024622188482739e-04
1.976566586342507013e-03,8.554719316533219899e-05
2.615778847489844822e-03,8.705114187781885055e-05
2.265646677832948257e-03,9.466550900043545777e-05
2.027838292271199987e-03,7.917717403506786909e-05
1.890961885649794635e-03,7.963876120992268988e-05
1.779465850337745786e-03,9.441674013718125104e-05
1.762674651915054807e-03,9.423010137202336245e-05
1.738836605751041021e-03,1.137834683196166391e-04
1.457432583046842619e-03,1.700899917399434000e-04
1.432225101360870513e-03,1.691288627337232176e-04
1.412756178311581684e-03,1.508790573825596990e-04
1.382219874861954001e-03,1.181120022762614108e-04
1.384590659792332311e-03,8.419876406734503411e-05
1.414062034579872604e-03,4.583334585981310456e-04
1.430019532090596665e-03,6.205741369439177245e-04
1.431685481074161008e-03,8.616404176168375928e-04
1.442498254930756367e-03,7.862114842543828884e-04
1.443751182438887627e-03,8.199627726669225574e-04
1.427750210785609869e-03,8.470401289362738430e-04
1.378567125252965148e-03,9.658948938595185397e-04
1.343860670228989602e-03,9.942599870157340595e-04
1.288855952287896534e-03,1.052001833324339979e-03
1.291666769124081605e-03,1.078311841652234869e-03
1.437111580808385792e-03,1.071115543863932927e-03
1.442416787574033734e-03,1.068218283339839557e-03
1.464769319165757939e-03,1.062400521245484512e-03
1.505395214716839011e-03,1.073266306010599259e-03
1.481525140294963610e-03,1.102696193620665089e-03
1.479773844846617560e-03,1.163428807996148926e-03
1.486711392840433729e-03,1.277335301664727588e-03
1.462090111080012900e-03,1.427733250022288720e-03
1.434665977253683691e-03,1.501837286053682701e-03
1.387092672098365603e-03,1.688297826614808782e-03
1.336723823391800436e-03,1.828460708893127210e-03
1.365602019911989207e-03,1.869757928280194352e-03
1.393730634938286769e-03,2.011039087309225443e-03
1.455653888348928168e-03,1.957361499358177548e-03
1.508994842643286358e-03,2.013097847782298506e-03
1.525586993820216659e-03,2.086243003901352977e-03
1.558141403043004436e-03,2.294691747579577848e-03
1.608623078812660171e-03,2.377728633952835499e-03
1.691488417929940110e-03,2.639528384050003965e-03
1.701823469258542058e-03,2.714499901519121933e-03
1.722379583538376701e-03,2.827361800033272726e-03
1.749852948308346437e-03,3.077844612559868000e-03
1.738241442473121689e-03,3.661244541284535987e-03
1.751775270913576415e-03,3.891173018764668579e-03
1.753017395643970871e-03,3.991771723019956267e-03
1.760251061349687052e-03,3.949480628143783520e-03
1.771835062635669471e-03,4.106109950527836276e-03
1.789135396846916514e-03,4.151661353407699873e-03
1.797370533316272178e-03,4.248060121917588555e-03
1.797031390831101355e-03,4.374930994211936701e-03
1.804263243777682029e-03,4.416973932215471736e-03
1.820441354595679108e-03,4.505600752269880299e-03
1.837174190924347524e-03,4.619495543771535116e-03
1.847337814789351985e-03,4.659437441835783886e-03
1.850337225654170989e-03,4.697961163077318640e-03
1.849921414128593861e-03,4.714276313803570685e-03
1.849402293989229435e-03,4.793043338807615079e-03
1.831598422820476151e-03,4.955433869227400534e-03
1.835880648929789916e-03,5.055969055785718494e-03
1.835534437098597545e-03,4.869758422121309334e-03
1.824774344535587487e-03,4.538597219137013340e-03
1.812850543769300386e-03,4.325421002629551391e-03
1.795079122937115338e-03,3.927846639589691567e-03
1.769741986833594247e-03,3.823570025922783978e-03
1.720902892561447560e-03,3.717060208000468307e-03
1.619322027387069905e-03,3.586259113148825874e-03
1.571649614284280827e-03,3.429969548146192659e-03
1.311893477903480851e-03,3.110264980824215854e-03
1.457766391097000801e-03,3.097456636356295517e-03
1.503035183566018293e-03,3.031038373987424584e-03
1.483734262243958327e-03,2.557801171400132106e-03
1.446991723356351716e-03,2.579245290697670771e-03
1.440537367797883710e-03,2.341676835696873248e-03
1.429624064799456381e-03,2.233924780599025935e-03
1.429096555102182895e-03,1.728863204982909307e-03
1.424953958321035444e-03,1.864535806335055647e-03
1.424378135782283436e-03,1.711134083085532600e-03
1.426506767282766748e-03,1.573492107119079568e-03
1.436985473569217476e-03,1.276247367538484558e-03
1.458489055237696458e-03,1.289875419336046145e-03
1.481041821747600302e-03,1.114573465134798512e-03
1.522217603982632325e-03,9.976863109974296474e-04
1.544303343364644351e-03,8.906120326778613292e-04
1.554342646766345565e-03,5.533779752441843162e-04
1.561974510589292028e-03,6.275874418382209382e-04
1.570246550601427050e-03,5.239400521553466391e-04
1.578925166134682520e-03,3.633239960096358557e-04
1.575257582821169627e-03,3.359342955731028577e-04
1.571717410045288341e-03,2.192342286548360408e-04
1.566862712098081051e-03,1.401204523825175209e-04
1.558224035024699484e-03,1.223647316925415127e-04
1.541888848223933739e-03,1.415022790640234373e-04
1.512034010221855037e-03,2.282452271906807860e-04
1.473796244571685260e-03,3.095892376942649665e-04
1.486206960401484801e-03,4.000240361499403179e-04
1.462957578096335965e-03,5.939676101078393989e-04
1.570898134825874900e-03,5.982709168786235106e-04
1.728669121012013947e-03,6.518353656464101996e-04
2.033136250695818763e-03,7.821628052663207303e-04
1.896477140642122659e-03,7.544335034248983310e-04
1.973798306843421897e-03,7.633637310716009103e-04
1.989336018641280329e-03,7.857252499744901393e-04
2.071254890472717502e-03,8.706541013082280851e-04
2.000757313037562594e-03,8.742738183052200900e-04
2.105657693600047117e-03,9.059365267075931028e-04
2.258619092456437809e-03,1.010409000856604808e-03
2.324619592674504517e-03,1.041347725450405669e-03
2.318330636986169063e-03,1.149785923408196435e-03
2.417423218750835729e-03,1.162362579617402369e-03
2.461825371768950211e-03,1.192510017967366668e-03
2.591057406314261659e-03,1.227825052840533478e-03
2.924624770498154662e-03,1.228230565085220447e-03
3.055315645143943330e-03,1.126182184108670678e-03
3.029973662116462393e-03,1.055071864771634166e-03
3.068186241380373679e-03,8.403558473238172165e-04
3.104713518527774802e-03,8.492468073295704988e-04
3.169844126982769138e-03,7.684286379391729862e-04
3.327914486042612367e-03,5.622715889459796966e-04
3.337708704333903695e-03,5.538770817609825698e-04
3.463074672333542152e-03,3.303617410528487952e-04
3.679035997785987718e-03,1.212413503463152320e-04
3.677819208103557964e-03,1.099977737478699449e-04
4.190467828656492186e-03,2.347901437987919048e-04
4.224900645597331854e-03,3.173336906263331866e-04
4.113128098833781186e-03,6.088572420727834510e-04
4.223979369180477957e-03,8.039926867161337285e-04
4.518174595896685096e-03,8.695856145255318912e-04
4.474590660731764952e-03,8.985873272001172144e-04
4.586038666876188566e-03,1.059431327720102576e-03
4.910505155848142456e-03,1.205464847364457089e-03
5.115571443177201715e-03,1.321350873010801235e-03
5.122177792985776329e-03,1.498037309510285046e-03
5.154152233871764355e-03,1.752616939183247909e-03
5.209664858132696114e-03,1.792641770278590244e-03
5.224714981137653855e-03,1.884665790805746619e-03
5.235963319089226992e-03,1.940878577177826197e-03
5.409907823837430824e-03,2.004546520522932761e-03
5.395273031173299094e-03,2.086747886016033886e-03
5.501473356488945782e-03,2.304771977837204167e-03
5.747601600176965170e-03,2.270764523718158887e-03
5.964036382961839140e-03,2.712451322490514599e-03
6.026152311085218247e-03,2.913198359338765430e-03
6.062976084650249786e-03,2.860949913792880557e-03
6.274952005972010520e-03,2.918141250387624227e-03
6.232814171955752304e-03,3.079315267091510371e-03
6.360627455266836157e-03,3.435723654597788636e-03
6.640158839033150420e-03,3.358790670796123461e-03
6.851627747310263042e-03,3.495894303621367889e-03
7.312586588970436917e-03,3.674305972409142897e-03
7.299617859018619689e-03,3.686632472698859672e-03
7.616540314544319179e-03,3.956612480946660945e-03
7.566345260001513737e-03,4.167705416619479214e-03
7.607400760233069478e-03,4.151117977572113711e-03
7.948790338124475316e-03,4.247783457034064007e-03
7.804493040018696710e-03,4.324541776716527355e-03
8.426991266025005839e-03,4.381977281657512859e-03
8.654695673059847882e-03,4.578963404507981928e-03
8.534538055645057505e-03,4.469670697289516298e-03
8.666090711273546562e-03,4.492802788650615900e-03
8.716212177759617014e-03,4.561955006535876357e-03
8.843994891896772570e-03,4.716190460069527059e-03
8.862715665595830364e-03,4.679622208416740065e-03
8.881228696343678591e-03,4.719889082757097731e-03
8.915717610637008059e-03,4.915174570369070135e-03
8.903322202650009592e-03,4.824955463739680900e-03
8.981391388369966422e-03,4.852263037790597797e-03
9.103240986802534074e-03,4.909061273648468622e-03
9.155554795784269853e-03,5.049163439918559655e-03
9.369169418406526548e-03,5.031315894776629272e-03
9.353861428227699601e-03,5.131008538924744511e-03
9.582076991248357836e-03,5.311725619299188100e-03
9.588021680970859953e-03,5.259338668916682148e-03
9.753140758249831399e-03,5.286286740557821946e-03
9.884729759892092044e-03,5.322592267277949894e-03
1.011513598782561203e-02,5.325439146141564516e-03
1.012822280667691720e-02,5.316346684735147494e-03
1.021111711291323824e-02,5.330356301233198611e-03
1.030003912103872113e-02,5.348764362406346028e-03
1.032353815299428754e-02,5.339427756151250877e-03
1.042073093869997497e-02,5.345353625065067150e-03
1.065873933464506727e-02,5.353927731365169460e-03
1.081896675803016745e-02,5.359013492120211913e-03
1.066026427913562349e-02,5.358813713388301155e-03
1.070040792571770941e-02,5.345346825337719994e-03
1.072464297870406175e-02,5.301995120080202177e-03
1.073560179395785692e-02,5.216765607531754882e-03
1.071118424801378172e-02,4.963579304305660612e-03
1.066510727244234652e-02,4.774672369478106734e-03
1.068310427192425797e-02,4.301449281845412184e-03
1.078835779816430737e-02,4.298360485990504985e-03
1.084625798237781429e-02,4.094629956712255228e-03
1.087000865475249226e-02,3.937373487260639043e-03
1.088959599266926814e-02,3.849202906347685190e-03
1.089955379932634402e-02,3.783544102223061843e-03
1.090507243000704216e-02,3.635234212886440455e-03
1.091186116510889197e-02,3.422238859025187110e-03
1.091102100860540970e-02,3.374973656672433740e-03
1.091488678731698282e-02,3.061896076766194678e-03
1.099520031341091886e-02,3.160680863862693098e-03
1.102327601225062265e-02,3.084358871894790025e-03
1.112815507619408645e-02,2.938152801776426799e-03
1.127912850596148389e-02,2.930615083758120361e-03
1.187403112708959076e-02,2.797503158166904716e-03
1.250377516863896560e-02,2.667630231646122251e-03
1.208597457843679952e-02,2.584785345955969201e-03
1.241070912129374135e-02,2.328378572385019028e-03
1.294385027373120417e-02,2.351104388334815387e-03
1.290972552988134750e-02,2.270768217206746778e-03
1.400145577051385530e-02,2.209450108311012025e-03
1.407278241674196628e-02,2.126625034628280321e-03
1.370800272189776937e-02,2.170395093396629282e-03
1.380956331804995829e-02,2.134813268134468350e-03
1.399896835065287531e-02,2.116502461720731667e-03
1.412247769515473372e-02,2.093221745608975747e-03
1.428099498106450219e-02,2.026950039099491892e-03
1.461834459684883958e-02,2.075236174422412545e-03
1.480253683467028930e-02,2.084436598901882355e-03
1.520235488464943656e-02,2.076694407896730304e-03
1.510812756077367473e-02,2.168213982418984703e-03
1.523222431785176655e-02,2.331375939659947188e-03
1.550264584007027442e-02,2.416716529781440682e-03
1.554664429792841467e-02,2.470357870059158249e-03
1.560174527836492159e-02,2.771964821566549626e-03
1.574528258146506640e-02,2.942307782439432598e-03
1.569088605487996974e-02,3.214698494921515871e-03
1.567923100601021497e-02,3.171377143608617149e-03
1.576181931695718255e-02,3.390833966465370188e-03
1.577401547471670579e-02,3.443150502183336872e-03
1.572168601348484726e-02,3.589260542928835937e-03
1.555618698785674742e-02,3.841116855664908607e-03
1.486034263963495472e-02,3.898607842332948298e-03
1.473447990826283645e-02,4.235290879970354458e-03
1.497303662405780403e-02,4.220450675807554605e-03
1.489215838537559858e-02,4.420931810539319162e-03
1.482738679736129474e-02,4.548207765045027620e-03
1.543742222559570283e-02,4.597035212479410118e-03
1.560356319505557844e-02,4.682095719310853769e-03
1.547519775987447888e-02,4.719829432039977617e-03
1.572222937932334086e-02,4.780173423599693057e-03
1.587290613740670320e-02,4.854315384961986439e-03
1.599845847501648807e-02,4.985713501743766450e-03
1.658861194458254723e-02,4.926592890748203099e-03
1.649411510861021821e-02,4.975153744698024121e-03
1.663427202540988456e-02,5.032956420828524693e-03
1.688598022084655814e-02,5.066036376176121826e-03
1.700240561959785734e-02,4.967109757680819061e-03
1.692598871876349262e-02,5.031096649943757326e-03
1.660233829113905851e-02,5.122766892415881596e-03
1.653372254430494556e-02,5.146766609971025613e-03
1.630014193985501389e-02,5.222254681565334511e-03
1.554232518809332483e-02,5.282487377847249789e-03
1.535510953831782308e-02,5.237152487963905520e-03
1.536625792087832620e-02,5.231172700280554977e-03
1.498468524879123867e-02,5.236854955424048025e-03
1.488444420590160841e-02,5.220438921116609191e-03
1.475511550542709521e-02,5.188079885248665125e-03
1.421322607744544136e-02,5.185748587467581099e-03
1.397169616881233263e-02,5.170426734823047564e-03
1.350968353741704465e-02,5.132042674878965934e-03
1.346714658513223535e-02,5.124760355225429706e-03
1.366232525644292366e-02,5.113043865473068487e-03
1.340497925612421128e-02,5.071231011724634981e-03
1.352264131350478134e-02,5.063987864963196382e-03
1.350376476099467149e-02,4.988146326110493370e-03
1.371438526665367912e-02,4.889568503049354295e-03
1.392516007902408481e-02,4.891257964035591356e-03
1.405035609982759927e-02,4.820245708528810187e-03
1.389958897693970540e-02,4.818630420933785186e-03
1.404339234333444944e-02,4.661982046573822334e-03
1.431590636308603150e-02,4.604021025385167734e-03
1.429001076273422703e-02,4.578838359136807104e-03
1.425893795219603487e-02,4.555229481757457760e-03
1.438277457032302586e-02,4.535578215595002100e-03
1.437833592337668838e-02,4.506111599093969890e-03
1.442527487460848815e-02,4.422246309500788182e-03
1.452207405411035102e-02,4.482598560482901374e-03
1.450391589385109474e-02,4.462049738658783495e-03
1.450377261995764756e-02,4.426987786396766565e-03
1.448233806290722542e-02,4.367455693346168795e-03
1.431665198805843336e-02,4.319292398098884336e-03
1.422657401637851884e-02,4.234432446342029956e-03
1.417268194238652593e-02,4.206656805597665423e-03
1.405578792287457551e-02,4.048342565653444136e-03
1.364757572808911711e-02,4.053875383949103600e-03
1.361130732237982380e-02,3.910448091368345577e-03
1.344725337229826789e-02,3.886181835094755337e-03
1.314141712824179811e-02,3.678007157366893452e-03
1.292152973704317406e-02,3.660047002875192312e-03
1.273420213052452177e-02,3.408528266177001092e-03
1.233585250530417482e-02,3.445377559266648518e-03
1.239917630508687724e-02,3.218399771223691506e-03
1.224812492078114316e-02,3.032123200818410361e-03
1.194600530389735953e-02,3.061498605744949596e-03
1.193858716899408659e-02,2.994006798121092230e-03
1.199234613448355892e-02,2.861063968820891194e-03
1.186000872197419918e-02,2.851936404193562095e-03
1.210791579465744956e-02,2.658122362107551151e-03
1.214928101527876746e-02,2.529245166246463922e-03
1.210425500271410104e-02,2.398881259961138830e-03
1.232920809651286316e-02,2.392276509967203053e-03
1.244891601257351946e-02,2.146223073120361816e-03
1.269229407367277428e-02,2.043714686394097670e-03
1.267121641091262241e-02,2.095991084951767149e-03
1.276042828729859191e-02,2.071514970837119891e-03
1.281103844830475819e-02,1.881315314271671127e-03
1.283623357293089441e-02,1.937774113876287703e-03
1.286366448131656855e-02,1.924277556419659758e-03
1.274632845359310006e-02,1.875027158205032872e-03
1.280857848689658483e-02,1.895498622908881612e-03
1.283107144543377612e-02,1.818600926793707178e-03
1.282997745798950158e-02,1.784340971624069107e-03
1.276096582741428724e-02,1.776511891618277406e-03
1.267669095910395165e-02,1.735217108266619247e-03
1.243865799901521310e-02,1.678258051751519700e-03
1.238131325876900939e-02,1.674527370123396431e-03
1.220926916546791891e-02,1.660891134044103351e-03
1.169933730990805124e-02,1.657160291049202504e-03
1.169546532302100268e-02,1.655583799036950722e-03
1.169090386077740844e-02,1.651239065784728018e-03
1.147816745436873974e-02,1.645835535518260602e-03
1.118744394211053546e-02,1.635299506143676231e-03
1.116186209421020717e-02,1.614884213754182998e-03
1.100189216130826458e-02,1.572218281142509239e-03
1.075299560269940384e-02,1.508518669302478599e-03
1.100594585660226096e-02,1.455291226476207629e-03
1.086309942078148190e-02,1.439049532597380448e-03
1.082016407971592847e-02,1.411888006247664744e-03
1.088421731938315866e-02,1.315037008533398834e-03
1.110240430156577383e-02,1.324764508408311304e-03
1.123264276470682319e-02,1.320591021605158066e-03
1.131139606355737251e-02,1.312206837640866397e-03
1.160018379749377070e-02,1.294590994501995055e-03
1.160632150085635916e-02,1.223199255112055297e-03
1.159811498814016829e-02,1.236643058877141170e-03
1.173949088065679922e-02,1.252219092287636679e-03
1.170376351626166954e-02,1.221377204668793251e-03
1.171264424295839421e-02,1.127563648181016502e-03
1.175122151405960137e-02,1.064218502170503552e-03
1.130441218649804944e-02,7.950581080521804470e-04
1.117689530253747170e-02,7.710267874523410317e-04
1.106667418591252700e-02,6.775195371189964315e-04
1.116784227432808009e-02,5.796544938102583941e-04
1.091323252659858432e-02,5.964534310708138540e-04
1.060444484760849487e-02,4.932896005449597353e-04
1.053946357902880299e-02,3.187489089363989571e-04
1.038043933868621621e-02,2.399726639472317738e-04
1.027217768693859147e-02,1.201280288882287223e-04
1.002152789250309109e-02,1.381301149645805331e-04
9.892957022834684630e-03,1.119080481005318040e-04
9.939487954992743193e-03,1.820260936514010415e-04
9.915981139671067174e-03,2.413439619597370018e-04
9.898714364435366730e-03,2.437092534652864051e-04
9.880595526334395168e-03,3.766585227303211438e-04
9.887702521916192505e-03,3.667556831091972136e-04
1.004191618877141659e-02,4.276576484624806680e-04
9.903848232118057232e-03,5.508187967826312040e-04
9.853998551954519514e-03,6.317097086444756118e-04
9.872178946099213412e-03,6.947007576987341854e-04
9.894075786770227532e-03,7.246370588861717442e-04
9.999763432801976604e-03,8.075911665018824584e-04
1.001867049986145813e-02,8.400875770308586371e-04
9.959782755703217375e-03,9.321496616699450266e-04
9.945074052600351086e-03,9.775537237921136293e-04
1.000831522963026472e-02,1.039304639682249671e-03
1.003578450984624580e-02,1.022345913597852776e-03
1.005332881179283114e-02,1.099806966556027103e-03
1.008604793938273729e-02,1.136392044622293665e-03
1.006995503164525088e-02,1.192788493237482723e-03
1.004063879920551183e-02,1.265556059336191055e-03
9.996787466200049085e-03,1.332424575227370749e-03
9.917713287829022645e-03,1.293221942832664586e-03
9.822375835399426228e-03,1.330731599863427522e-03
9.588099103452447231e-03,1.397225390717437340e-03
9.486225878586393781e-03,1.390311889572122756e-03
9.159361234164355853e-03,1.425838921356598239e-03
9.215710428977688662e-03,1.505998062002222729e-03
9.040898871142621918e-03,1.497925941205619513e-03
8.902142373536744979e-03,1.545386756231993198e-03
8.736412298983033467e-03,1.564196108809025711e-03
8.379634043391684731e-03,1.642317893809530638e-03
8.283174745872390679e-03,1.618429673424675187e-03
8.095990522735718384e-03,1.631349363663005345e-03
7.930345653014984203e-03,1.659062225981603215e-03
7.957664242095723386e-03,1.646609833288452613e-03
7.815391739638664209e-03,1.650568611228363323e-03
7.592210123018159305e-03,1.666845958944963933e-03
7.419722221966991785e-03,1.667964412321297626e-03
7.338462585477774358e-03,1.667372661684208592e-03
7.190154004920590661e-03,1.652678073073883189e-03
7.128301955234149674e-03,1.642234874774917011e-03
7.276014378745624192e-03,1.637972675002242378e-03
7.221312634954322324e-03,1.634346363745353128e-03
7.485313681680443379e-03,1.649240523569378775e-03
7.473184082123976793e-03,1.648829018462165483e-03
7.405204703820335646e-03,1.653272389970574831e-03
7.391986906525828925e-03,1.645202465212061704e-03
7.412925294348184611e-03,1.639555764092085833e-03
7.396756542699218021e-03,1.644494578649292578e-03
7.398124585206729276e-03,1.641033400725070606e-03
7.334561895337134152e-03,1.636535715067902836e-03
7.205196785744348575e-03,1.629509954385768454e-03
7.048898747006667950e-03,1.625438362962634874e-03
6.856651635857571522e-03,1.624468956056130753e-03
6.192013389712918738e-03,1.624126674443257794e-03
6.157327983438668807e-03,1.624640756829088227e-03
6.070579771071416345e-03,1.625627199884452454e-03
5.878366349496037466e-03,1.626763385363853495e-03
5.829295407610111425e-03,1.629727310200130208e-03
5.718771342480626421e-03,1.635387585029990029e-03
5.721481282393321016e-03,1.647834881671826623e-03
5.595224090715287049e-03,1.668902148158620457e-03
5.564383830245504294e-03,1.683877635455438343e-03
5.332261231759403801e-03,1.700859362834954884e-03
5.327546641672765981e-03,1.711296041825346960e-03
5.086642529403291764e-03,1.710064752450495646e-03
4.839913725135025317e-03,1.718466517097610264e-03
4.775902646510736711e-03,1.750159936302749138e-03
4.644802560475952066e-03,1.753633400015011234e-03
4.431433951098920354e-03,1.774821357408407118e-03
4.422059733359478932e-03,1.801709804838148897e-03
4.198449237258831436e-03,1.806226230573205029e-03
3.852642994024395220e-03,1.818700746386211001e-03
3.819384906835315060e-03,1.849810278947315242e-03
3.625261923930935080e-03,1.839312729005904970e-03
3.563002018987571073e-03,1.848176238953672590e-03
3.387741941652679979e-03,1.867125109488401496e-03
3.350128428763430536e-03,1.862953069730727360e-03
3.136576131829979085e-03,1.868370196176687582e-03
3.116752003313660088e-03,1.877798992721548378e-03
2.988828027398984788e-03,1.892337457240667650e-03
2.900488777294906936e-03,1.891599785874902365e-03
2.778402244550706203e-03,1.890784225023530796e-03
2.613948401692714300e-03,1.894918617366381968e-03
2.224801996961269391e-03,1.911868710425926148e-03
2.237693173676192152e-03,1.914962561072643512e-03
2.110537348222356335e-03,1.928190288612355568e-03
2.044965154112080019e-03,1.945820751000783711e-03
1.748259869876195435e-03,1.945520967293847296e-03
1.648237623664703744e-03,1.950816779998666315e-03
1.692760883322797253e-03,1.953241105948758972e-03
1.592530205595550988e-03,1.948904255842287461e-03
1.259818744645170401e-03,1.950079692799516718e-03
1.272076531180373364e-03,1.948922514397616150e-03
1.185597517126834232e-03,1.946148065406018901e-03
1.055949671819375992e-03,1.942660184989191416e-03
1.072595965176244238e-03,1.933903547591295713e-03
9.822006196896731871e-04,1.913359308475140290e-03
8.136732103878369267e-04,1.917276478347426866e-03
7.572616677898442138e-04,1.912840152528094391e-03
6.189547017373701540e-04,1.901597575338570718e-03
5.666336424276416633e-04,1.897014520398392166e-03
3.979444282782157449e-04,1.896042869017350394e-03
2.982858056498050286e-04,1.896278583120286155e-03
1.241235600509363898e-04,1.894467965316937435e-03
8.695109631998671027e-05,1.893210769096119244e-03
4.249258070745952126e-05,1.892240354452381403e-03
1.208471002353016162e-04,1.891681741145163562e-03
2.172186434032819392e-04,1.890936964349061722e-03
3.094165711751040333e-04,1.887818564001273076e-03
3.023167651508076328e-04,1.890017067893966837e-03
4.158841120135113589e-04,1.884677254739537374e-03
3.938251505219738367e-04,1.877255505794241325e-03
4.503509622663764674e-04,1.883451618771535274e-03
5.035709667895807429e-04,1.852982467206894246e-03
6.643329762653067769e-04,1.808587547399155690e-03
6.583644691730431223e-04,1.711664038904448567e-03
6.657291452822826187e-04,1.684472348308208240e-03
7.461925205551595388e-04,1.661193840997935182e-03
7.952556937345334979e-04,1.650673558056422107e-03
8.506239458327161888e-04,1.560579600723011572e-03
9.170112141945785432e-04,1.473678173386268418e-03
9.784947797677138320e-04,1.467391927027223830e-03
9.710724252014528391e-04,1.430932441283071493e-03
9.887669806937649918e-04,1.371342764493564811e-03
1.020848282251395414e-03,1.309869638237036969e-03
9.250940247714214623e-04,1.274100763508385003e-03
9.163566117919085896e-04,1.205824861136958488e-03
7.897934407803251138e-04,1.203974606948350536e-03
8.405692530346355572e-04,1.166061794962662025e-03
8.556870379884410011e-04,1.114750961409341750e-03
7.732349414730418100e-04,1.095515488463910192e-03
8.039101083360085864e-04,9.911415388666046204e-04
8.410440427348521084e-04,1.018828991093043623e-03
7.862446378514916390e-04,9.760239195397170647e-04
7.223653881903548471e-04,9.630207473270884291e-04
4.431738124291554649e-04,8.841883338613150574e-04
4.588444419061686401e-04,8.854107756432657564e-04
3.855988652105319259e-04,8.142254657958282503e-04
4.141889035930168290e-05,7.102419284000356875e-04
6.253696201859080498e-05,7.378411163747766082e-04
2.042021173091678940e-04,7.035002193216664292e-04
2.699107373695179795e-04,6.436319021069537849e-04
4.467721702024305568e-04,6.503717051054820966e-04
8.130842168806326443e-04,6.026896751528496455e-04
8.335852994563728614e-04,5.422119618614444593e-04
9.906857304589271156e-04,5.338215518056871594e-04
1.350630975380560841e-03,4.970204795378504363e-04
1.333070797408656251e-03,5.016993644964566536e-04
1.583941237423805177e-03,5.057779949371220621e-04
1.814612990545487600e-03,4.883966905956983479e-04
1.921070443332493528e-03,4.523397598768260741e-04
2.427164656341263774e-03,4.606493287783690999e-04
2.141961054461303908e-03,4.512681859306615496e-04
2.223351800350482649e-03,4.379649826027535542e-04
2.456563605159895001e-03,4.279341829212408030e-04
2.426458783416852050e-03,4.243794831786993726e-04
2.952883937632971596e-03,4.196624106322533604e-04
3.089045634848538655e-03,4.089052449171893286e-04
3.070864128954220538e-03,3.888550810295001835e-04
3.298980909386388209e-03,3.522208386594405990e-04
3.424950525319429839e-03,2.996890517531872493e-04
3.561077034167945982e-03,2.292036092286152361e-04
3.984034495856856456e-03,1.538549744840349233e-04
3.879463308962701005e-03,1.129099907834241347e-04
4.040491739490785668e-03,1.119032970225190907e-04
4.335842118593663877e-03,1.062667353126183048e-04
4.562925257718271864e-03,1.255949342395869001e-04
4.554743614015017636e-03,1.334121407643003515e-04
4.803642193421292332e-03,1.633503258462435011e-04
5.060602388677091362e-03,2.014541338577743109e-04
5.098842333681768112e-03,2.540222541564182571e-04
5.502735394775309583e-03,2.868937165660333222e-04
5.625961163574924942e-03,3.243872215578062638e-04
6.056378146022169465e-03,3.138395815920004724e-04
6.099556738094525504e-03,3.121476681622159088e-04
6.228493391907945209e-03,3.266234221527849579e-04
6.307825983059248999e-03,3.624174041726541898e-04
6.449492621588801509e-03,3.782782592167731675e-04
6.855103585060806637e-03,4.057958683275779996e-04
6.817586943472962561e-03,4.568799411345181240e-04
6.945218655701859527e-03,4.869249370423661336e-04
7.183213746450972138e-03,5.585347508483752988e-04
7.181748255763023558e-03,5.412870211844037285e-04
7.301098273272571028e-03,5.737452668633979871e-04
7.473084754534581146e-03,6.185510681015280593e-04
7.537683607244581759e-03,6.081659408519488963e-04
7.729986273679036353e-03,6.153687420287334148e-04
7.964073014330188410e-03,6.369123760156225047e-04
8.288149638857501486e-03,6.466033071066304254e-04
8.328281221821307728e-03,6.460593702697642196e-04
8.804483060710173101e-03,6.493353354355180284e-04
8.714179031751810231e-03,6.567527379651535340e-04
8.828275804923029282e-03,6.695048122897423242e-04
8.924238523108208795e-03,6.920940816383658583e-04
9.091860779174100460e-03,7.201953335585372078e-04
9.119818595703077166e-03,7.478565849002830231e-04
9.339232994583189507e-03,7.634633396298452215e-04
9.269903777377101403e-03,7.807258785933273403e-04
9.351054043214863248e-03,8.061797079568583596e-04
9.494402324003897373e-03,8.336713914213781870e-04
9.491146599533336822e-03,8.434327273876326275e-04
9.558086788333369430e-03,8.689362483562966316e-04
9.589889856170357579e-03,8.657200622319398148e-04
9.681788188273941775e-03,8.762203906199511356e-04
9.666871038284228709e-03,9.102022462073578162e-04
9.725520703492297053e-03,9.048067891080263962e-04
9.801242494198796409e-03,9.144164537182809718e-04
9.761981140699486220e-03,9.312017154992827507e-04
9.774554360386041724e-03,9.279249500432473069e-04
9.785837241447036330e-03,9.493457068265732761e-04
9.792626598225011650e-03,9.468728713691621250e-04
9.795377751124788313e-03,9.442852686838942551e-04
9.768693702333724332e-03,9.437676355951886550e-04
9.766641780462393882e-03,9.445634990794082690e-04
9.764188687579354597e-03,9.474867841721659918e-04
9.758458766599026682e-03,9.809981963732183202e-04
9.736856233470937358e-03,9.715125814745229418e-04
9.732938742817165423e-03,9.919112852835787128e-04
9.649032005097037470e-03,1.006047850692056659e-03
9.641648777218304531e-03,1.075516950709904567e-03
9.590452794480943885e-03,1.106802540387774939e-03
9.525939948989833525e-03,1.117438092275965193e-03
9.508317736401079509e-03,1.110667107961551452e-03
9.401695217862510862e-03,1.144840302558121619e-03
9.197416601692811819e-03,1.149209911439200149e-03
9.235816545358873503e-03,1.129708530504292289e-03
9.121807542848704362e-03,1.096355867651841029e-03
9.052001808473318298e-03,1.062803693608224210e-03
8.966921023039671826e-03,1.034094442808634971e-03
8.743743909006243542e-03,9.850064053435608757e-04
8.696883090758125712e-03,9.475670928130926771e-04
8.420663875060270878e-03,9.136559709683448769e-04
8.406925301726467584e-03,8.879157880304880575e-04
8.100168636889146928e-03,8.419905010586775478e-04
7.847233197637705146e-03,8.727765279161054908e-04
7.760252505634113174e-03,8.462952338044531751e-04
7.677254407602556417e-03,7.975920600909160380e-04
7.435408913640568704e-03,7.729428195993200395e-04
7.477484250097992183e-03,7.482590839015646573e-04
7.002173652452697329e-03,6.794708718387449135e-04
6.959486427807526354e-03,6.733847938077947405e-04
6.815347717247219328e-03,6.477124336192534000e-04
6.753413444809259515e-03,5.775476811700160952e-04
6.496232327738357508e-03,5.556438263245413230e-04
6.533569263115543597e-03,4.668092891091593514e-04
6.412255996830973186e-03,4.489605684944162939e-04
6.110566326986247541e-03,2.806882374496772912e-04
6.000934660168101911e-03,3.442033732509036659e-04
5.893002444876779995e-03,2.937610363148707832e-04
5.568474311243621494e-03,2.141597546245531196e-04
5.662416475405600280e-03,1.049535710884332804e-04
5.593208145308726544e-03,1.048979860387603218e-04
5.418929485251299492e-03,2.736750439119823653e-04
5.276359207233122586e-03,3.653412409262282246e-04
4.889045632569814087e-03,6.929782132369437459e-04
4.935691104278240419e-03,6.369335967574047850e-04
4.909302379888212838e-03,6.374149487099749385e-04
4.842586741402235030e-03,7.072052502989608410e-04
4.658016271939207330e-03,9.515041221856227740e-04
4.682063241547566868e-03,1.157468556132386275e-03
4.624293838977808040e-03,1.078626236420895295e-03
4.514425818424255311e-03,1.101500175123344043e-03
4.559203885398266376e-03,1.157681990468147851e-03
4.550954951035827631e-03,1.198256243052644608e-03
4.498516803396204744e-03,1.228821724879681620e-03
4.488011080134623847e-03,1.238141389109716347e-03
4.543859401060620397e-03,1.242184333883160395e-03
4.584890867603797285e-03,1.242793512568242040e-03
4.626603065681965908e-03,1.248878240186781846e-03
4.644416439966376001e-03,1.257588320884703596e-03
4.742872038736570782e-03,1.269395005466644267e-03
4.732331704996669761e-03,1.289984962338786663e-03
4.745881731098546691e-03,1.323558850528376313e-03
4.753440044337922492e-03,1.395492638616815375e-03
4.751064261671889173e-03,1.491209594378433475e-03
4.778725574400955779e-03,1.566907244317842628e-03
4.890078181677421330e-03,1.618927406153810710e-03
4.877504860884893274e-03,1.654315284766659207e-03
4.864636304889579169e-03,1.633264554718421311e-03
4.927955472594156873e-03,1.661324753494836668e-03
4.949550037090948845e-03,1.661514489372449251e-03
4.976572080608382236e-03,1.655513268529116427e-03
4.955578476896142781e-03,1.651476141113443659e-03
4.971526263103658201e-03,1.644688513434349776e-03
4.972438414357893514e-03,1.635550895319073592e-03
4.927727614151403146e-03,1.625656165175384934e-03
4.821798753820600962e-03,1.604187248448176069e-03
4.731762191382751261e-03,1.573988297809238764e-03
4.641061940124548667e-03,1.522388876414985459e-03
4.617665419840652659e-03,1.434413606873261981e-03
4.628254900312865107e-03,1.304640173820798823e-03
4.625422604879752750e-03,1.264363618803027818e-03
4.596152970423427429e-03,1.177528697893460421e-03
4.611926158608974612e-03,1.199866029786728376e-03
4.621107220510208349e-03,1.248805474777245914e-03
4.715932069622789241e-03,1.171384949725787737e-03
4.701236466072102917e-03,1.234393438032642789e-03
4.657883429376128218e-03,1.210159129056729860e-03
4.652974943478212916e-03,1.192257665063694606e-03
4.684224174647256579e-03,1.175648297672476352e-03
4.698154253726723184e-03,1.153624735977944616e-03
4.744022069493571137e-03,1.012362446638826125e-03
4.917734130037614351e-03,1.055080981515373008e-03
4.820199255185115064e-03,1.072080230811823208e-03
4.811551070356570245e-03,1.060784210659591930e-03
4.843765236683414063e-03,1.058077378867807936e-03
4.989212658782329717e-03,1.036090701043376923e-03
5.060888566671107106e-03,1.042291314091386024e-03
5.112207992736861155e-03,1.015307634742347023e-03
5.146827040047759899e-03,9.898999995653784151e-04
5.169839627029580893e-03,1.002111701233817948e-03
5.339118511498888719e-03,1.010920609187982398e-03
5.364939506751541763e-03,9.898163817944570769e-04
5.320037047869967221e-03,1.076404105834689092e-03
5.461290861473839034e-03,1.093096602570620352e-03
5.584958204828829355e-03,1.161931375345707585e-03
5.647169925464064384e-03,1.246569117050696498e-03
5.674087035235954313e-03,1.350691462678824725e-03
5.751871702927971453e-03,1.399723340859929110e-03
5.774376921915387248e-03,1.450989746941460041e-03
5.855557520703960801e-03,1.491638639715830864e-03
5.880572968409294304e-03,1.532984325314568725e-03
5.907054725516410094e-03,1.603803097822627385e-03
5.913639849761478245e-03,1.655859443861253718e-03
5.992660426784111871e-03,1.719357890022547766e-03
5.979295729623486551e-03,1.720873072672643878e-03
5.991451042402238907e-03,1.729785838028459954e-03
5.986391557805603551e-03,1.779734060182590729e-03
5.876385013575544797e-03,1.792921405260408619e-03
5.862516275666222396e-03,1.791716825913979841e-03
5.747784018472119373e-03,1.833937376165521802e-03
5.647993125130805481e-03,1.824569910141523189e-03
5.652591562752131565e-03,1.782908633486510793e-03
5.476978631263657200e-03,1.805249309172634849e-03
5.412023937739531172e-03,1.816536425581849815e-03
5.356425208540051275e-03,1.807136778375059054e-03
5.241718196166236278e-03,1.739908856433196576e-03
5.222445320363192610e-03,1.620644947342860702e-03
5.201527942481004758e-03,1.508335620290596852e-03
5.131624203273279713e-03,1.445118005472365626e-03
5.196360693764963574e-03,1.391148811306883041e-03
5.207051257741407077e-03,1.337737021551183665e-03
5.225469128247452535e-03,1.293580086345433961e-03
5.225744031845738768e-03,1.300313041311606252e-03
5.258760049266169613e-03,1.247713656305194123e-03
5.263913120506310064e-03,1.270730184826006359e-03
5.311571550818491687e-03,1.297561573411279206e-03
5.332279911572941795e-03,1.315346448769884108e-03
5.364916989089097039e-03,1.320400334709962440e-03
5.467973106149401873e-03,1.320361226970605652e-03
5.569391092378603823e-03,1.293378278852334428e-03
5.932418783603346339e-03,1.257837445770890834e-03
6.264811283901255273e-03,1.138919590829041680e-03
6.342927409785197902e-03,9.903997928067378911e-04
6.637903267767441585e-03,9.026086251805550591e-04
6.592708392736099793e-03,8.603205430020873347e-04
6.640129736151560540e-03,6.708405832201210905e-04
6.761165936590573730e-03,6.641958550871933462e-04
6.885402449499258663e-03,7.171160553994816158e-04
6.936445925693391149e-03,6.094760907995346293e-04
7.010462911477156195e-03,5.122629393346887902e-04
7.134003336018275576e-03,4.995327666184612176e-04
7.079341617534971355e-03,4.568050261068219058e-04
7.119384460605870588e-03,3.473222679771405925e-04
7.012972780031593266e-03,3.905863320173719871e-04
6.852001613650384772e-03,3.325489457589582919e-04
6.670049209306483547e-03,3.231906362838308003e-04
6.675784577916756696e-03,2.933456643681368165e-04
6.552114945887693200e-03,2.521278992459268474e-04
6.530172626677145827e-03,1.961953329332614732e-04
6.438024137513403966e-03,1.749799078844114955e-04
6.299509899045600131e-03,1.473679082182374062e-04
6.161011824752965667e-03,1.287529959183955934e-04
6.106281680697509505e-03,1.303681624743863849e-04
6.176663177892945805e-03,1.336436830437727681e-04
6.104908937824174257e-03,1.392206174074197167e-04
6.050225118714140302e-03,1.494085616462321976e-04
6.068618481345302608e-03,1.648887503553905581e-04
6.032954996006710362e-03,1.760530154488749435e-04
6.114081724488499084e-03,2.225898199336887951e-04
6.138502415402701494e-03,2.144062307174579086e-04
6.140281623907435302e-03,1.837100942494955926e-04
6.171893713807967939e-03,2.236203193424761860e-04
6.235370658828151384e-03,2.303114906779128225e-04
6.442931789795071189e-03,2.144663804242532320e-04
6.581981240472569578e-03,2.210910731846875595e-04
6.631800757579712699e-03,2.396254874633407263e-04
6.686473654027958596e-03,2.494177850401216551e-04
6.710722585051251930e-03,2.734548792703995058e-04
6.731160617590895880e-03,3.139409196767937787e-04
6.739304054597139090e-03,3.896283302973222525e-04
6.658718047661036678e-03,4.317142413295613494e-04
6.621205599060042690e-03,4.961019594428707317e-04
6.057042330151097762e-03,5.422962351031312446e-04
5.953511177095396380e-03,5.766380275421501781e-04
6.066825936396789617e-03,5.807359727503557181e-04
5.701687859794791341e-03,5.767474663119975462e-04
5.317899161090731963e-03,6.080251300238260093e-04
5.322335319090226551e-03,6.269674950648247225e-04
5.073554046628208324e-03,6.682064287074350765e-04
4.477188030777384115e-03,6.681721441099396650e-04
4.671256028549040235e-03,7.512937709122457066e-04
4.506386977719946049e-03,7.842124412041338345e-04
4.166208808162762643e-03,9.186689868078851693e-04
4.177877292564089254e-03,9.081239716967316961e-04
3.973900564184710063e-03,8.798177576128222727e-04
3.523843769898597159e-03,9.255521882440206904e-04
3.425125807003738358e-03,1.017893968621261724e-03
3.162769184705292898e-03,1.009743302903296207e-03
2.969939537102414193e-03,1.023739917799098729e-03
2.966959237623519735e-03,1.111371329351198110e-03
2.632626746847854717e-03,1.146369416983830441e-03
2.511692185247642144e-03,1.219847492964117909e-03
2.263398710125536298e-03,1.248656859783227368e-03
2.131567886940746552e-03,1.278749686073851191e-03
1.660989740650119879e-03,1.317281816275419661e-03
1.638084553903705175e-03,1.314781117517453994e-03
1.423975721286688647e-03,1.324153231824365048e-03
1.571085086053310370e-03,1.338804403868569092e-03
1.417777661636275338e-03,1.367521965667113345e-03
1.202704767430829574e-03,1.402284728614819039e-03
1.282147489540469551e-03,1.402113495995305778e-03
1.201589062962760525e-03,1.436562878895510792e-03
1.145025988457587952e-03,1.436235003579129730e-03
9.527395162219719346e-04,1.447114054846654991e-03
1.052217878276305021e-03,1.450399679717866196e-03
9.984529302607667890e-04,1.454507206903744854e-03
8.729112055623806802e-04,1.466975280009283258e-03
8.933703163060155526e-04,1.491271659861798625e-03
8.544956138257756191e-04,1.533513609231403627e-03
7.742165789127404335e-04,1.565392743451508341e-03
7.289396572556382150e-04,1.560918822865850443e-03
6.552808695320478738e-04,1.569882722672361064e-03
5.956152912474707703e-04,1.589453224920165612e-03
5.278498806385593023e-04,1.615755752122967608e-03
5.039432760489062505e-04,1.592230428364376990e-03
4.754575078448343125e-04,1.532101153679363411e-03
4.308106954599819245e-04,1.388661877890752516e-03
5.028827989606547569e-04,1.302864415208384750e-03
4.719631701191402315e-04,1.293388161182655463e-03
4.190857895425480705e-04,1.296511979247273955e-03
3.785397347986150770e-04,1.272726842773653447e-03
2.709493124681090423e-04,1.185167236389875331e-03
1.435810653650841607e-04,1.110610123703802566e-03
3.556036677221219555e-05,9.620393227396373519e-04
1.125323729926357733e-04,6.978407048458554283e-04
3.686909318255393868e-04,6.143473626100266457e-04
3.907089807074542922e-04,4.914162987221111197e-04
2.534215275018494233e-04,3.710423888800986171e-04
3.944739216684204058e-04,2.889454366202489949e-04
5.096134326306325053e-04,2.761379493453926920e-04
5.027151742720946262e-04,2.336777572611784112e-04
6.691919761931474460e-04,1.644695363138459136e-04
7.049506745622631217e-04,1.297439017327349303e-04
8.710207263913001020e-04,1.048782088050247786e-04
9.955702841417642460e-04,1.048265162151335619e-04
9.867506447897502354e-04,1.050838489509439098e-04
8.919636295157672709e-04,1.075108325846463737e-04
8.283387181348408424e-04,1.093895010764823415e-04
8.106538759546182398e-04,1.113831553001615795e-04
7.105000783896586736e-04,1.143827893210162258e-04
6.507268459831230898e-04,1.198756188813796832e-04
6.423737131057805994e-04,1.278316255789078114e-04
6.385626507209040976e-04,1.279324490799444900e-04
7.083118984937472737e-04,1.599907703754443089e-04
8.486338525511904563e-04,1.549077777699248528e-04
1.166604968369890907e-03,1.260002098966198059e-04
8.800867635268119554e-04,1.373697697291370969e-04
1.043870053581596969e-03,1.500609306609926438e-04
1.198843203411469093e-03,1.479953441940822477e-04
1.155927149998674242e-03,1.512607952370672627e-04
1.131515749017566541e-03,1.642931974642156676e-04
1.319528451860423144e-03,1.751000873998012370e-04
1.231291858023301957e-03,1.964437584363313194e-04
1.288416333318379101e-03,1.848472036817605589e-04
1.354244428343426591e-03,1.946062114284593755e-04
1.474051256724113633e-03,1.958043430109857421e-04
1.433795209661679589e-03,1.729458930961047254e-04
1.464978385204536264e-03,1.688641720176785722e-04
1.518365386921870230e-03,1.307666046080746395e-04
1.536390018108389896e-03,1.138302961546294110e-04
1.548278460035280206e-03,1.231373665302989203e-04
1.676688840745231210e-03,1.125914794605514411e-04
1.856523951287157885e-03,1.122653661726909203e-04
1.923967488265070254e-03,1.205769904127144526e-04
2.024086364839708385e-03,1.510835261549409766e-04
2.056078715145464794e-03,1.601931031449296524e-04
2.130446526589023504e-03,2.229168528234468224e-04
2.291518530995274860e-03,2.308396961342878452e-04
2.304722441984213485e-03,2.201316201278565466e-04
2.361699274558153212e-03,2.481519480768670707e-04
2.436255253181937672e-03,2.934015651739823672e-04
2.370624005502425767e-03,2.992617112918693101e-04
2.411784630525940637e-03,2.492819417985266584e-04
2.445977538553997625e-03,2.357361866509912471e-04
2.500919318792964568e-03,2.487901205756459116e-04
2.539316759381509293e-03,2.557942049122583286e-04
2.659275504961080769e-03,2.486635234047836402e-04
2.677267021413924555e-03,2.456411218155501617e-04
2.718580217214880152e-03,2.545858727228134935e-04
2.733857016800100501e-03,2.812768440201576466e-04
2.739105467945591923e-03,3.101761623007574754e-04
2.762240336821394568e-03,3.369905499821289146e-04
2.912217095405222281e-03,3.467886277755319172e-04
2.900064280046975567e-03,3.559497463519621565e-04
2.905934904447808522e-03,3.711828507003969106e-04
2.933614597797716030e-03,3.677497513756771775e-04
3.037040280264692062e-03,3.880650781574557597e-04
3.138693606719426561e-03,3.812910111782377167e-04
3.268911254853067248e-03,3.632200447744253599e-04
3.478752553117198196e-03,3.683210981767033793e-04
3.704119735195187790e-03,3.713028958686045099e-04
3.774259811607297288e-03,3.713488140614257141e-04
3.803862776576804466e-03,3.644874340311547484e-04
3.766667099094952748e-03,3.649421368900335324e-04
3.720123919956622692e-03,3.673175338410372194e-04
3.711575310904554649e-03,3.701183827054309403e-04
3.715952193612859483e-03,3.780616405070238951e-04
3.745898774241797086e-03,3.809899222005641030e-04
3.809793669755417046e-03,3.790585960417789638e-04
3.954029944411245785e-03,3.690010898946785470e-04
4.139157678588609862e-03,3.830228400131083948e-04
4.431119596097238267e-03,3.847770774927675662e-04
5.056482067869918183e-03,3.821992624524129427e-04
5.519595487423499536e-03,3.718519945774762317e-04
5.227069978254820018e-03,3.706485581131045118e-04
5.587692418793818207e-03,3.626738013342068780e-04
