# loss_dp, loss_pinn
5.042018002208281668e-01,2.319670432262559319e-03
5.038710742152883171e-01,2.106917808159867837e-03
5.038208824634633487e-01,2.029877846317553174e-03
5.038208774677443991e-01,2.029868317310737792e-03
5.038208664181994534e-01,2.029867637209494674e-03
5.017554705281684901e-01,2.029861115806114689e-03
5.017483818231656123e-01,3.317779390231839222e-04
5.002571282708782041e-01,3.025117741431428641e-04
5.001654244798521276e-01,1.366168234021261261e-04
5.001213133429812663e-01,1.007637609320134552e-04
5.000699916878719176e-01,5.900233613024299218e-05
5.000228156841397542e-01,2.531870072657900613e-05
5.000207592741950924e-01,1.398566250491357514e-05
5.000126836441384226e-01,9.366755682315649163e-06
5.000111198668202306e-01,9.108436510488003202e-06
5.000108594371732718e-01,8.898871904309148584e-06
5.000102968532154080e-01,7.472875396854725024e-06
5.000070160081999671e-01,6.901687724689840856e-06
5.000050056618206007e-01,6.368101684115026050e-06
5.000029062937141333e-01,5.463448247308391425e-06
5.000022780460126048e-01,5.079259637877576772e-06
5.000016813368667323e-01,4.923078148652937320e-06
5.000015412460238062e-01,4.808161136208696664e-06
5.000014959915970447e-01,4.768553107483252422e-06
5.000014887047523615e-01,4.751046045155164547e-06
5.000012635983042131e-01,4.658404164548544904e-06
5.000011675930678967e-01,3.983448342834579948e-06
5.000011453276210771e-01,3.913658805993750773e-06
5.000011436536653253e-01,3.600677929900172808e-06
5.000011415936528314e-01,3.490821263264402866e-06
5.000011379720861182e-01,3.239080919037120758e-06
5.000011270351981674e-01,3.009990678213766810e-06
5.000011015774104006e-01,2.706368510975454949e-06
5.000010352928037083e-01,2.459602846754473080e-06
5.000009829521248061e-01,2.382201380887103283e-06
5.000009147815265287e-01,2.346252700809347005e-06
5.000008430184277319e-01,2.300951913586667749e-06
5.000008120474671580e-01,2.281709791858786109e-06
5.000007611972915322e-01,2.267336070181858884e-06
5.000006955790922136e-01,2.258376781156681825e-06
5.000006505530920631e-01,2.247437468542623533e-06
5.000006284468336837e-01,2.228784322932355673e-06
5.000006048496666855e-01,2.186053120032910942e-06
5.000005572462248304e-01,2.120075667219945414e-06
5.000005482294782588e-01,2.058951024896894712e-06
5.000005378194805061e-01,2.027306911185123528e-06
5.000005333624333304e-01,1.953043802891389149e-06
5.000005305833256086e-01,1.914902250823534120e-06
5.000005261019030423e-01,1.903854482722485379e-06
5.000005222846558572e-01,1.900524173028452020e-06
5.000005169469677879e-01,1.895926017912605965e-06
5.000005148240844743e-01,1.891570767353931625e-06
5.000005139762644379e-01,1.884826677023568520e-06
5.000005137095124841e-01,1.879929676348236489e-06
5.000005134597078627e-01,1.875459385080083398e-06
5.000005133279329383e-01,1.863495280694150761e-06
5.000005132536118335e-01,1.838698342852731985e-06
5.000005128641533680e-01,1.782717592260917665e-06
5.000005110403102915e-01,1.710920652224189246e-06
5.000005005776153588e-01,1.652224080349603251e-06
5.000004816771351779e-01,1.533170857279415042e-06
5.000004718296009454e-01,1.356268076052313883e-06
5.000004592555866711e-01,1.262065844837560932e-06
5.000004522448362465e-01,1.108383369810007623e-06
5.000004486170295248e-01,9.503993715978735289e-07
5.000004449199975110e-01,7.398363517039530262e-07
5.000004375505993082e-01,6.496675214113090619e-07
5.000004354100320292e-01,4.937409201655043366e-07
5.000004333357770392e-01,4.560987371577429844e-07
5.000004312076332669e-01,4.344169705925911471e-07
5.000004303350821244e-01,4.092966545155159293e-07
5.000004300843947647e-01,3.992473294465969871e-07
5.000004298567516381e-01,3.900875912972714711e-07
5.000004295822811917e-01,3.792374266193891169e-07
5.000004274628038203e-01,3.706102181709679934e-07
5.000004221916810598e-01,3.575312428628825267e-07
5.000004103606312533e-01,3.436021495739151075e-07
5.000003820863376802e-01,3.382013274817094838e-07
5.000003753311665911e-01,3.368946833531864165e-07
5.000003469409417534e-01,3.358991121835949124e-07
5.000002887246470795e-01,3.339487387711631712e-07
5.000002526280855619e-01,3.310188366857269789e-07
5.000002293852633395e-01,3.212647796047303624e-07
5.000001958766643329e-01,3.048052460164720919e-07
5.000001726922478351e-01,2.888205281317410172e-07
5.000001649555905203e-01,2.755284228867201196e-07
5.000001521282143591e-01,2.607668727996151501e-07
5.000001470776092027e-01,2.499806786761769158e-07
5.000001361296213531e-01,2.465862436480633892e-07
5.000001327207835855e-01,2.433239563170212328e-07
5.000001296158916864e-01,2.396670510423949761e-07
5.000001206223372296e-01,2.307287886483176939e-07
5.000001150809987305e-01,2.236513950644339805e-07
5.000001073989500666e-01,2.167057751950852795e-07
5.000001021719644445e-01,2.158037977210423247e-07
5.000000682911762695e-01,2.154294466042812649e-07
5.000000485389710647e-01,2.153756950774625009e-07
5.000000138511291325e-01,2.153441573575840771e-07
4.999999994088664690e-01,2.152794585858653450e-07
4.999999851714727050e-01,2.151104245584273829e-07
4.999999795935110569e-01,2.147557744201616093e-07
4.999999766933434509e-01,2.138702240993211649e-07
4.999999739055818737e-01,2.120809616156605731e-07
4.999999699682408094e-01,2.087511327824677186e-07
4.999999630876223455e-01,2.020430886883752122e-07
4.999999589989176929e-01,1.913073126904529518e-07
4.999999581262465354e-01,1.845126398497135881e-07
4.999999572009214965e-01,1.756803187069233060e-07
4.999999548660472026e-01,1.736141351286813202e-07
4.999999520188435076e-01,1.685960465318722017e-07
4.999999479881472864e-01,1.655004945672388916e-07
4.999999454211213612e-01,1.610478454356184775e-07
4.999999445120160702e-01,1.572333563926313860e-07
4.999999437933390078e-01,1.553817178032587217e-07
4.999999430096573882e-01,1.505023132523463389e-07
4.999999427111344596e-01,1.444768627183334440e-07
4.999999422691224216e-01,1.386759605176618871e-07
4.999999419944770040e-01,1.364283564245115820e-07
4.999999417533619317e-01,1.336581955624047414e-07
4.999999416011542963e-01,1.314051993767200589e-07
4.999999413088700440e-01,1.302938955364894449e-07
4.999999404694180360e-01,1.286463518081428079e-07
4.999999401112441566e-01,1.278384214508164794e-07
4.999999389155574403e-01,1.270550285215650810e-07
4.999999378405836081e-01,1.252122374226053136e-07
4.999999357861685256e-01,1.243096934422364088e-07
4.999999331502404387e-01,1.235366242875041207e-07
4.999999296218848865e-01,1.226782992146914932e-07
4.999999273890906593e-01,1.222405101654918002e-07
4.999999260959548941e-01,1.213919153667176358e-07
4.999999254008170024e-01,1.211875696165282413e-07
4.999999252453923848e-01,1.208676916735715166e-07
4.999999251384344978e-01,1.202457346611114568e-07
4.999999249607701146e-01,1.192516039510828225e-07
4.999999247481233811e-01,1.181668915992077467e-07
4.999999247186159845e-01,1.152101751831733334e-07
4.999999247144840675e-01,1.144722126775702111e-07
4.999999247140954894e-01,1.134418151716552716e-07
4.999999247056773344e-01,1.127264984918807473e-07
4.999999246553860077e-01,1.120925310692289451e-07
4.999999245666334469e-01,1.118983942504418613e-07
4.999999244040201907e-01,1.117626067787793829e-07
4.999999242497493723e-01,1.116918078508233600e-07
4.999999238245722011e-01,1.115483760040936984e-07
4.999999231993627058e-01,1.114791634824963414e-07
4.999999224125249442e-01,1.114503459162053002e-07
4.999999223251883618e-01,1.114359299187130971e-07
4.999999219459058120e-01,1.114037319966480294e-07
4.999999215001939001e-01,1.113439602576778200e-07
4.999999212017957051e-01,1.112419656051911871e-07
4.999999210493447643e-01,1.110990982488249338e-07
4.999999209485821439e-01,1.109058098235831670e-07
4.999999208404131146e-01,1.107459616016217956e-07
4.999999206810468166e-01,1.106488275149614705e-07
4.999999204713063139e-01,1.105128460686391715e-07
4.999999202873756099e-01,1.104352655205847596e-07
4.999999200834792656e-01,1.103822398836932963e-07
4.999999198958596791e-01,1.102781779578588275e-07
4.999999198319820537e-01,1.102586880724426397e-07
4.999999197267603335e-01,1.102138423454106584e-07
4.999999196492523890e-01,1.101816839306045018e-07
4.999999195906647542e-01,1.100371654207456279e-07
4.999999194133274982e-01,1.099426861484396981e-07
4.999999192927053748e-01,1.098662597210726488e-07
4.999999192615904864e-01,1.097493762832469173e-07
4.999999192147271954e-01,1.096481776309303682e-07
4.999999191924353048e-01,1.094730497666394316e-07
4.999999191686029798e-01,1.092758284613792997e-07
4.999999191493430528e-01,1.091862342923338979e-07
4.999999191415406274e-01,1.090206263162398970e-07
4.999999191387772268e-01,1.089547616439730028e-07
4.999999191368239559e-01,1.088876401525916551e-07
4.999999191354328465e-01,1.088457562515852585e-07
4.999999191344912108e-01,1.088135646029877509e-07
4.999999191338380111e-01,1.087882998982811476e-07
4.999999191318936775e-01,1.087690609101359145e-07
4.999999191297914702e-01,1.087514954694316030e-07
4.999999191279658195e-01,1.087308424487964286e-07
4.999999191267819887e-01,1.087230697740927819e-07
4.999999191263973519e-01,1.087192500038491850e-07
4.999999191263202469e-01,1.087152649256154190e-07
4.999999191262487486e-01,1.087047263471522100e-07
4.999999191259015818e-01,1.086591556213306160e-07
4.999999191248371000e-01,1.085688443773632374e-07
4.999999191228248208e-01,1.084015315034025592e-07
4.999999191189420378e-01,1.080928318809981177e-07
4.999999191133373544e-01,1.077255326109330392e-07
4.999999190994759979e-01,1.069907915274635276e-07
4.999999190720563202e-01,1.065574089025625647e-07
4.999999190089929324e-01,1.064235731891749489e-07
4.999999189200778904e-01,1.062759891558069110e-07
4.999999188727557442e-01,1.061148961227639667e-07
4.999999187541103174e-01,1.059334921816759521e-07
4.999999186467938284e-01,1.057725246992356215e-07
4.999999186327681588e-01,1.055474690195390444e-07
4.999999186196168455e-01,1.053847803933986386e-07
4.999999186089649772e-01,1.051584687371803027e-07
4.999999186018837527e-01,1.049669978666050119e-07
4.999999185892882725e-01,1.048947776504250584e-07
4.999999185823725822e-01,1.047536642740817415e-07
4.999999185787530331e-01,1.045654650685841151e-07
4.999999185773652544e-01,1.044483456870218366e-07
4.999999185748538189e-01,1.043646745132880202e-07
4.999999185705782390e-01,1.042423054864607849e-07
4.999999185636587740e-01,1.041059374981617309e-07
4.999999185574627303e-01,1.039360657164712186e-07
4.999999185552720382e-01,1.038515184643251390e-07
4.999999185516045275e-01,1.037758400180626510e-07
4.999999185498403831e-01,1.036559231745481957e-07
4.999999185493462783e-01,1.035678346946717822e-07
4.999999185491036391e-01,1.034879517518163467e-07
4.999999185489281683e-01,1.034359683093766038e-07
4.999999185487949416e-01,1.033901381022484563e-07
4.999999185485716202e-01,1.033317052975952094e-07
4.999999185481587838e-01,1.032782861642269286e-07
4.999999185470403451e-01,1.032581067879000134e-07
4.999999185442740579e-01,1.032125774418136294e-07
4.999999185372383526e-01,1.031817590672149261e-07
4.999999185211033148e-01,1.031513451835356573e-07
4.999999184868615387e-01,1.031018988564950394e-07
4.999999184797023211e-01,1.030608893070392855e-07
4.999999183961827409e-01,1.029677368361646753e-07
4.999999182607600678e-01,1.028967879610869591e-07
4.999999181895712352e-01,1.028653869723260730e-07
4.999999181219235700e-01,1.028440354325996700e-07
4.999999180711844904e-01,1.028366603562978253e-07
4.999999180549242750e-01,1.028234859356061298e-07
4.999999180178291702e-01,1.028105543680747163e-07
4.999999179823300666e-01,1.027821849837661201e-07
4.999999178584279558e-01,1.027232902202433158e-07
4.999999177786474958e-01,1.026702405105987556e-07
4.999999176495169007e-01,1.026272454861400398e-07
4.999999175575938204e-01,1.025573616693554474e-07
4.999999173770991456e-01,1.024593582242649358e-07
4.999999173360227811e-01,1.024273224790331021e-07
4.999999172248776880e-01,1.023587022348286627e-07
4.999999171692126043e-01,1.023123446448340997e-07
4.999999171055600766e-01,1.021313480290396593e-07
4.999999170451742136e-01,1.019751474007527565e-07
4.999999169447590930e-01,1.019376531609179507e-07
4.999999169151864153e-01,1.018245421453795534e-07
4.999999168832074403e-01,1.017795786410181563e-07
4.999999168332364130e-01,1.016910299181278171e-07
4.999999168069054201e-01,1.016195183914355288e-07
4.999999167788141130e-01,1.015049776838028333e-07
4.999999167615166717e-01,1.014460742439315899e-07
4.999999167354540197e-01,1.013671401910354322e-07
4.999999166829033892e-01,1.013022791121294364e-07
4.999999166117488070e-01,1.012640657039876480e-07
4.999999165101300935e-01,1.011766146390061646e-07
4.999999164302216803e-01,1.011537509230348844e-07
4.999999163587970363e-01,1.010716102418869024e-07
4.999999162459055624e-01,1.010401202940943875e-07
4.999999161614513410e-01,1.010064257660366437e-07
4.999999160117245545e-01,1.009694106626898986e-07
4.999999159507968471e-01,1.008969788589527851e-07
4.999999159391335102e-01,1.008811277281666293e-07
4.999999159272361382e-01,1.008051766888141922e-07
4.999999159168610485e-01,1.007516600726336562e-07
4.999999159112347158e-01,1.007229126524246856e-07
4.999999159045230845e-01,1.007073737484399065e-07
4.999999158927247445e-01,1.006913668177084969e-07
4.999999158633601226e-01,1.006719665464767647e-07
4.999999157997723209e-01,1.006476683287542680e-07
4.999999156544903123e-01,1.006246011986973970e-07
4.999999156122296728e-01,1.005770007892005167e-07
4.999999155637436798e-01,1.005019793925269780e-07
4.999999155051904065e-01,1.004395611897913774e-07
4.999999154264377355e-01,1.004153321589236198e-07
4.999999153892343839e-01,1.003572751593751600e-07
4.999999153578625899e-01,1.003245585832197098e-07
4.999999152983342632e-01,1.002900425178902511e-07
4.999999152772937605e-01,1.002148467812898878e-07
4.999999151559755828e-01,1.001909909079790097e-07
4.999999151361901872e-01,1.001577595239739610e-07
4.999999150667210346e-01,1.000749147051237804e-07
4.999999150304914597e-01,1.000242331494911849e-07
4.999999149597610382e-01,9.996128639277458681e-08
4.999999149447506563e-01,9.989787832281381815e-08
4.999999148387049841e-01,9.986008027085462162e-08
4.999999146326212784e-01,9.983461494612101506e-08
4.999999145609411166e-01,9.981794053779951703e-08
4.999999143190830275e-01,9.979243357578952568e-08
4.999999141791544588e-01,9.977175045755173449e-08
4.999999140917430474e-01,9.973976607762302899e-08
4.999999140502306427e-01,9.970718863067873724e-08
4.999999140212050830e-01,9.966253551932143658e-08
4.999999139964675932e-01,9.963471998149720904e-08
4.999999139660217251e-01,9.962405007282417576e-08
4.999999139199954312e-01,9.959213812204920932e-08
4.999999138471624693e-01,9.957199542268228670e-08
4.999999137734027488e-01,9.954902914759333333e-08
4.999999137184852893e-01,9.952502798760042545e-08
4.999999136448077253e-01,9.947056273302350747e-08
4.999999135573814923e-01,9.939540868114053406e-08
4.999999134851442206e-01,9.936890682436149939e-08
4.999999133294941167e-01,9.935104642774443411e-08
4.999999132478375463e-01,9.934544340493062470e-08
4.999999131753340986e-01,9.934336575350395845e-08
4.999999131272107600e-01,9.934085095997855825e-08
4.999999131033689981e-01,9.933630247552192149e-08
4.999999130828651772e-01,9.932878973219053066e-08
4.999999130668690284e-01,9.932579419212311908e-08
4.999999130198428121e-01,9.932442931445100684e-08
4.999999129651125362e-01,9.932391458306301948e-08
4.999999128916327029e-01,9.932282169331504374e-08
4.999999128359208234e-01,9.932134819454934458e-08
4.999999127400097665e-01,9.931788954370224061e-08
4.999999127057402348e-01,9.931218498232310291e-08
4.999999126860950049e-01,9.930303988796621983e-08
4.999999126786697223e-01,9.928791298591913354e-08
4.999999126715237163e-01,9.926368644491123597e-08
4.999999126649035119e-01,9.922378437248848211e-08
4.999999126557128082e-01,9.912159060800819125e-08
4.999999126423195217e-01,9.906838443226021020e-08
4.999999126364369495e-01,9.902028281298459165e-08
4.999999126332629884e-01,9.895474971692400578e-08
4.999999126321073017e-01,9.890078748502710786e-08
4.999999126313101616e-01,9.888474500349920212e-08
4.999999126308434239e-01,9.886218136541571461e-08
4.999999126307113073e-01,9.881885884517259230e-08
4.999999126305661457e-01,9.880919697120166875e-08
4.999999126301216124e-01,9.877084938679956703e-08
4.999999126286569506e-01,9.872483949053349929e-08
4.999999126253533710e-01,9.869418169596408343e-08
4.999999126179556219e-01,9.867159847711502046e-08
4.999999126058837229e-01,9.865194936350190216e-08
4.999999125988910942e-01,9.862617977897437934e-08
4.999999125695212543e-01,9.858760254665692702e-08
4.999999125227361230e-01,9.856996273302377799e-08
4.999999124841413289e-01,9.853002995635663978e-08
4.999999124675010842e-01,9.851151718823087481e-08
4.999999124525248417e-01,9.849296456930504060e-08
4.999999124325893995e-01,9.846947439783081365e-08
4.999999124256646610e-01,9.844306120132406117e-08
4.999999124233779346e-01,9.842344985990167544e-08
4.999999124145587670e-01,9.838995454894458453e-08
4.999999124084085755e-01,9.837764276685476151e-08
4.999999124011119678e-01,9.835662522121807427e-08
4.999999123897644893e-01,9.834832809306978352e-08
4.999999123848301585e-01,9.832670942428892218e-08
4.999999123740063722e-01,9.828127852610616044e-08
4.999999123699467862e-01,9.825359253591335492e-08
4.999999123675512580e-01,9.819185283528338518e-08
4.999999123663688150e-01,9.811217773368799328e-08
4.999999123648348198e-01,9.797743169683237282e-08
4.999999123643787402e-01,9.792367066406564282e-08
4.999999123642229204e-01,9.783389197341751845e-08
4.999999123641040155e-01,9.773182042066700196e-08
4.999999123639314869e-01,9.763812066328650267e-08
4.999999123636234000e-01,9.757137668851355823e-08
4.999999123626739927e-01,9.750960662664626816e-08
4.999999123584314975e-01,9.743580201573477142e-08
4.999999123513414467e-01,9.738760183110381123e-08
4.999999123373800036e-01,9.724377922201588469e-08
4.999999123200057349e-01,9.721752428402266532e-08
4.999999122394590545e-01,9.708392691643293138e-08
4.999999121547531455e-01,9.699311185374456438e-08
4.999999121164105387e-01,9.687847219244741483e-08
4.999999120833183985e-01,9.682888949126248048e-08
4.999999120594899038e-01,9.675284641188605292e-08
4.999999120394665875e-01,9.669316745130176287e-08
4.999999119402127046e-01,9.666785716477942037e-08
4.999999119185159491e-01,9.662616044676296780e-08
4.999999118833290956e-01,9.657691150260842645e-08
4.999999118617172167e-01,9.652280070731752207e-08
4.999999118313531721e-01,9.648423141533718908e-08
4.999999118219996541e-01,9.642243742710100963e-08
4.999999118082900651e-01,9.632416517006337000e-08
4.999999117923799030e-01,9.627669774943305493e-08
4.999999117716205643e-01,9.621899857744879243e-08
4.999999117315125918e-01,9.613892356883902796e-08
4.999999117030040074e-01,9.607806978606391999e-08
4.999999116611473227e-01,9.600043337225629794e-08
4.999999116465927429e-01,9.585671762407139123e-08
4.999999115422043006e-01,9.583101456600271899e-08
4.999999115241873238e-01,9.574576063093184559e-08
4.999999115118978765e-01,9.566364913003240796e-08
4.999999114808991174e-01,9.559519996790729898e-08
4.999999114607359685e-01,9.546650557301823369e-08
4.999999114374223952e-01,9.532177318015950921e-08
4.999999113981447030e-01,9.529187944197252915e-08
4.999999113563873276e-01,9.521324447907305231e-08
4.999999113298931874e-01,9.513656758100937704e-08
4.999999113198396183e-01,9.509322030237793150e-08
4.999999112981500793e-01,9.505130153210955368e-08
4.999999112871710283e-01,9.502577180293407920e-08
4.999999112656583478e-01,9.498393966110936337e-08
4.999999111833783871e-01,9.488181302291603846e-08
4.999999111523690809e-01,9.481188094462505632e-08
4.999999111270914121e-01,9.477430929612647184e-08
4.999999111032158994e-01,9.474482173272753670e-08
4.999999110880308795e-01,9.470717538184126329e-08
4.999999110671383695e-01,9.464385599576793628e-08
4.999999110564236071e-01,9.461154455997765108e-08
4.999999110383460676e-01,9.459506733281157910e-08
4.999999110232966615e-01,9.458184592166647580e-08
4.999999110209317754e-01,9.457277200524880112e-08
4.999999110008825909e-01,9.456061563927613564e-08
4.999999109895486016e-01,9.455694735528921108e-08
4.999999109816984366e-01,9.454733070970839126e-08
4.999999109640964057e-01,9.454255748146299944e-08
4.999999109392566643e-01,9.453560791593994844e-08
4.999999109257811658e-01,9.452383172794354499e-08
4.999999109059505842e-01,9.450422016304516130e-08
4.999999108960965222e-01,9.446802132473520612e-08
4.999999108649605395e-01,9.446092405774462180e-08
4.999999108480105425e-01,9.443870034994152403e-08
4.999999108329200026e-01,9.440977957099167480e-08
4.999999108063071240e-01,9.436297494577174432e-08
4.999999107873867032e-01,9.435566778351982057e-08
4.999999107637547180e-01,9.431319483535778376e-08
4.999999107491047701e-01,9.425852438639005769e-08
4.999999107332534498e-01,9.418073592673230846e-08
4.999999107256148934e-01,9.410149846584834471e-08
4.999999107141056554e-01,9.395976402262323738e-08
4.999999107058881731e-01,9.390288594298168655e-08
4.999999107001060206e-01,9.378497008735982769e-08
4.999999106930437809e-01,9.356755022726338995e-08
4.999999106868672216e-01,9.344455636446075890e-08
4.999999106767630819e-01,9.326221416921832346e-08
4.999999106343286925e-01,9.297313320844493591e-08
4.999999106047287589e-01,9.269126741581926856e-08
4.999999105958414236e-01,9.253624173772471155e-08
4.999999105632332297e-01,9.222056359085363459e-08
4.999999105461691018e-01,9.186785657254618295e-08
4.999999105335397043e-01,9.166587504456684192e-08
4.999999105219533058e-01,9.146355702912649715e-08
4.999999105142716171e-01,9.120526200490925662e-08
4.999999105036757041e-01,9.096412912313297892e-08
4.999999104964898411e-01,9.063485940276015163e-08
4.999999104896428737e-01,9.027751072092521840e-08
4.999999104771618574e-01,9.018935879222413467e-08
4.999999104673276129e-01,9.005255477122201869e-08
4.999999104578165543e-01,8.977855104582614863e-08
4.999999104484275647e-01,8.967028427443385025e-08
4.999999104326640631e-01,8.962882980582343432e-08
4.999999104095485536e-01,8.956816739693079149e-08
4.999999103788829169e-01,8.952941518070377603e-08
4.999999103697874703e-01,8.952596243271326443e-08
4.999999103482126173e-01,8.952382293449409289e-08
4.999999103254262889e-01,8.952335344563813899e-08
4.999999103137049983e-01,8.952299964509273220e-08
4.999999102994157063e-01,8.952238140245410426e-08
4.999999102853835975e-01,8.952131042309601203e-08
4.999999102770126269e-01,8.951827028380099095e-08
4.999999102655712235e-01,8.951049508027347895e-08
4.999999102491980985e-01,8.949205819767918955e-08
4.999999102380224825e-01,8.946007638285561596e-08
4.999999102105365800e-01,8.941607071622828352e-08
4.999999101701946835e-01,8.940170502959689028e-08
4.999999101618846642e-01,8.938003854887354066e-08
4.999999101377933797e-01,8.935129945886189114e-08
4.999999101066772700e-01,8.934259391308034198e-08
4.999999100805443408e-01,8.933839156760183821e-08
4.999999100567129595e-01,8.933667937542971318e-08
4.999999100434320276e-01,8.933466237023103747e-08
4.999999100334377999e-01,8.933139183516504610e-08
4.999999100215636871e-01,8.932502763046428408e-08
4.999999100155222420e-01,8.930702102821854892e-08
4.999999100036094934e-01,8.927408317518923627e-08
4.999999099862427743e-01,8.921889620764528932e-08
4.999999099686309734e-01,8.915896376951175999e-08
4.999999099190598484e-01,8.913008890333875400e-08
4.999999099068271891e-01,8.897955788131444960e-08
4.999999098796224506e-01,8.890606204091842997e-08
4.999999098569372080e-01,8.887248111824159186e-08
4.999999098165385791e-01,8.881203273853158530e-08
4.999999098011603804e-01,8.870235861420702649e-08
4.999999097674447945e-01,8.864327920469846997e-08
4.999999097526923730e-01,8.850550113164561082e-08
4.999999097433038830e-01,8.843848061295033161e-08
4.999999097301323081e-01,8.839586225943500354e-08
4.999999097170578777e-01,8.834958740061798780e-08
4.999999096948789523e-01,8.827994594208325836e-08
4.999999096688825806e-01,8.824856667148328999e-08
4.999999096585157621e-01,8.820326432732936150e-08
4.999999096412672261e-01,8.812256577897681257e-08
4.999999096234712948e-01,8.808582433990544997e-08
4.999999096103914242e-01,8.804756405695796490e-08
4.999999095873761124e-01,8.796860980640064066e-08
4.999999095734093402e-01,8.794654104018846012e-08
4.999999095560833662e-01,8.791242127906903861e-08
4.999999095143997652e-01,8.787089961708242538e-08
4.999999094989077131e-01,8.785835564671957707e-08
4.999999094752449191e-01,8.781066920853549646e-08
4.999999094608486017e-01,8.777923962612119743e-08
4.999999094513082332e-01,8.774467670916560164e-08
4.999999094398685506e-01,8.772536037723724896e-08
4.999999094258275045e-01,8.771015276251334425e-08
4.999999094196513894e-01,8.766743649137922487e-08
4.999999094043119374e-01,8.765335398105380309e-08
4.999999093886809964e-01,8.763895141197485801e-08
4.999999093715546961e-01,8.760928775106119871e-08
4.999999093469551514e-01,8.760467190286088249e-08
4.999999093281023987e-01,8.758932219388465818e-08
4.999999093024125596e-01,8.755676621780628298e-08
4.999999092608702345e-01,8.754919769447190943e-08
4.999999092448809690e-01,8.753510305582866855e-08
4.999999092198842421e-01,8.751993865254501636e-08
4.999999092022654468e-01,8.750609550211578759e-08
4.999999091780585880e-01,8.749048782379596583e-08
4.999999091596217804e-01,8.746961195099761915e-08
4.999999091411240215e-01,8.746231077300233929e-08
4.999999091093451642e-01,8.745256756580477381e-08
4.999999090965380200e-01,8.742514338122052489e-08
4.999999090894879927e-01,8.740379975827598293e-08
4.999999090830218318e-01,8.739433371446970874e-08
4.999999090757442088e-01,8.738002934939585460e-08
4.999999090683537317e-01,8.736126704453977133e-08
4.999999090591096818e-01,8.734199876744679847e-08
4.999999090526709988e-01,8.732591205125041237e-08
4.999999090468524310e-01,8.731238889280954506e-08
4.999999090379343980e-01,8.730157244891981795e-08
4.999999090205586305e-01,8.729448509121525733e-08
4.999999089813618181e-01,8.728032504109007027e-08
4.999999089636677496e-01,8.727481952694214541e-08
4.999999089345973369e-01,8.725968814278542420e-08
4.999999089014616760e-01,8.724253257827430866e-08
4.999999088879560905e-01,8.723452189281396248e-08
4.999999088760255228e-01,8.723037321238638853e-08
4.999999088672771319e-01,8.722886331308427431e-08
4.999999088585194706e-01,8.722810173735550917e-08
4.999999088503130906e-01,8.722779853485682414e-08
4.999999088398889846e-01,8.722749814890365147e-08
4.999999088274773018e-01,8.722709304696314356e-08
4.999999088008131309e-01,8.722684066224759396e-08
4.999999087833192912e-01,8.722676165459353091e-08
4.999999087348789839e-01,8.722673729763352373e-08
4.999999087163351508e-01,8.722671579034275523e-08
4.999999087119636476e-01,8.722668110917054124e-08
4.999999087008630827e-01,8.722661300292610496e-08
4.999999086903686440e-01,8.722639760651524246e-08
4.999999086712875740e-01,8.722585184975493245e-08
4.999999086426467065e-01,8.722449729068868800e-08
4.999999086213731125e-01,8.722207869223685904e-08
4.999999086158544714e-01,8.721853547158359724e-08
4.999999085957642087e-01,8.721188317432125934e-08
4.999999085827319112e-01,8.721009079689219034e-08
4.999999085659149745e-01,8.720886225542516680e-08
4.999999085525178577e-01,8.720718036754317239e-08
4.999999085409734256e-01,8.720508540606604277e-08
4.999999085222517348e-01,8.720267309733792442e-08
4.999999085147956990e-01,8.720097645059135908e-08
4.999999085050969572e-01,8.720009181265460551e-08
4.999999084896526447e-01,8.719926780465649894e-08
4.999999084767342561e-01,8.719850705817740962e-08
4.999999084559874629e-01,8.719788596406585251e-08
4.999999084409393335e-01,8.719715978181673498e-08
4.999999084315159825e-01,8.719661537659210855e-08
4.999999084161266816e-01,8.719644512045346671e-08
4.999999084114793990e-01,8.719614984735036615e-08
4.999999084072289657e-01,8.719601501651609382e-08
4.999999083999986382e-01,8.719592403685417622e-08
4.999999083896922158e-01,8.719586191298578540e-08
4.999999083848790660e-01,8.719574977320743307e-08
4.999999083761665908e-01,8.719559025949238522e-08
4.999999083665298549e-01,8.719527549945332070e-08
4.999999083496577956e-01,8.719489379307991634e-08
4.999999083469182093e-01,8.719458168745466277e-08
4.999999083418196211e-01,8.719406370948780322e-08
4.999999083376471809e-01,8.719362962471518477e-08
4.999999083309937253e-01,8.719349955439324382e-08
4.999999083256499999e-01,8.719293039694642931e-08
4.999999083159622493e-01,8.719266022049476239e-08
4.999999083111893450e-01,8.719239618476164044e-08
4.999999083049086468e-01,8.719230454947746783e-08
4.999999083000471467e-01,8.719227453997511841e-08
4.999999082952699681e-01,8.719219366336327868e-08
4.999999082932929939e-01,8.719201603289519549e-08
4.999999082905041137e-01,8.719175461170150410e-08
4.999999082852132903e-01,8.719165830400256760e-08
4.999999082815753115e-01,8.719138981216790444e-08
4.999999082773629588e-01,8.719129376094339753e-08
4.999999082737828227e-01,8.719118344655078533e-08
4.999999082713180165e-01,8.719117014259518851e-08
4.999999082690358976e-01,8.719116379542686809e-08
4.999999082654137394e-01,8.719115213339713950e-08
4.999999082617866408e-01,8.719113947816419818e-08
4.999999082603809875e-01,8.719113309969386783e-08
4.999999082593626909e-01,8.719113159955644453e-08
4.999999082571436326e-01,8.719113046246509807e-08
4.999999082555366403e-01,8.719112959801499613e-08
4.999999082517800897e-01,8.719112710940190244e-08
4.999999082499260172e-01,8.719111940362375720e-08
4.999999082475676815e-01,8.719109348886163392e-08
4.999999082461263900e-01,8.719098823102732233e-08
4.999999082435832021e-01,8.719044329738692246e-08
4.999999082414697260e-01,8.718971708767494538e-08
4.999999082379551485e-01,8.718770472355465261e-08
4.999999082366961556e-01,8.718629807975615216e-08
4.999999082350503610e-01,8.718557749069380779e-08
4.999999082320002453e-01,8.718503072422770095e-08
4.999999082305681686e-01,8.718284865981748850e-08
4.999999082282123863e-01,8.717997822828425003e-08
4.999999082230243697e-01,8.717903466400631309e-08
4.999999082112676074e-01,8.717816687590255134e-08
4.999999082059319866e-01,8.717750187132802726e-08
4.999999081988553695e-01,8.717633535548989127e-08
4.999999081867126938e-01,8.717538409697203896e-08
4.999999081723608962e-01,8.717467885147033582e-08
4.999999081693594638e-01,8.717416416831415148e-08
4.999999081540889012e-01,8.717375707881870759e-08
4.999999081461973249e-01,8.717294184349405040e-08
4.999999081313418192e-01,8.717258071621419532e-08
4.999999081234065001e-01,8.717213139189822269e-08
4.999999081058396078e-01,8.717157479754253054e-08
4.999999080940825680e-01,8.717109043322336772e-08
4.999999080838657406e-01,8.717049772932355324e-08
4.999999080755389014e-01,8.717035427107749536e-08
4.999999080639089266e-01,8.716980899264873442e-08
4.999999080452734446e-01,8.716925233107700745e-08
4.999999080282413466e-01,8.716763877451610132e-08
4.999999080105982929e-01,8.716691457219774974e-08
4.999999079877530117e-01,8.716614516389896718e-08
4.999999079658225543e-01,8.716297617573939488e-08
4.999999079605266239e-01,8.716204794295749126e-08
4.999999079478161246e-01,8.716048005907095452e-08
4.999999079357765330e-01,8.715797253559414903e-08
4.999999079228751309e-01,8.715587883756121030e-08
4.999999079143049308e-01,8.715483097840596468e-08
4.999999079079739395e-01,8.715296000199067311e-08
4.999999078962795718e-01,8.715220972967000985e-08
4.999999078731715008e-01,8.715160465448163710e-08
4.999999078559367871e-01,8.715102329865717466e-08
4.999999078445578338e-01,8.715054307778662938e-08
4.999999078140514586e-01,8.715026174991970996e-08
4.999999077953081739e-01,8.715011919129875591e-08
4.999999077737919961e-01,8.714993559163608781e-08
4.999999077677280690e-01,8.714979786493739833e-08
4.999999077589533103e-01,8.714975888330611923e-08
4.999999077418519899e-01,8.714973289731314407e-08
4.999999077200052988e-01,8.714966939200253330e-08
4.999999077065052089e-01,8.714953215587357637e-08
4.999999076987346469e-01,8.714927201482608327e-08
4.999999076901233686e-01,8.714871962103781521e-08
4.999999076782732921e-01,8.714782577127929118e-08
4.999999076753190996e-01,8.714651604751142532e-08
4.999999076631007067e-01,8.714622615940739614e-08
4.999999076558822031e-01,8.714489759085593284e-08
4.999999076503889306e-01,8.714387919471912399e-08
4.999999076420813537e-01,8.714342989287644423e-08
4.999999076369645579e-01,8.714292124416479704e-08
4.999999076241966045e-01,8.714243700388231998e-08
4.999999076196384729e-01,8.714201722952646929e-08
4.999999076101525053e-01,8.714173284377558377e-08
4.999999075997165199e-01,8.714164943830287400e-08
4.999999075688408290e-01,8.714140618368857373e-08
4.999999075656842429e-01,8.714132937743524910e-08
4.999999075416428074e-01,8.714129142671337055e-08
4.999999075285906369e-01,8.714124370130397993e-08
4.999999075245152302e-01,8.714116741487645586e-08
4.999999075174706986e-01,8.714112694840138331e-08
4.999999075092569911e-01,8.714103443190074008e-08
4.999999075023769946e-01,8.714086908656069289e-08
4.999999074978729863e-01,8.714065096567795084e-08
4.999999074948952016e-01,8.714053424400244144e-08
4.999999074918914932e-01,8.713997268464560314e-08
4.999999074890546513e-01,8.713954745781140428e-08
4.999999074869762028e-01,8.713925129913625733e-08
4.999999074853705983e-01,8.713909206908043359e-08
4.999999074830238088e-01,8.713891655985949923e-08
4.999999074778510577e-01,8.713874769497508053e-08
4.999999074666777732e-01,8.713869384043618355e-08
4.999999074654867814e-01,8.713868499763555298e-08
4.999999074578234670e-01,8.713867682799091826e-08
4.999999074510346753e-01,8.713865964580578251e-08
4.999999074477281535e-01,8.713863231835420857e-08
4.999999074396141996e-01,8.713857462600552317e-08
4.999999074362730389e-01,8.713849259161329254e-08
4.999999074304770641e-01,8.713840619708791687e-08
4.999999074265883969e-01,8.713838724912488031e-08
4.999999074222050699e-01,8.713832920604601682e-08
4.999999074185497161e-01,8.713828792602948122e-08
4.999999074164877544e-01,8.713821947615918366e-08
4.999999074128938514e-01,8.713818664495389709e-08
4.999999074088645745e-01,8.713817493136756264e-08
4.999999074075214267e-01,8.713816067611584050e-08
4.999999074047032366e-01,8.713815063248684442e-08
4.999999074029222723e-01,8.713813862361728067e-08
4.999999074008392164e-01,8.713813125756380119e-08
4.999999073996422294e-01,8.713812576063373304e-08
4.999999073961012286e-01,8.713812396260756739e-08
4.999999073928035331e-01,8.713812166745105491e-08
4.999999073910734726e-01,8.713812005037700100e-08
4.999999073895616819e-01,8.713811903068704153e-08
4.999999073871365107e-01,8.713811859373872971e-08
4.999999073848070408e-01,8.713811812721074358e-08
4.999999073828609863e-01,8.713811656621368538e-08
4.999999073820110551e-01,8.713811377205666996e-08
4.999999073805384553e-01,8.713810349126233970e-08
4.999999073785009185e-01,8.713808795190473876e-08
4.999999073759906487e-01,8.713805951155653364e-08
4.999999073703185748e-01,8.713801280536421987e-08
4.999999073680514994e-01,8.713780408327824074e-08
4.999999073634394664e-01,8.713770641730532799e-08
4.999999073617940049e-01,8.713674682877413276e-08
4.999999073593506260e-01,8.713656735478877511e-08
4.999999073541628869e-01,8.713596020188209141e-08
4.999999073521987913e-01,8.713489687734211444e-08
4.999999073461187660e-01,8.713259012691806530e-08
4.999999073416147577e-01,8.713143420962960383e-08
4.999999073394506555e-01,8.712784757398959890e-08
4.999999073371527158e-01,8.712478016122819879e-08
4.999999073336462430e-01,8.712399519459155396e-08
4.999999073282010986e-01,8.712259366661938763e-08
4.999999073208790668e-01,8.712198655134684100e-08
4.999999073205594891e-01,8.711994913010968919e-08
4.999999073150662721e-01,8.711934982602639403e-08
4.999999073086395796e-01,8.711876492154704938e-08
4.999999073069211208e-01,8.711712361990161301e-08
4.999999073054813836e-01,8.711655487703660978e-08
4.999999073032520558e-01,8.711587700793417202e-08
4.999999073010761297e-01,8.711499421466267402e-08
4.999999072981142212e-01,8.711450196818188524e-08
4.999999072920473520e-01,8.711413676830626281e-08
4.999999072888845486e-01,8.711380359114340232e-08
4.999999072875853101e-01,8.711337037113131014e-08
4.999999072854413029e-01,8.711279454027591662e-08
4.999999072830176305e-01,8.711141417121401011e-08
4.999999072807146394e-01,8.711114342972314152e-08
4.999999072765347607e-01,8.710987768733917310e-08
4.999999072727510652e-01,8.710878655619720403e-08
4.999999072709149228e-01,8.710777142609628915e-08
4.999999072681831636e-01,8.710432947670937439e-08
4.999999072660685773e-01,8.710220539771125476e-08
4.999999072635902264e-01,8.709973102491431875e-08
4.999999072593693250e-01,8.709415194174354322e-08
4.999999072555646462e-01,8.708877886751016252e-08
4.999999072473776951e-01,8.708144565878290248e-08
4.999999072450003190e-01,8.707792113570936746e-08
4.999999072392234400e-01,8.707474065916598975e-08
4.999999072326601901e-01,8.707146652892592113e-08
4.999999072264145195e-01,8.706637777778445485e-08
4.999999072203837325e-01,8.706587050301404793e-08
4.999999072149706736e-01,8.706431437153367002e-08
4.999999072100829722e-01,8.706402284989404423e-08
4.999999072074604589e-01,8.706368602320019647e-08
4.999999072008234346e-01,8.706341490284214465e-08
4.999999071948056373e-01,8.706315477873883098e-08
4.999999071819829499e-01,8.706303225195865913e-08
4.999999071583632326e-01,8.706296243093845219e-08
4.999999071496630254e-01,8.706287664164182102e-08
4.999999071238768744e-01,8.706284515825711828e-08
4.999999071116094651e-01,8.706282075785542498e-08
4.999999070833038850e-01,8.706279764993235911e-08
4.999999070623738495e-01,8.706275405705502541e-08
4.999999070413403413e-01,8.706267219613343508e-08
4.999999070102492116e-01,8.706245785330561575e-08
4.999999069823790609e-01,8.706213117290471746e-08
4.999999069414464148e-01,8.706191379417580606e-08
4.999999069296006127e-01,8.706160545350122702e-08
4.999999069051721534e-01,8.706146794584253131e-08
4.999999068990217399e-01,8.706134969562481194e-08
4.999999068822785775e-01,8.706126762842180719e-08
4.999999068760728749e-01,8.706123102023861352e-08
4.999999068690129667e-01,8.706120841128459126e-08
4.999999068651024281e-01,8.706119972034058333e-08
4.999999068601569396e-01,8.706119204133513786e-08
4.999999068551751469e-01,8.706118350547064678e-08
4.999999068481880138e-01,8.706116865800707807e-08
4.999999068387861456e-01,8.706112919137804767e-08
4.999999068298728311e-01,8.706104434695986435e-08
4.999999068281403281e-01,8.706082459133190970e-08
4.999999068252035661e-01,8.706020623719903635e-08
4.999999068232454102e-01,8.705916824719321117e-08
4.999999068211442577e-01,8.705875868930272801e-08
4.999999068195688512e-01,8.705754740512624579e-08
4.999999068152450876e-01,8.705682613659181912e-08
4.999999068108260114e-01,8.705606926075127857e-08
4.999999068065462682e-01,8.705554857925654082e-08
4.999999068007812131e-01,8.705519419288099251e-08
4.999999067976811373e-01,8.705487843173976245e-08
4.999999067896999660e-01,8.705471597223962984e-08
4.999999067765320548e-01,8.705449121878951111e-08
4.999999067701523803e-01,8.705406477139872882e-08
4.999999067548299703e-01,8.705338442844994625e-08
4.999999067361009519e-01,8.705297707982887289e-08
4.999999067124119012e-01,8.705263304025346488e-08
4.999999067047138368e-01,8.705242533018491490e-08
4.999999066761636746e-01,8.705187404339266122e-08
4.999999066483983290e-01,8.705136683662595037e-08
4.999999066299820605e-01,8.705108744816807156e-08
4.999999066049863328e-01,8.705014343217848852e-08
4.999999065887255068e-01,8.704965488261677904e-08
4.999999065645066021e-01,8.704946587008811881e-08
4.999999065447022772e-01,8.704918748290883987e-08
4.999999065164484335e-01,8.704901946845517492e-08
4.999999065042624036e-01,8.704806512596601229e-08
4.999999064795862536e-01,8.704649784829449727e-08
4.999999064711795893e-01,8.704492652587542152e-08
4.999999064613989685e-01,8.704354312749160577e-08
4.999999064467435250e-01,8.704301336253780558e-08
4.999999064420624917e-01,8.704251258815656771e-08
4.999999064366472123e-01,8.704208968913798362e-08
4.999999064331218657e-01,8.704168345972442659e-08
4.999999064322369069e-01,8.704128220906035307e-08
4.999999064319499142e-01,8.704083256094040036e-08
4.999999064317446340e-01,8.704072531402618909e-08
4.999999064307422136e-01,8.704044952564010409e-08
4.999999064292930950e-01,8.704010343671662873e-08
4.999999064270017612e-01,8.703985276354801314e-08
4.999999064183349162e-01,8.703956098679709848e-08
4.999999064085927647e-01,8.703945090239985860e-08
4.999999064045593800e-01,8.703939541519150914e-08
4.999999064002498828e-01,8.703932946972625519e-08
4.999999063772673225e-01,8.703925466813594684e-08
4.999999063703036151e-01,8.703913090706860220e-08
4.999999063620900741e-01,8.703872752241678671e-08
4.999999063552014178e-01,8.703843677130404098e-08
4.999999063505661812e-01,8.703717668439649722e-08
4.999999063467510663e-01,8.703679331620592641e-08
4.999999063455093373e-01,8.703484548412642410e-08
4.999999063439318214e-01,8.703387020618042089e-08
4.999999063434426017e-01,8.703357877735661406e-08
4.999999063402641442e-01,8.703312492753165879e-08
4.999999063384181763e-01,8.703250544606709819e-08
4.999999063366065699e-01,8.703199203367383997e-08
4.999999063349741535e-01,8.703143173000274134e-08
4.999999063311819647e-01,8.703094074783883883e-08
4.999999063298767310e-01,8.703010304448126903e-08
4.999999063258196430e-01,8.702915458142483641e-08
4.999999063188179660e-01,8.702863314080974809e-08
4.999999063099186403e-01,8.702826905286834214e-08
4.999999063030064472e-01,8.702809437372758616e-08
4.999999062906727021e-01,8.702792828897560691e-08
4.999999062768749614e-01,8.702745945336219543e-08
4.999999062651667714e-01,8.702669693284070483e-08
4.999999062591903298e-01,8.702568849509251229e-08
4.999999062533073690e-01,8.702544026279756498e-08
4.999999062508906911e-01,8.702499599999977379e-08
4.999999062495114610e-01,8.702435469667190613e-08
4.999999062484116186e-01,8.702382377065756672e-08
4.999999062477569756e-01,8.702372217220489147e-08
4.999999062464253741e-01,8.702277008662408478e-08
4.999999062450311005e-01,8.702251189700063584e-08
4.999999062425133367e-01,8.702192325844815721e-08
4.999999062407389783e-01,8.702092155992130961e-08
4.999999062366210500e-01,8.702075136684908820e-08
4.999999062295495400e-01,8.702029320074652902e-08
4.999999062189950383e-01,8.701992506801233871e-08
4.999999062084473089e-01,8.701976784826536317e-08
4.999999061974677028e-01,8.701962379815454371e-08
4.999999061940803013e-01,8.701951798093919730e-08
4.999999061918944943e-01,8.701944985904487441e-08
4.999999061886800100e-01,8.701940235228394981e-08
4.999999061847488768e-01,8.701936617878927672e-08
4.999999061822289481e-01,8.701933044166963295e-08
4.999999061799159095e-01,8.701932493597285321e-08
4.999999061772680276e-01,8.701931096394793163e-08
4.999999061747689710e-01,8.701927967375332560e-08
4.999999061711195569e-01,8.701919900235949013e-08
4.999999061668706224e-01,8.701902082451310691e-08
4.999999061645333254e-01,8.701865556024663540e-08
4.999999061545876700e-01,8.701839688412983968e-08
4.999999061396668276e-01,8.701820297968219481e-08
4.999999061344915230e-01,8.701775436840794071e-08
4.999999061178857507e-01,8.701739405988986567e-08
4.999999060925887084e-01,8.701732869357105449e-08
4.999999060713949950e-01,8.701726722900706355e-08
4.999999060641288628e-01,8.701724069689373816e-08
4.999999060613596336e-01,8.701719304953752042e-08
4.999999060601659218e-01,8.701715756191444883e-08
4.999999060587696498e-01,8.701707057579242397e-08
4.999999060564837561e-01,8.701694880852213197e-08
4.999999060533154571e-01,8.701671154090597713e-08
4.999999060474072943e-01,8.701665154106387671e-08
4.999999060435638687e-01,8.701647755634244934e-08
4.999999060342090740e-01,8.701639981587442463e-08
4.999999060191177014e-01,8.701637026917056203e-08
4.999999060065662970e-01,8.701633797039479393e-08
4.999999059871603757e-01,8.701627486385945968e-08
4.999999059797862189e-01,8.701613669521319051e-08
4.999999059693616132e-01,8.701585761934444321e-08
4.999999059587824646e-01,8.701544016428747629e-08
4.999999059558091208e-01,8.701517328680679278e-08
4.999999059430291215e-01,8.701458402682012206e-08
4.999999059379585664e-01,8.701399683720766901e-08
4.999999059331063922e-01,8.701361521740636552e-08
4.999999059271023616e-01,8.701333655150942621e-08
4.999999059195873730e-01,8.701314481264534777e-08
4.999999059151872816e-01,8.701260473598324114e-08
4.999999059047482430e-01,8.701238987679166990e-08
4.999999058925646001e-01,8.701216378322306440e-08
4.999999058873629276e-01,8.701187619132739057e-08
4.999999058831188226e-01,8.701163444546306520e-08
4.999999058741635971e-01,8.701140313081066317e-08
4.999999058569492560e-01,8.701121068865391102e-08
4.999999058419916653e-01,8.701107074648248653e-08
4.999999058331290325e-01,8.701102292664849669e-08
4.999999057864717988e-01,8.701100270857905072e-08
4.999999057669232139e-01,8.701095379459431438e-08
4.999999057637050659e-01,8.701089177552544553e-08
4.999999057471955499e-01,8.701084911801944865e-08
4.999999057141139569e-01,8.701074075092545957e-08
4.999999057004448355e-01,8.701061564061704362e-08
4.999999056789781182e-01,8.701042182281348418e-08
4.999999056562176025e-01,8.701027243899371468e-08
4.999999056445663115e-01,8.701020721647109445e-08
4.999999056399443420e-01,8.701017139310764126e-08
4.999999056219439630e-01,8.701010889091097870e-08
4.999999056144993625e-01,8.701004010461358081e-08
4.999999056107593542e-01,8.700994423170298242e-08
4.999999056061825708e-01,8.700976307550586371e-08
4.999999056031276257e-01,8.700955399240560155e-08
4.999999056001960818e-01,8.700947622848372422e-08
4.999999055981919627e-01,8.700936530119538262e-08
4.999999055947006998e-01,8.700913706913272723e-08
4.999999055889021160e-01,8.700887039516576475e-08
4.999999055797829106e-01,8.700840217821459033e-08
4.999999055621469068e-01,8.700776692033706332e-08
4.999999055312421836e-01,8.700623370540421090e-08
4.999999054928672138e-01,8.700408812190578016e-08
4.999999054563576961e-01,8.700291450586883566e-08
4.999999054519683739e-01,8.700147101641942984e-08
4.999999054431596979e-01,8.700073849687569614e-08
4.999999054365639184e-01,8.700035538535064025e-08
4.999999054200177095e-01,8.699968315272101947e-08
4.999999054004815591e-01,8.699838835210590565e-08
4.999999053792651416e-01,8.699639934584132731e-08
4.999999053616061007e-01,8.699558121568653313e-08
4.999999053376020242e-01,8.699349366813874688e-08
4.999999053107895275e-01,8.699206371734571058e-08
4.999999052483839468e-01,8.699157593354044453e-08
4.999999052052540027e-01,8.699099914432048869e-08
4.999999051699459129e-01,8.699078675965905608e-08
4.999999051135149419e-01,8.699069041833982019e-08
4.999999050433034387e-01,8.699057551883823433e-08
4.999999049586730804e-01,8.699049687621673890e-08
4.999999049034047904e-01,8.699043154708340202e-08
4.999999048882772246e-01,8.699036127920671536e-08
4.999999048736827878e-01,8.699030763696168442e-08
4.999999048657842726e-01,8.699027814309589589e-08
4.999999048503409593e-01,8.699026709159531312e-08
4.999999048291837722e-01,8.699025238130392595e-08
4.999999048103229704e-01,8.699022167707833515e-08
4.999999047934306495e-01,8.699014720699083491e-08
4.999999047690973919e-01,8.698998341179011438e-08
4.999999047354977133e-01,8.698967226477025844e-08
4.999999046784294743e-01,8.698947052480054074e-08
4.999999046401205627e-01,8.698933142181720169e-08
4.999999046233305489e-01,8.698893759694005929e-08
4.999999045486348548e-01,8.698854525147579979e-08
4.999999045076760629e-01,8.698839347062866519e-08
4.999999044885982680e-01,8.698828531077932582e-08
4.999999044397558934e-01,8.698812288609208852e-08
4.999999044060337572e-01,8.698795902260972601e-08
4.999999043955412059e-01,8.698783461433927651e-08
4.999999043588262970e-01,8.698764218686159210e-08
4.999999043354682038e-01,8.698740538184991384e-08
4.999999043130232135e-01,8.698698168397862238e-08
4.999999042921287606e-01,8.698643451000660575e-08
4.999999042706513297e-01,8.698505588831108163e-08
4.999999042581294573e-01,8.698460570965688638e-08
4.999999042513249004e-01,8.698405572204325104e-08
4.999999042374146940e-01,8.698333263332571943e-08
4.999999042297964547e-01,8.698287912358271901e-08
4.999999042126707094e-01,8.698269870848509993e-08
4.999999041916880493e-01,8.698238331731908650e-08
4.999999041820408774e-01,8.698226398288993022e-08
4.999999041750678441e-01,8.698213453990573630e-08
4.999999041659581311e-01,8.698193308241073331e-08
4.999999041571470126e-01,8.698153135731144904e-08
4.999999041497267260e-01,8.698130727497601645e-08
4.999999041460606031e-01,8.698090972205944693e-08
4.999999041391266497e-01,8.698046638062154559e-08
4.999999041361196661e-01,8.698012370026249092e-08
4.999999041331235627e-01,8.697973456824593927e-08
4.999999041312581660e-01,8.697951371364215464e-08
4.999999041293531343e-01,8.697935067550054325e-08
4.999999041269330702e-01,8.697919452980884136e-08
4.999999041242412789e-01,8.697910643961779064e-08
4.999999041218031737e-01,8.697900537259493646e-08
4.999999041204546968e-01,8.697893000692508829e-08
4.999999041192205729e-01,8.697880795779065998e-08
4.999999041190823501e-01,8.697858175280856838e-08
4.999999041189115978e-01,8.697850795717166120e-08
4.999999041187204174e-01,8.697829927065747919e-08
4.999999041183549320e-01,8.697822133981789961e-08
4.999999041179197246e-01,8.697816309593159859e-08
4.999999041172710212e-01,8.697811832228228961e-08
4.999999041167934033e-01,8.697802900714439106e-08
4.999999041162204727e-01,8.697797841897334555e-08
4.999999041154931101e-01,8.697793976443785478e-08
4.999999041144157497e-01,8.697789157692693987e-08
4.999999041122469290e-01,8.697785858799938043e-08
4.999999041096161445e-01,8.697782341774728543e-08
4.999999041077501372e-01,8.697776928212888259e-08
4.999999041070546935e-01,8.697769948684447474e-08
4.999999041067653138e-01,8.697765492228626787e-08
4.999999041065364969e-01,8.697756118338281379e-08
4.999999041063549199e-01,8.697752572283090196e-08
4.999999041060237959e-01,8.697749346767490866e-08
4.999999041055945836e-01,8.697732086920450580e-08
4.999999041047388237e-01,8.697726447674046716e-08
4.999999041037586078e-01,8.697719959578421378e-08
4.999999041009677292e-01,8.697699354520915418e-08
4.999999040982591181e-01,8.697687406205948826e-08
4.999999040943209350e-01,8.697673763652688729e-08
4.999999040927035066e-01,8.697636856491587460e-08
4.999999040918347570e-01,8.697631631756486002e-08
