# s_error_dp, s_error_pinn
4.240040960427425565e-02,4.265528051900558532e-02
4.218045624157424484e-02,4.218064227270148375e-02
4.218033353175017902e-02,4.218033365544591323e-02
4.218036165845038404e-02,4.218033196238465260e-02
2.739319925090251753e-02,4.218035195316483660e-02
2.675523550102772499e-02,1.310060920218862786e-02
1.023410308472053054e-02,1.250906229534223986e-02
7.202727015939687852e-03,6.973956746968546817e-03
6.138484930396708936e-03,5.702716006304086628e-03
5.445425540608271088e-03,5.045949141582029181e-03
2.011811096831458284e-03,3.761615479284587983e-03
2.924799865922506938e-03,2.933414390573603047e-03
2.031774149990549141e-03,1.865724948555337603e-03
1.731164509053084504e-03,1.859287367222402926e-03
1.733548944538306196e-03,1.723162549708422749e-03
1.764310648340176087e-03,1.579456892528600422e-03
1.865343040227261618e-03,1.356332798712372306e-03
1.263629076184113543e-03,1.647555938562575732e-03
1.445653924217339464e-03,1.034563833534760374e-03
1.207841272526983482e-03,1.175496808436507241e-03
1.033015289009819307e-03,1.210258788980370483e-03
9.122485964127378250e-04,1.293247226713985882e-03
1.079219494875673828e-03,1.561329416692499705e-03
1.074606670291728024e-03,1.219614862967731720e-03
3.882364735786728873e-04,1.341551207283301706e-03
4.958884841603019037e-04,5.571421531881054837e-04
8.725052047814447131e-04,1.223186844204089468e-03
9.304680022647384688e-04,6.441468687086540114e-04
1.013165208109006923e-03,7.630158545508382122e-04
1.247658708819582903e-03,1.420915696721547017e-03
1.366180047844250305e-03,4.674955667451263157e-04
1.247858967955846245e-03,3.740325283362076281e-04
3.889828958708057725e-04,1.453621760886852866e-03
8.072878149441150772e-04,4.302774554350764931e-04
1.203260368584225040e-03,3.270344346223439465e-04
3.276571081323600781e-04,3.483918069468281841e-04
9.502419804545696354e-04,4.385616569924245659e-04
9.501023592746990530e-04,9.795208823058605338e-04
1.279705568902999267e-03,1.401690383151014312e-03
8.238783570979359670e-04,8.659742611552061166e-04
2.457782750638509727e-04,3.607362243387315210e-04
8.280279415237166898e-04,6.408157173935153435e-04
4.352257306285719878e-04,8.795392265606151406e-04
2.227179644719148107e-04,4.087036775019932074e-04
1.382495924649218598e-03,4.932880567629752177e-04
8.327111635489488827e-04,2.891579475023957802e-04
1.094236952260186670e-03,7.071703044490105106e-04
8.512606411038689449e-04,1.413837275227040413e-03
8.158167917056728322e-04,1.382002162264499593e-03
3.943009175047617167e-04,1.177363871892302561e-03
2.441398486505676137e-04,7.561874356826322943e-04
3.189425977879714233e-04,3.193313205570427250e-04
3.513539081095786863e-04,6.407819806127121147e-04
2.749364717892419899e-04,7.615634227512618802e-04
2.317694443709736080e-04,9.066313489990842711e-04
3.041269782784073328e-04,1.213401957843472960e-03
2.887144390005612999e-04,8.310854706337378892e-04
5.742226574614797815e-04,6.249132626055472779e-04
4.116431523393419356e-04,3.930034786944344651e-04
1.399499891992582240e-03,3.067329478777705673e-04
1.250182048826252576e-03,1.161238721754364808e-03
4.545660109127078554e-04,7.752057884784745168e-04
1.138884854251014708e-03,6.141831181370595132e-04
7.412074984432619456e-04,1.079122827860536267e-03
2.966484490792825461e-04,1.183375872890724944e-03
8.115059220577406154e-04,1.372209161716329666e-03
1.270680962492961794e-03,1.378888674886991766e-03
1.039766707161060523e-03,1.418407189682517307e-03
4.489809679779177922e-04,1.272148031388571935e-03
3.331842593946036566e-04,1.176378529314615418e-03
3.621434286097604681e-04,1.250422813289566283e-03
3.946459842257022950e-04,1.161101011184133801e-03
6.955066897363579043e-04,9.937402131295438625e-04
1.372019345637021104e-03,8.180650545233635615e-04
7.257230367053449848e-04,6.082577024659579753e-04
7.325628025800289900e-04,3.144385859145259359e-04
2.576064401249427436e-04,2.343477544350751330e-04
2.395039459437315081e-04,2.455268652254204240e-04
2.763781349218978481e-04,2.607965634123809735e-04
3.824268927870693173e-04,3.428870742665641428e-04
3.508570457272923329e-04,4.123919073641596272e-04
1.448869330086965555e-03,5.280036930520367461e-04
1.239391223446774382e-03,5.712179711065852854e-04
8.447585223599042787e-04,4.800055718095711378e-04
1.956122196633749836e-04,3.647727853004280080e-04
3.508305664112878813e-04,1.958253727450155746e-04
4.371342009167910095e-04,1.049592928448814645e-04
4.806355828923660292e-04,1.567175873499319395e-04
5.468344473540776669e-04,1.600128965469669413e-04
4.966880011184918132e-04,1.510058333735566684e-04
5.690169235790424425e-04,1.587029067776102873e-04
6.019203749156328649e-04,3.195339603000934506e-04
7.053904361296312910e-04,7.737844353585965210e-04
1.105871320927788058e-03,8.611630239257245419e-04
1.192887675406840813e-03,8.710291117540047571e-04
1.171197328801419158e-03,8.699051127137729126e-04
1.055574551879713031e-03,8.686739836192711390e-04
9.601646402170672988e-04,8.764007356281466659e-04
6.205659187743814507e-04,8.924971704046651133e-04
4.105162821399884940e-04,9.147919213298754326e-04
4.671642514647290326e-04,9.492938617236056998e-04
3.105283241029271868e-04,9.921066215022829923e-04
1.068413967864845172e-04,1.029217511628093863e-03
2.240432310501402522e-04,1.034734138310202528e-03
3.741611249591257540e-04,9.431716404374573251e-04
3.487411414032926807e-04,8.784404588923152863e-04
3.552021878359279557e-04,8.462990707833331974e-04
4.537580759725989409e-04,8.543092991223354441e-04
6.308566558455106638e-04,8.710292709080558063e-04
9.190995542452582399e-04,8.817429788015571958e-04
1.123311286892173314e-03,9.026129756608995214e-04
1.149820234660617292e-03,8.397687210958569223e-04
1.139401384678890043e-03,6.527062052149945962e-04
1.138624285805265278e-03,6.499924200614544314e-04
1.196269638765286346e-03,5.900901679768040531e-04
1.233251904993735645e-03,3.668695529608092219e-04
1.333962305813283719e-03,2.047941700503853445e-04
1.362205548208670746e-03,1.522091983012801469e-04
1.288753093017957823e-03,1.092474920886974874e-04
1.136860502011233752e-03,1.821392255815187141e-04
9.602583537080195460e-04,1.100024622188482739e-04
8.569478981540100881e-04,8.554719316533219899e-05
2.260753703554707172e-04,8.705114187781885055e-05
5.694578803797002318e-04,9.466550900043545777e-05
8.052006749107472458e-04,7.917717403506786909e-05
9.412455958235468097e-04,7.963876120992268988e-05
1.052201959273516311e-03,9.441674013718125104e-05
1.068751967429936237e-03,9.423010137202336245e-05
1.092260998485460391e-03,1.137834683196166391e-04
1.373423049423627001e-03,1.700899917399434000e-04
1.398549010725061480e-03,1.691288627337232176e-04
1.412756178311581684e-03,1.508790573825596990e-04
1.382219874861954001e-03,1.181120022762614108e-04
1.384590659792332311e-03,8.419876406734503411e-05
1.416495945989825356e-03,4.583334585981310456e-04
1.400534184187676766e-03,6.205741369439177245e-04
1.398867030950134418e-03,8.616404176168375928e-04
1.388043066080836595e-03,7.862114842543828884e-04
1.386774415367060531e-03,8.199627726669225574e-04
1.402767831617249532e-03,8.470401289362738430e-04
1.378567125252965148e-03,9.658948938595185397e-04
1.343860670228989602e-03,9.942599870157340595e-04
1.288855952287896534e-03,1.052001833324339979e-03
1.291666769124081605e-03,1.078311841652234869e-03
1.393463652514701293e-03,1.071115543863932927e-03
1.388160404273609859e-03,1.068218283339839557e-03
1.365803793182011894e-03,1.062400521245484512e-03
1.325219668930577473e-03,1.073266306010599259e-03
1.348980758363153799e-03,1.102696193620665089e-03
1.350726609566229751e-03,1.163428807996148926e-03
1.343800232731353099e-03,1.277335301664727588e-03
1.368473722202771586e-03,1.407609756764662857e-03
1.395893399302109220e-03,1.333889006096372534e-03
1.387092672098365603e-03,1.147425223451387696e-03
1.336723823391800436e-03,1.008742962586325290e-03
1.365602019911989207e-03,9.674867486908729020e-04
1.393730634938286769e-03,8.266121640446802985e-04
1.374941451564357271e-03,8.800736953139849791e-04
1.321545125605108270e-03,8.244839936672794132e-04
1.304957935742051588e-03,7.517096105509314631e-04
1.272444108569449183e-03,5.455562044661409508e-04
1.222057849012122676e-03,4.647269681252089559e-04
1.139277349222968640e-03,2.158723705188722391e-04
1.128934759968322921e-03,1.554961239110230471e-04
1.108391307939232944e-03,1.038687078309998024e-04
1.080963346411468193e-03,2.687916167102008059e-04
1.092571630712523304e-03,8.385533453663078377e-04
1.079072170466496752e-03,1.066771871074008709e-03
1.077854516595156461e-03,1.166778004555225163e-03
1.070627233424349721e-03,1.124638849888265520e-03
1.059051077891284007e-03,1.280567082825498663e-03
1.041756891001237870e-03,1.326011857165284484e-03
1.033529956980021097e-03,1.413948978364916367e-03
1.033869439361309248e-03,1.287431645805007900e-03
1.026647404577000480e-03,1.245682119914933361e-03
1.010490994654545749e-03,1.157384597670844907e-03
9.937819424464110641e-04,1.043973321068233972e-03
9.836332764668557355e-04,1.004226319011293500e-03
9.806384430226750080e-04,9.658913397807538520e-04
9.810535517560312318e-04,9.496821670375477260e-04
9.815718602947714946e-04,8.713845198823472454e-04
9.993480933404923997e-04,7.106220015276719240e-04
9.950725676433856953e-04,6.111610098633099694e-04
9.954179359000050239e-04,7.954555411885412802e-04
1.006161196136086096e-03,1.124581084917694335e-03
1.018065864775458129e-03,1.337061038753840480e-03
1.035808441681482011e-03,1.103129765623908458e-03
1.061107997143383858e-03,9.993792721570216378e-04
1.109891424307006850e-03,8.934002282685742135e-04
1.211394695581261395e-03,7.634998680547734097e-04
1.259086716585177236e-03,6.088082317743116192e-04
1.311893477903480851e-03,2.976849671881876035e-04
1.372943020561227800e-03,2.857372419821018828e-04
1.327657495252874834e-03,2.257338169825657073e-04
1.346946985628246028e-03,2.909940151637758739e-04
1.383703610496995638e-03,2.714216659998606638e-04
1.390154202397244580e-03,4.994221536360152766e-04
1.401063214619027979e-03,6.053098214836985036e-04
1.401591951143622188e-03,1.106958387217211754e-03
1.405739054371413438e-03,9.722020321084215259e-04
1.406319156846140735e-03,1.124871026635444879e-03
1.404195609832251980e-03,1.262177094898012152e-03
1.393725998256886180e-03,1.276247367538484558e-03
1.372234786813192895e-03,1.289875419336046145e-03
1.349691654206046625e-03,1.114573465134798512e-03
1.308522069841142315e-03,9.976863109974296474e-04
1.286455051593008011e-03,8.906120326778613292e-04
1.276416798394625204e-03,5.533779752441843162e-04
1.268789427616489945e-03,6.275874418382209382e-04
1.260521604938844150e-03,5.239400521553466391e-04
1.251848934311221122e-03,3.633239960096358557e-04
1.255514086200045258e-03,3.359342955731028577e-04
1.259051726871820943e-03,2.192342286548360408e-04
1.263903103996680656e-03,1.401204523825175209e-04
1.272535668738826887e-03,1.223647316925415127e-04
1.288859694330266297e-03,1.415022790640234373e-04
1.318694345019149131e-03,2.282452271906807860e-04
1.356903562600577252e-03,3.095892376942649665e-04
1.344473481336168515e-03,4.000240361499403179e-04
1.367693350196999341e-03,5.939676101078393989e-04
1.259791510954342544e-03,5.982709168786235106e-04
1.102107298506655982e-03,6.518353656464101996e-04
7.981230907660668379e-04,7.821628052663207303e-04
9.344710979931647758e-04,7.544335034248983310e-04
8.572580485047311127e-04,7.633637310716009103e-04
8.417524830471963997e-04,7.857252499744901393e-04
7.600698149225886555e-04,8.706541013082280851e-04
8.303727165914294352e-04,8.742738183052200900e-04
7.257076259668457634e-04,9.059365267075931028e-04
5.734027336996589536e-04,1.010409000856604808e-03
5.076808505037215319e-04,1.041347725450405669e-03
5.139155150930044789e-04,1.149785923408196435e-03
4.155247619870425973e-04,1.162362579617402369e-03
3.715875368282063910e-04,1.192510017967366668e-03
2.446676021918058682e-04,1.227825052840533478e-03
1.117519378110065533e-04,1.228230565085220447e-03
2.335477471406314999e-04,1.126182184108670678e-03
2.089956799859631672e-04,1.055071864771634166e-03
2.458650988632824744e-04,8.403558473238172165e-04
2.815842056835184820e-04,8.492468073295704988e-04
3.456590206567430315e-04,7.684286379391729862e-04
5.022467651816774894e-04,5.622715889459796966e-04
5.119636512527186815e-04,5.538770817609825698e-04
6.367296373303721205e-04,3.303617410528487952e-04
8.520902818028316212e-04,1.212413503463152320e-04
8.508752794308939655e-04,1.099977737478699449e-04
1.362860670794349130e-03,2.347901437987919048e-04
1.397266241310461069e-03,3.173336906263331866e-04
1.285573291765294357e-03,6.088572420727834510e-04
1.396333747048174008e-03,8.039926867161337285e-04
1.140438198413826513e-03,8.695856145255318912e-04
1.183953717246408275e-03,8.985873272001172144e-04
1.072651533190103383e-03,1.059431327720102576e-03
7.487705946968610396e-04,1.205464847364457089e-03
5.444569033142726859e-04,1.321350873010801235e-03
5.378836788880063174e-04,1.338911832562928676e-03
5.060970892412991950e-04,1.085238487361104903e-03
4.509649339629718894e-04,1.045482596140793769e-03
4.360584218109077271e-04,9.537777643146883077e-04
4.249038203595486510e-04,8.978446996836232869e-04
2.534628465059390553e-04,8.345835096007931655e-04
2.677617486650660716e-04,7.530410755377463889e-04
1.653925852384784112e-04,5.379642584407497456e-04
1.063281919557444879e-04,5.714601076511672574e-04
3.119975779656041968e-04,1.650807916861427070e-04
3.732740355571854962e-04,1.402868315902205585e-04
4.097189496404410412e-04,1.177104652349628822e-04
6.204226145915734108e-04,1.424705540985641606e-04
5.784550793354061547e-04,2.732203510773453261e-04
7.057893901300447666e-04,6.159699908352342379e-04
9.847097381686284977e-04,5.410520220179881098e-04
1.195911564077764555e-03,6.753479274995000245e-04
1.174182945257362144e-03,8.517671925954324597e-04
1.187163248946685725e-03,8.640255664290932272e-04
8.706434572539798432e-04,1.132308008119112643e-03
9.207278547681510984e-04,1.342670618778151999e-03
8.797656461617461973e-04,1.326233670473928776e-03
5.394323834282439703e-04,1.415540072200975304e-03
6.831470015913009269e-04,1.338986035801926870e-03
7.944211868244927411e-05,1.281720995518939718e-03
1.779228696721565093e-04,1.085420827758657759e-03
7.319545534434577214e-05,1.194266283800488569e-03
1.884105965363721863e-04,1.171342626635040211e-03
2.368880306405362365e-04,1.102560803056622978e-03
3.625525822632654697e-04,9.492908100308820917e-04
3.810734570911253143e-04,9.856956027474376558e-04
3.994071835188311602e-04,9.458492168591352669e-04
4.336242961256461608e-04,7.523990031890716778e-04
4.213151093223355950e-04,8.417325275033491448e-04
4.988484984025565085e-04,8.148101414648639251e-04
6.201338868451656975e-04,7.586893839934128045e-04
6.722624424303259589e-04,6.206957485285238786e-04
8.853818736312261441e-04,6.382630442270597563e-04
8.700401572188641054e-04,5.406432979569954960e-04
1.097977002577403983e-03,3.663340907418957204e-04
1.103907632808922559e-03,4.164872873717056947e-04
1.268878695988627601e-03,3.906927435910378574e-04
1.400365740518695395e-03,3.562656483532120793e-04
1.199655782742356383e-03,3.536283509797312637e-04
1.186605847051868399e-03,3.622641700455332637e-04
1.103774009713600224e-03,3.492261055170987546e-04
1.014939827956528283e-03,3.320498340456552451e-04
9.914618077677846402e-04,3.408537248777832973e-04
8.943760553340187290e-04,3.353097742043037997e-04
6.568532143700090429e-04,3.273374355948275964e-04
4.971190923883871647e-04,3.226639396721369193e-04
6.552881496084826847e-04,3.229642722393337982e-04
6.152369121920431630e-04,3.356785738786574385e-04
5.910586349777753211e-04,3.766349790940218809e-04
5.801314328064759943e-04,4.583350849587727459e-04
6.044536037222272883e-04,7.057071965961795191e-04
6.504008512557532583e-04,8.923715233854135525e-04
6.324562428892791010e-04,1.362502866883552816e-03
5.275452803437910738e-04,1.365680272506287476e-03
4.699370562829667552e-04,1.270185194646159714e-03
4.463011618216397147e-04,1.113568253701167389e-03
4.268209203566453429e-04,1.025868939387808085e-03
4.169233828982191865e-04,9.606535163629748453e-04
4.114421703338193509e-04,8.135581985627159986e-04
4.046989211574276730e-04,6.036078804275804869e-04
4.055341871473431246e-04,5.572723278710029577e-04
4.016972560187183914e-04,2.590264751543129595e-04
3.221097722208955748e-04,3.507322831517291979e-04
2.943634404349940452e-04,2.801406871067459148e-04
1.916270596267140346e-04,1.600110267619937407e-04
5.909886418023668406e-05,1.554649349438832053e-04
5.624650750078536094e-04,1.232996289618382591e-04
1.191171376683038911e-03,2.023010325311800880e-04
7.738590253789712822e-04,2.734337973505968533e-04
1.098176982829077641e-03,5.162644152144264288e-04
1.199081182333553699e-03,4.944901600202126742e-04
1.233203976000057022e-03,5.729862651191031499e-04
1.487038714897222951e-04,6.330381135730388242e-04
8.461377976958799518e-05,7.144238125300773467e-04
4.366676278545272784e-04,6.715024312121888224e-04
3.358897031605065689e-04,7.066589086058986183e-04
1.509234454553167219e-04,7.247013609424009803e-04
5.206840553146060220e-05,7.476793653072630720e-04
1.471882397130475626e-04,8.128268714307051567e-04
4.789124103980592980e-04,7.658301671813896134e-04
6.624249423825832091e-04,7.563677143163416222e-04
1.061621062482366292e-03,7.636655012383746595e-04
9.674883229216627890e-04,6.726168758015233298e-04
1.091460691774513367e-03,5.137545372847486481e-04
1.361692704858494338e-03,4.296624324474885518e-04
1.405666687831565219e-03,3.783042479391330259e-04
1.369316806596097618e-03,1.263902615790664190e-04
1.225860901813378154e-03,1.601670095977210146e-04
1.280224826684657306e-03,4.010728349709305972e-04
1.291876955463287877e-03,3.602172121110676123e-04
1.209334594673169058e-03,5.719114635940079428e-04
1.197143755491438194e-03,6.233292589674042103e-04
1.249431433202785125e-03,7.675179911711811588e-04
1.414809670289555142e-03,1.017430515157126099e-03
7.200429279558371188e-04,1.074585520891818691e-03
5.945855146608617931e-04,1.409925135729793097e-03
8.326280418803624298e-04,1.395211290284064515e-03
7.518072701568404275e-04,1.242579522079824417e-03
6.872112693901206342e-04,1.116035502808475875e-03
1.296584204324519691e-03,1.067571891722277630e-03
1.367475945490032561e-03,9.828951060224455031e-04
1.334236678072323913e-03,9.453757596371558389e-04
1.248905937962527333e-03,8.854306594818746930e-04
1.098314814908312679e-03,8.118483274299885012e-04
9.728964008179765777e-04,6.817494979769354521e-04
3.845353162891872005e-04,7.402764242133667979e-04
4.784650025120510807e-04,6.923339281285252611e-04
3.392625410579908421e-04,6.355358214016609960e-04
9.689586633271048480e-05,6.028052815660033545e-04
5.802056114789491865e-05,7.007711131121990671e-04
6.517181592616802294e-05,6.375954394973182282e-04
3.708177624470206232e-04,5.475283496585707944e-04
4.390092638967939818e-04,5.240167446446283806e-04
6.717494456959840479e-04,4.510658012831909544e-04
1.401363129799735284e-03,3.932038635568642099e-04
1.214251361541471633e-03,4.370925777236556804e-04
1.225362611900927302e-03,4.425847198987500853e-04
8.441849753294158572e-04,4.370067125545439978e-04
7.441262450951240028e-04,4.532113259067165664e-04
6.150960229326115193e-04,4.845373927482725428e-04
8.558680573273971413e-05,4.867625817581628148e-04
1.767343463050651692e-04,5.015190465129233622e-04
6.340462121080068115e-04,5.386035672395869190e-04
6.764103864677230684e-04,5.458425207434678197e-04
4.819454989342495006e-04,5.573627689378151621e-04
7.384998928664163187e-04,5.982566836355137849e-04
6.211023880959898108e-04,6.054931334176711418e-04
6.398934913072990916e-04,6.802432467792514110e-04
4.301341047279835404e-04,7.776818830281743544e-04
2.218703428730416061e-04,7.761390913687687965e-04
1.031284351000577414e-04,8.462030793247730031e-04
2.468600247167496479e-04,8.479363834422757413e-04
1.093095220200740518e-04,1.003360700552762518e-03
1.804160082711336443e-04,1.061091364718175266e-03
1.555700890676440238e-04,1.086108132938149763e-03
1.263093150507802907e-04,1.109566028275725058e-03
2.455611152216492137e-04,1.129099928753101497e-03
2.411303049303263949e-04,1.158396187566944954e-03
2.873373743089071967e-04,1.241803414624809187e-03
3.831819005838093661e-04,1.181774826356553083e-03
3.651574923334048530e-04,1.202236550835468357e-03
3.650229423935888950e-04,1.237146185228168256e-03
3.437843962382172323e-04,1.296445160365339083e-03
1.811135501902357090e-04,1.344460635603123531e-03
9.692648998938443463e-05,1.409368853585444767e-03
5.654150127136226825e-05,1.381681431134211069e-03
9.834394961331893151e-05,1.223945252509817463e-03
4.966343694593187454e-04,1.229467667710159445e-03
5.327523473639490716e-04,1.086730800911119704e-03
6.963016570216329273e-04,1.062597412572413060e-03
1.001651539653025278e-03,8.558952926488362254e-04
1.221349560159965767e-03,8.381500685676390510e-04
1.408571465089463641e-03,5.898670502316308078e-04
1.023344756264462328e-03,6.262974067404784807e-04
1.086599008670092363e-03,4.055386125359595009e-04
9.356960691772142711e-04,2.324503724848635494e-04
6.341187068582176045e-04,2.588165451258048850e-04
6.267169614460941065e-04,2.027978692924658132e-04
6.803415545606029480e-04,1.228045303578198749e-04
5.483857180023296585e-04,1.207803103109574233e-04
7.957028590629127308e-04,2.075175425012150919e-04
8.369933964961119447e-04,3.236942844726664191e-04
7.920590780437069276e-04,4.467374555693397957e-04
1.016702929460637332e-03,4.533658057553149076e-04
1.136302834998420075e-03,6.953623374598511203e-04
1.379540432374869044e-03,7.952699341225206867e-04
1.358453493049379237e-03,7.436866055951384027e-04
1.382361793200373576e-03,7.683857614811128757e-04
1.331782216897320521e-03,9.565450461237735803e-04
1.306601209378725412e-03,9.019109280975623607e-04
1.279187036565960101e-03,9.145190892230001126e-04
1.396463934144588854e-03,9.627520280877286361e-04
1.334247685379188510e-03,9.427731836942400976e-04
1.311764064045436041e-03,1.018525276917605976e-03
1.312855013986775421e-03,1.053119990535313858e-03
1.381815016144756752e-03,1.061278308887026334e-03
1.363926842579533385e-03,1.102261308305011074e-03
1.126044471567912413e-03,1.158697019985134406e-03
1.068748224212082718e-03,1.162574566221346055e-03
8.968930714831860763e-04,1.176183148961529659e-03
3.885365893100519645e-04,1.179861255926544427e-03
3.846890047644756141e-04,1.181442818368091605e-03
3.801549871170557988e-04,1.185790036569986773e-03
1.709772409294029469e-04,1.191193591136978239e-03
1.344160872880165451e-04,1.201723099129027496e-03
1.586572791144362981e-04,1.222110773933268810e-03
3.151566984566795131e-04,1.264680456657112529e-03
5.625503443818143925e-04,1.328292738552328467e-03
3.112112911209435808e-04,1.381684557634596262e-03
4.529292759631051504e-04,1.397869293357178761e-03
4.956409603377145067e-04,1.411888006247664744e-03
4.318801630271665195e-04,1.315037008533398834e-03
2.162290884380663788e-04,1.324764508408311304e-03
9.329974156684714295e-05,1.320591021605158066e-03
4.635363403952272928e-05,1.312206837640866397e-03
2.903238696910883428e-04,1.294590994501995055e-03
2.963408065225972142e-04,1.223199255112055297e-03
2.882361485067503368e-04,1.236643058877141170e-03
4.284170016345556649e-04,1.252219092287636679e-03
3.929004800952259533e-04,1.221377204668793251e-03
4.017102180132250413e-04,1.127563648181016502e-03
4.400719863851963363e-04,1.064218502170503552e-03
4.719568498163062526e-05,7.950581080521804470e-04
1.443534042578472818e-04,7.710267874523410317e-04
2.512651127462799507e-04,6.775195371189964315e-04
1.530370823653182523e-04,5.796544938102583941e-04
4.030489167196090578e-04,5.964534310708138540e-04
7.106829759323994794e-04,4.932896005449597353e-04
7.755620136932792974e-04,3.187489089363989571e-04
9.343542209885759417e-04,2.399726639472317738e-04
1.042499737675168462e-03,1.201280288882287223e-04
1.292959852747428869e-03,1.381301149645805331e-04
1.408418402843399737e-03,1.119080481005318040e-04
1.374964700297032607e-03,1.820260936514010415e-04
1.398454640247108081e-03,2.413439619597370018e-04
1.414168403475866151e-03,2.437092534652864051e-04
1.396060090609888699e-03,3.766585227303211438e-04
1.403180898693526246e-03,3.667556831091972136e-04
1.272600558746493117e-03,4.276576484624806680e-04
1.410582372481687273e-03,5.508187967826312040e-04
1.369480645806886226e-03,6.317097086444756118e-04
1.387644321217224854e-03,6.947007576987341854e-04
1.409532331325044022e-03,7.246370588861717442e-04
1.314713656299042579e-03,8.075911665018824584e-04
1.295834700209465111e-03,8.400875770308586371e-04
1.354669314182969323e-03,9.321496616699450266e-04
1.369362552145274000e-03,9.775537237921136293e-04
1.306162957119917428e-03,1.039304639682249671e-03
1.278715088039972378e-03,1.022345913597852776e-03
1.261178622199981376e-03,1.099806966556027103e-03
1.228471019324037889e-03,1.136392044622293665e-03
1.244564040265882946e-03,1.192788493237482723e-03
1.273858295417603249e-03,1.265556059336191055e-03
1.317701027181657214e-03,1.332424575227370749e-03
1.396725527200416272e-03,1.293221942832664586e-03
1.337872055558516704e-03,1.330731599863427522e-03
1.103740539327051741e-03,1.397225390717437340e-03
1.001938434840394338e-03,1.390311889572122756e-03
6.755502539079729024e-04,1.410848855069378070e-03
7.317789880670729158e-04,1.330620873194076096e-03
5.573828116058281547e-04,1.338727694511763263e-03
4.192071802068437505e-04,1.291261491288768709e-03
2.550081728547824982e-04,1.272450317224997195e-03
1.146535461018056236e-04,1.194343331381492830e-03
2.070216515897816648e-04,1.218317991964563453e-03
3.918906854613723859e-04,1.205431544995233268e-03
5.567759517955887631e-04,1.177694005039092370e-03
5.295565432387140323e-04,1.190190199314676567e-03
6.714273703766229741e-04,1.186261631797193208e-03
8.942397910435876361e-04,1.169947431552179800e-03
1.066544410017680831e-03,1.168866007812141734e-03
1.147742030443970034e-03,1.169457333437821239e-03
1.295951090738342018e-03,1.184132476764767706e-03
1.357771062850078028e-03,1.194609350366454938e-03
1.210162135531624855e-03,1.198781529188741764e-03
1.264817764437256662e-03,1.202328568593393626e-03
1.001045625146763452e-03,1.187500304689432726e-03
1.013148209119289333e-03,1.187845767465317082e-03
1.081062652747427329e-03,1.183350519994874964e-03
1.094254525479289438e-03,1.191414506626651670e-03
1.073339326469128401e-03,1.196973149507751712e-03
1.089492582707040020e-03,1.192082488338125053e-03
1.088131908477830935e-03,1.195531716436084614e-03
1.151656984068813233e-03,1.200013473896881363e-03
1.280931129127580717e-03,1.207022085958755174e-03
1.392644155923803556e-03,1.211088845223538216e-03
1.200499811445697798e-03,1.212059874789906452e-03
5.368032688328938564e-04,1.212404543523908649e-03
5.022404193708307485e-04,1.211891705336711877e-03
4.158877269657605767e-04,1.210907532851248801e-03
2.255951869263667575e-04,1.209772187959933659e-03
1.776881532681752886e-04,1.206813681735919392e-03
7.548110628698400651e-05,1.201161682790694496e-03
7.771410204620302553e-05,1.188736441999105635e-03
7.546093586331638001e-05,1.167706318540240751e-03
1.022931968045238135e-04,1.152740884726975897e-03
3.276004501145448602e-04,1.135737268860671301e-03
3.322784677942813717e-04,1.125371808857101100e-03
5.719973016332612070e-04,1.126616154731712458e-03
8.182484142224402462e-04,1.118240877544520503e-03
8.821808923834477227e-04,1.086648695726996150e-03
1.013157326659137446e-03,1.083172107592016977e-03
1.226362311623022680e-03,1.062056763586747676e-03
1.235736598327920929e-03,1.035266257307456556e-03
1.370480778710082620e-03,1.030755271204792951e-03
1.024873527068859190e-03,1.018325532870897193e-03
9.916320273817644942e-04,9.873539854927410736e-04
7.977163105722452933e-04,9.977848198142523321e-04
7.355516559969222344e-04,9.889643104358310666e-04
5.606703943913626505e-04,9.700920412696717975e-04
5.231735074510453090e-04,9.742406532161228174e-04
3.107944496588255614e-04,9.688440770918778670e-04
2.911763523244610338e-04,9.594539265446809084e-04
1.656650711955748605e-04,9.449814786316610088e-04
8.340667927426274083e-05,9.457152055245295454e-04
6.582140797402562108e-05,9.465327549364980098e-04
2.189347898640259119e-04,9.424208861419481427e-04
6.054600603591082757e-04,9.255663412457447231e-04
5.926074778515568126e-04,9.224880585409919948e-04
7.195288880346988221e-04,9.093205790393001520e-04
7.850149091103954735e-04,8.917812881156809632e-04
1.081489741910644613e-03,8.920510115648798465e-04
1.181466068430755360e-03,8.868075311590953129e-04
1.136956367120805058e-03,8.844016591132484008e-04
1.237152101978100270e-03,8.887092202804059001e-04
1.259818744645170401e-03,8.875318358246698895e-04
1.272076531180373364e-03,8.886765197271584730e-04
1.185597517126834232e-03,8.914260838601779837e-04
1.055949671819375992e-03,8.948974395454376658e-04
1.072595965176244238e-03,9.036115511838300422e-04
9.822006196896731871e-04,9.240612343042549272e-04
8.136732103878369267e-04,9.201598588340304061e-04
7.572616677898442138e-04,9.245722334005318900e-04
6.189547017373701540e-04,9.357613468874732962e-04
5.666336424276416633e-04,9.403235150401420073e-04
3.979444282782157449e-04,9.412916222376635457e-04
2.982858056498050286e-04,9.410563697231711430e-04
1.241235600509363898e-04,9.428578494806231754e-04
8.695109631998671027e-05,9.441079204271860936e-04
4.249258070745952126e-05,9.450738142242584875e-04
1.208471002353016162e-04,9.456297654375754331e-04
2.172186434032819392e-04,9.463714085277102461e-04
3.094165711751040333e-04,9.494761777066034348e-04
3.023167651508076328e-04,9.472866551170608428e-04
4.158841120135113589e-04,9.526022374868862606e-04
3.938251505219738367e-04,9.599899565266520069e-04
4.503509622663764674e-04,9.538195672482756510e-04
5.035709667895807429e-04,9.841481375454583236e-04
6.643329762653067769e-04,1.028401003160040557e-03
6.583644691730431223e-04,1.125071420935943277e-03
6.657291452822826187e-04,1.152192233712490349e-03
7.461925205551595388e-04,1.175401715848657658e-03
7.952556937345334979e-04,1.185835062705107050e-03
8.506239458327161888e-04,1.275819177428637406e-03
9.170112141945785432e-04,1.362677786379169970e-03
9.784947797677138320e-04,1.368934527282892081e-03
9.710724252014528391e-04,1.405367307286396880e-03
9.887669806937649918e-04,1.371342764493564811e-03
1.020848282251395414e-03,1.309869638237036969e-03
9.250940247714214623e-04,1.274100763508385003e-03
9.163566117919085896e-04,1.205824861136958488e-03
7.897934407803251138e-04,1.203974606948350536e-03
8.405692530346355572e-04,1.166061794962662025e-03
8.556870379884410011e-04,1.114750961409341750e-03
7.732349414730418100e-04,1.095515488463910192e-03
8.039101083360085864e-04,9.911415388666046204e-04
8.410440427348521084e-04,1.018828991093043623e-03
7.862446378514916390e-04,9.760239195397170647e-04
7.223653881903548471e-04,9.630207473270884291e-04
4.431738124291554649e-04,8.841883338613150574e-04
4.588444419061686401e-04,8.854107756432657564e-04
3.855988652105319259e-04,8.142254657958282503e-04
4.141889035930168290e-05,7.102419284000356875e-04
6.253696201859080498e-05,7.378411163747766082e-04
2.042021173091678940e-04,7.035002193216664292e-04
2.699107373695179795e-04,6.436319021069537849e-04
4.467721702024305568e-04,6.503717051054820966e-04
8.130842168806326443e-04,6.026896751528496455e-04
8.335852994563728614e-04,5.422119618614444593e-04
9.906857304589271156e-04,5.338215518056871594e-04
1.350630975380560841e-03,4.970204795378504363e-04
1.333070797408656251e-03,5.016993644964566536e-04
1.245617347309371011e-03,5.057779949371220621e-04
1.015024591988894541e-03,4.883966905956983479e-04
9.086310010942247762e-04,4.523397598768260741e-04
4.034970499360081308e-04,4.606493287783690999e-04
6.879332092887129350e-04,4.512681859306615496e-04
6.066669528633787580e-04,4.379649826027535542e-04
3.741931603344969136e-04,4.279341829212408030e-04
4.041456602445186314e-04,4.243794831786993726e-04
1.299886788696900258e-04,4.196624106322533604e-04
2.632194712867650136e-04,4.089052449171893286e-04
2.453288865909610808e-04,3.888550810295001835e-04
4.719588868818227795e-04,3.522208386594405990e-04
5.975949621711163385e-04,2.996890517531872493e-04
7.334898040493548037e-04,2.292036092286152361e-04
1.156094408679121882e-03,1.538549744840349233e-04
1.051579562466024463e-03,1.129099907834241347e-04
1.212519497717749186e-03,1.119032970225190907e-04
1.321765508692770551e-03,1.062667353126183048e-04
1.094792232557789680e-03,1.255949342395869001e-04
1.102979037991634170e-03,1.334121407643003515e-04
8.542689647407381839e-04,1.633503258462435011e-04
5.976862672330151725e-04,2.014541338577743109e-04
5.595394212744589585e-04,2.540222541564182571e-04
1.592463092194949391e-04,2.868937165660333222e-04
5.033383598988216528e-05,3.243872215578062638e-04
4.013927191170147779e-04,3.138395815920004724e-04
4.443515259203450357e-04,3.121476681622159088e-04
5.728895215715079170e-04,3.266234221527849579e-04
6.520597640215313427e-04,3.624174041726541898e-04
7.935194304098506807e-04,3.782782592167731675e-04
1.198818994227892221e-03,4.057958683275779996e-04
1.161317217469445915e-03,4.568799411345181240e-04
1.288885359286210406e-03,4.869249370423661336e-04
1.302715890650558810e-03,5.585347508483752988e-04
1.304183816816901218e-03,5.412870211844037285e-04
1.184888033371041217e-03,5.737452668633979871e-04
1.013001947354505742e-03,6.185510681015280593e-04
9.484532467863899695e-04,6.081659408519488963e-04
7.563468741214971619e-04,6.153687420287334148e-04
5.227031248119522362e-04,6.369123760156225047e-04
2.009838682177645655e-04,6.466033071066304254e-04
1.618007928411621644e-04,6.460593702697642196e-04
3.215763751190416899e-04,6.493353354355180284e-04
2.321848497165136750e-04,6.567527379651535340e-04
3.452176769362380062e-04,6.695048122897423242e-04
4.406952805594040591e-04,6.920940816383658583e-04
6.078469323621841971e-04,7.201953335585372078e-04
6.357463899079666666e-04,7.478565849002830231e-04
8.548704218710322274e-04,7.634633396298452215e-04
7.856099634259429117e-04,7.807258785933273403e-04
8.666736256187621869e-04,8.061797079568583596e-04
1.009909261136430862e-03,8.336713914213781870e-04
1.006651274572862177e-03,8.434327273876326275e-04
1.073546163373770117e-03,8.689362483562966316e-04
1.105330871068636997e-03,8.657200622319398148e-04
1.197181901896828340e-03,8.762203906199511356e-04
1.182267514485661622e-03,9.102022462073578162e-04
1.240891167116050641e-03,9.048067891080263962e-04
1.316586194774306291e-03,9.144164537182809718e-04
1.277335070531988772e-03,9.312017154992827507e-04
1.289902985072419357e-03,9.279249500432473069e-04
1.301182501780748148e-03,9.493457068265732761e-04
1.307970262417801127e-03,9.468728713691621250e-04
1.310725667872545026e-03,9.442852686838942551e-04
1.284046239666201223e-03,9.437676355951886550e-04
1.281995660205503948e-03,9.445634990794082690e-04
1.279544116779832630e-03,9.474867841721659918e-04
1.273817375823724360e-03,9.809981963732183202e-04
1.252228140423309244e-03,9.715125814745229418e-04
1.248307064366684441e-03,9.919112852835787128e-04
1.164452103647287433e-03,1.006047850692056659e-03
1.157064357481069668e-03,1.075516950709904567e-03
1.105900998750867755e-03,1.106802540387774939e-03
1.041435314594119478e-03,1.117438092275965193e-03
1.023821422448318794e-03,1.110667107961551452e-03
9.172827968579946867e-04,1.144840302558121619e-03
7.132523765077567694e-04,1.149209911439200149e-03
7.515864656817863691e-04,1.129708530504292289e-03
6.377607746523254869e-04,1.096355867651841029e-03
5.681048810944713031e-04,1.062803693608224210e-03
4.832651494605031935e-04,1.034094442808634971e-03
2.614720758713313595e-04,9.850064053435608757e-04
2.152601802192205646e-04,9.475670928130926771e-04
7.580033142429473236e-05,9.136559709683448769e-04
8.781706022156382269e-05,8.879157880304880575e-04
3.871759815059338389e-04,8.419905010586775478e-04
6.393326093274111699e-04,8.727765279161054908e-04
7.261653959617892602e-04,8.462952338044531751e-04
8.090520372898432969e-04,7.975920600909160380e-04
1.050671962350991631e-03,7.729428195993200395e-04
1.008626698448013064e-03,7.482590839015646573e-04
1.345820336158456282e-03,6.794708718387449135e-04
1.303152707476861079e-03,6.733847938077947405e-04
1.159085604796821368e-03,6.477124336192534000e-04
1.097186605092005359e-03,5.775476811700160952e-04
8.402189845749126994e-04,5.556438263245413230e-04
8.775123806096939323e-04,4.668092891091593514e-04
7.563351222682947878e-04,4.489605684944162939e-04
4.553183381916541179e-04,2.806882374496772912e-04
3.462258886701573453e-04,3.442033732509036659e-04
2.393118344338533124e-04,2.937610363148707832e-04
9.691090515594076571e-05,2.141597546245531196e-04
3.978075871561129499e-05,1.049535710884332804e-04
7.499830328777838478e-05,1.048979860387603218e-04
2.412996915950739018e-04,2.736750439119823653e-04
3.826568795486093907e-04,3.653412409262282246e-04
7.689534790232698978e-04,6.929782132369437459e-04
7.223697890389016484e-04,6.369335967574047850e-04
7.487347881666514418e-04,6.374149487099749385e-04
8.153731506736739375e-04,7.072052502989608410e-04
9.997803336658738198e-04,9.515041221856227740e-04
9.757497485504716466e-04,1.157468556132386275e-03
1.033479605276805364e-03,1.078626236420895295e-03
1.143283500526505372e-03,1.101500175123344043e-03
1.098533054610613402e-03,1.157681990468147851e-03
1.106768824234337844e-03,1.198256243052644608e-03
1.159176310295067461e-03,1.228821724879681620e-03
1.169674463520545618e-03,1.238141389109716347e-03
1.113849594390496980e-03,1.242184333883160395e-03
1.072843246296017626e-03,1.242793512568242040e-03
1.031150033230202436e-03,1.248878240186781846e-03
1.013346910796204987e-03,1.257588320884703596e-03
9.149699102984559318e-04,1.269395005466644267e-03
9.255059911723586760e-04,1.289984962338786663e-03
9.119618571558942011e-04,1.323558850528376313e-03
9.044037288326370588e-04,1.395492638616815375e-03
9.067734976919256899e-04,1.345084156489480959e-03
8.791312850441874820e-04,1.269447907058718654e-03
7.678959408273011494e-04,1.217494248092083290e-03
7.804337109301969552e-04,1.182160631753062865e-03
7.932822048856698165e-04,1.203162016290942361e-03
7.300354240746999160e-04,1.175158189412452451e-03
7.084650642979943656e-04,1.174969807214915887e-03
6.814745184940474484e-04,1.180961230828841187e-03
7.024228851810495168e-04,1.184991393375741308e-03
6.864980022977863229e-04,1.191766010709089350e-03
6.855854650152910876e-04,1.200886696563789905e-03
7.302402510235007612e-04,1.210763692833985829e-03
8.360556389419209009e-04,1.232197961465255481e-03
9.260195247103592941e-04,1.262355587295472398e-03
1.016651859890355678e-03,1.313902373419924795e-03
1.040029904344184214e-03,1.401835202036273926e-03
1.029458941349219517e-03,1.304640173820798823e-03
1.032283783249568878e-03,1.264363618803027818e-03
1.061527227746503124e-03,1.177528697893460421e-03
1.045764967906485888e-03,1.199866029786728376e-03
1.036595499044821490e-03,1.248805474777245914e-03
9.418297859585625939e-04,1.171384949725787737e-03
9.565105685223981467e-04,1.234393438032642789e-03
9.998274805164413144e-04,1.210159129056729860e-03
1.004734197463867055e-03,1.192257665063694606e-03
9.735084295517940816e-04,1.175648297672476352e-03
9.595897442131334516e-04,1.153624735977944616e-03
9.137505606913302360e-04,1.012362446638826125e-03
7.401713672974170617e-04,1.055080981515373008e-03
8.376213966156106699e-04,1.072080230811823208e-03
8.462739971317594654e-04,1.060784210659591930e-03
8.141085471103082487e-04,1.058077378867807936e-03
6.688220932318889120e-04,1.036090701043376923e-03
5.972377570035599086e-04,1.042291314091386024e-03
5.460196506419173149e-04,1.015307634742347023e-03
5.115083047602983057e-04,9.898999995653784151e-04
4.885473185818518544e-04,1.002111701233817948e-03
3.199761420824832306e-04,1.010920609187982398e-03
2.943970640573738873e-04,9.898163817944570769e-04
3.390098020895121922e-04,1.076404105834689092e-03
1.991847130930336058e-04,1.093096602570620352e-03
8.108248606968137889e-05,1.161931375345707585e-03
3.840290476582134814e-05,1.246569117050696498e-03
4.108064923710401899e-05,1.350691462678824725e-03
1.020501254261936016e-04,1.399723340859929110e-03
1.232483287980749582e-04,1.385307416640700574e-03
2.021149005678705036e-04,1.344661556956407242e-03
2.267533777774662670e-04,1.303330422833727130e-03
2.529120623273034682e-04,1.232584893057537970e-03
2.594252427233424869e-04,1.180628612955074040e-03
3.378152361500536037e-04,1.117281444348016631e-03
3.245360169157509157e-04,1.115759544434386484e-03
3.366104521546544747e-04,1.106861182000493885e-03
3.315725519448465197e-04,1.057064390079788486e-03
2.225862350759106548e-04,1.043919241143165255e-03
2.089272226368592798e-04,1.045115358907489555e-03
9.827474299791582506e-05,1.003050477781626884e-03
3.828585336945223449e-05,1.012384104490979308e-03
3.733415564954069277e-05,1.053875340160696393e-03
1.837764258249841303e-04,1.031617916917567128e-03
2.477362173167216666e-04,1.020375474274234700e-03
3.028346487955452639e-04,1.029774798073837495e-03
4.169191652007392347e-04,1.096808313594133848e-03
4.361112305774375543e-04,1.215782792414974453e-03
4.569528428983289322e-04,1.327948616313161766e-03
5.266655834244556109e-04,1.391147027413795756e-03
4.620961987016469351e-04,1.391148811306883041e-03
4.514297383497904237e-04,1.337737021551183665e-03
4.330639677232357709e-04,1.293580086345433961e-03
4.327870220647067395e-04,1.300313041311606252e-03
3.998851089856492787e-04,1.247713656305194123e-03
3.947544303594472249e-04,1.270730184826006359e-03
3.473410008383178392e-04,1.297561573411279206e-03
3.267566407875295781e-04,1.315346448769884108e-03
2.943556481759852122e-04,1.320400334709962440e-03
1.925667237334725921e-04,1.320361226970605652e-03
9.503599422418014411e-05,1.293378278852334428e-03
2.779473619512833039e-04,1.257837445770890834e-03
6.090019674267415457e-04,1.138919590829041680e-03
6.869945642161380192e-04,9.903997928067378911e-04
9.816825636986060196e-04,9.026086251805550591e-04
9.365175180752209529e-04,8.603205430020873347e-04
9.839028119411987773e-04,6.708405832201210905e-04
1.104865783215147482e-03,6.641958550871933462e-04
1.229043200247475695e-03,7.171160553994816158e-04
1.280065855916440957e-03,6.094760907995346293e-04
1.354056654523722947e-03,5.122629393346887902e-04
1.351844861564628283e-03,4.995327666184612176e-04
1.406487713864632005e-03,4.568050261068219058e-04
1.366459140832432077e-03,3.473222679771405925e-04
1.356562921561641193e-03,3.905863320173719871e-04
1.195652640078803718e-03,3.325489457589582919e-04
1.013794929306618140e-03,3.231906362838308003e-04
1.019523473486157661e-03,2.933456643681368165e-04
8.959472421303949635e-04,2.521278992459268474e-04
8.740212938586550736e-04,1.961953329332614732e-04
7.819609165353801983e-04,1.749799078844114955e-04
6.436290040987504733e-04,1.473679082182374062e-04
5.054115462232958590e-04,1.287529959183955934e-04
4.508386096055904627e-04,1.303681624743863849e-04
5.210074117233141682e-04,1.336436830437727681e-04
4.494563256928998289e-04,1.392206174074197167e-04
3.949740794624787281e-04,1.494085616462321976e-04
4.132866851185901832e-04,1.648887503553905581e-04
3.777725220658778474e-04,1.760530154488749435e-04
4.585792645302600844e-04,2.225898199336887951e-04
4.829238595963466422e-04,2.144062307174579086e-04
4.846992710865056760e-04,1.837100942494955926e-04
5.162447719881819433e-04,2.236203193424761860e-04
5.795874036928627812e-04,2.303114906779128225e-04
7.868598144709297148e-04,2.144663804242532320e-04
9.257865003826216792e-04,2.210910731846875595e-04
9.755763083253301366e-04,2.396254874633407263e-04
1.030212071175219983e-03,2.494177850401216551e-04
1.054444316978257312e-03,2.734548792703995058e-04
1.074867789429557931e-03,3.139409196767937787e-04
1.083004218556017726e-03,3.896283302973222525e-04
1.002460659916726889e-03,4.317142413295613494e-04
9.649727088234756394e-04,4.961019594428707317e-04
4.017725802620175277e-04,5.422962351031312446e-04
2.987969514293998272e-04,5.766380275421501781e-04
4.114904221384994279e-04,5.807359727503557181e-04
5.761727486912529816e-05,5.767474663119975462e-04
3.410080248327900789e-04,6.080251300238260093e-04
3.365949890595190826e-04,6.269674950648247225e-04
5.845489290907877585e-04,6.682064287074350765e-04
1.180360849468997837e-03,6.681721441099396650e-04
9.863907198440892508e-04,7.512937709122457066e-04
1.151167174200949488e-03,7.842124412041338345e-04
1.338119854922532751e-03,9.186689868078851693e-04
1.349782195439748912e-03,9.081239716967316961e-04
1.145879505882591281e-03,8.798177576128222727e-04
6.961658188863935901e-04,9.255521882440206904e-04
5.975802633320936603e-04,1.017893968621261724e-03
3.360492703411125000e-04,1.009743302903296207e-03
1.457635110589391796e-04,1.023739917799098729e-03
1.428738305397507285e-04,1.111371329351198110e-03
1.992892024343619257e-04,1.146369416983830441e-03
3.189889227024598779e-04,1.219847492964117909e-03
5.664329707867176832e-04,1.248656859783227368e-03
6.980722675387269517e-04,1.278749686073851191e-03
1.168373772062287911e-03,1.317281816275419661e-03
1.191269367941919779e-03,1.314781117517453994e-03
1.405356600204063283e-03,1.324153231824365048e-03
1.258244466334722733e-03,1.338804403868569092e-03
1.411543132245494632e-03,1.367521965667113345e-03
1.202704767430829574e-03,1.402284728614819039e-03
1.282147489540469551e-03,1.402113495995305778e-03
1.201589062962760525e-03,1.399671417851165245e-03
1.145025988457587952e-03,1.400000459331841212e-03
9.527395162219719346e-04,1.389125341426436554e-03
1.052217878276305021e-03,1.385844065410433371e-03
9.984529302607667890e-04,1.381738207740399078e-03
8.729112055623806802e-04,1.369274470980094520e-03
8.933703163060155526e-04,1.344987270431913370e-03
8.544956138257756191e-04,1.302772386149187497e-03
7.742165789127404335e-04,1.270927438151108315e-03
7.289396572556382150e-04,1.275385923284737266e-03
6.552808695320478738e-04,1.266427913716656681e-03
5.956152912474707703e-04,1.246880127955818374e-03
5.278498806385593023e-04,1.220614010449711699e-03
5.039432760489062505e-04,1.244095964077392320e-03
4.754575078448343125e-04,1.304150430000993160e-03
4.308106954599819245e-04,1.388661877890752516e-03
5.028827989606547569e-04,1.302864415208384750e-03
4.719631701191402315e-04,1.293388161182655463e-03
4.190857895425480705e-04,1.296511979247273955e-03
3.785397347986150770e-04,1.272726842773653447e-03
2.709493124681090423e-04,1.185167236389875331e-03
1.435810653650841607e-04,1.110610123703802566e-03
3.556036677221219555e-05,9.620393227396373519e-04
1.125323729926357733e-04,6.978407048458554283e-04
3.686909318255393868e-04,6.143473626100266457e-04
3.907089807074542922e-04,4.914162987221111197e-04
2.534215275018494233e-04,3.710423888800986171e-04
3.944739216684204058e-04,2.889454366202489949e-04
5.096134326306325053e-04,2.761379493453926920e-04
5.027151742720946262e-04,2.336777572611784112e-04
6.691919761931474460e-04,1.644695363138459136e-04
7.049506745622631217e-04,1.297439017327349303e-04
8.710207263913001020e-04,1.048782088050247786e-04
9.955702841417642460e-04,1.048265162151335619e-04
9.867506447897502354e-04,1.050838489509439098e-04
8.919636295157672709e-04,1.075108325846463737e-04
8.283387181348408424e-04,1.093895010764823415e-04
8.106538759546182398e-04,1.113831553001615795e-04
7.105000783896586736e-04,1.143827893210162258e-04
6.507268459831230898e-04,1.198756188813796832e-04
6.423737131057805994e-04,1.278316255789078114e-04
6.385626507209040976e-04,1.279324490799444900e-04
7.083118984937472737e-04,1.599907703754443089e-04
8.486338525511904563e-04,1.549077777699248528e-04
1.166604968369890907e-03,1.260002098966198059e-04
8.800867635268119554e-04,1.373697697291370969e-04
1.043870053581596969e-03,1.500609306609926438e-04
1.198843203411469093e-03,1.479953441940822477e-04
1.155927149998674242e-03,1.512607952370672627e-04
1.131515749017566541e-03,1.642931974642156676e-04
1.319528451860423144e-03,1.751000873998012370e-04
1.231291858023301957e-03,1.964437584363313194e-04
1.288416333318379101e-03,1.848472036817605589e-04
1.354244428343426591e-03,1.946062114284593755e-04
1.355190493330508863e-03,1.958043430109857421e-04
1.395441311253038186e-03,1.729458930961047254e-04
1.364260322785236642e-03,1.688641720176785722e-04
1.310870901166962237e-03,1.307666046080746395e-04
1.292852257651777017e-03,1.138302961546294110e-04
1.280956250924285451e-03,1.231373665302989203e-04
1.152568508753673820e-03,1.125914794605514411e-04
9.727939136650975809e-04,1.122653661726909203e-04
9.053739062955252874e-04,1.205769904127144526e-04
8.053188121758025940e-04,1.510835261549409766e-04
7.733624479273605535e-04,1.601931031449296524e-04
6.990724828967884380e-04,2.229168528234468224e-04
5.382404178759741089e-04,2.308396961342878452e-04
5.250589451814724907e-04,2.201316201278565466e-04
4.682114315094932375e-04,2.481519480768670707e-04
3.938747568441576074e-04,2.934015651739823672e-04
4.592930307706936054e-04,2.992617112918693101e-04
4.182485264579783105e-04,2.492819417985266584e-04
3.841733552537987865e-04,2.357361866509912471e-04
3.294736276435509506e-04,2.487901205756459116e-04
2.913028066937299468e-04,2.557942049122583286e-04
1.727107381876524621e-04,2.486635234047836402e-04
1.551072398735099211e-04,2.456411218155501617e-04
1.151458281976118053e-04,2.545858727228134935e-04
1.006383595837918816e-04,2.812768440201576466e-04
9.570712815129539921e-05,3.101761623007574754e-04
7.450936494492095021e-05,3.369905499821289146e-04
9.017193054033890379e-05,3.467886277755319172e-04
7.903380550260390852e-05,3.559497463519621565e-04
8.438023457315651447e-05,3.711828507003969106e-04
1.103009783056406511e-04,3.677497513756771775e-04
2.111480406618773534e-04,3.880650781574557597e-04
3.119206224545296329e-04,3.812910111782377167e-04
4.416043297278643247e-04,3.632200447744253599e-04
6.510384787224250333e-04,3.683210981767033793e-04
8.761908691453681964e-04,3.713028958686045099e-04
9.462854523240986923e-04,3.713488140614257141e-04
9.758719165488008397e-04,3.644874340311547484e-04
9.386981766489943318e-04,3.649421368900335324e-04
8.921846741800105052e-04,3.673175338410372194e-04
8.836417247714721188e-04,3.701183827054309403e-04
8.880150919069269757e-04,3.780616405070238951e-04
9.179416025584832784e-04,3.809899222005641030e-04
9.817983686724940980e-04,3.790585960417789638e-04
1.125966340505603911e-03,3.690010898946785470e-04
1.311030632102335673e-03,3.830228400131083948e-04
1.226307955941664850e-03,3.847770774927675662e-04
6.013997446653729503e-04,3.821992624524129427e-04
1.413909992767081194e-04,3.718519945774762317e-04
4.311891188717904030e-04,3.706485581131045118e-04
7.694857096598027471e-05,3.626738013342068780e-04
