# step_dp, step_pinn
5.000000000000000278e-02,5.000000000000000278e-02
5.000000000000000278e-02,5.000000000000000278e-02
5.000000000000000278e-02,5.000000000000000278e-02
5.000000000000000278e-02,5.000000000000000278e-02
4.391801872420276140e+02,5.000000000000000278e-02
2.410311122743567097e-02,3.772629749784895239e+02
3.651264188763478358e-01,3.883010185545836268e-02
5.000000000000000278e-02,5.034141000230473173e-01
5.000000000000000278e-02,5.000000000000000278e-02
5.000000000000000278e-02,5.000000000000000278e-02
5.470217258473011324e-01,5.000000000000000278e-02
5.000000000000000278e-02,5.000000000000000278e-02
5.000000000000000278e-02,5.000000000000000278e-02
5.000000000000000278e-02,5.000000000000000278e-02
5.000000000000000278e-02,5.000000000000000278e-02
5.000000000000000278e-02,5.000000000000000278e-02
5.000000000000000278e-02,1.897729098881897614e-01
5.000000000000000278e-02,5.000000000000000278e-02
5.000000000000000278e-02,5.000000000000000278e-02
5.000000000000000278e-02,5.000000000000000278e-02
5.000000000000000278e-02,5.000000000000000278e-02
5.000000000000000278e-02,5.000000000000000278e-02
5.000000000000000278e-02,5.000000000000000278e-02
5.000000000000000278e-02,5.000000000000000278e-02
5.000000000000000278e-02,5.000000000000000278e-02
5.000000000000000278e-02,5.000000000000000278e-02
5.000000000000000278e-02,5.000000000000000278e-02
5.000000000000000278e-02,5.000000000000000278e-02
5.000000000000000278e-02,5.000000000000000278e-02
5.000000000000000278e-02,5.000000000000000278e-02
5.000000000000000278e-02,5.000000000000000278e-02
5.000000000000000278e-02,5.000000000000000278e-02
5.000000000000000278e-02,5.000000000000000278e-02
5.649407975236787616e-01,4.235055161891645437e-01
5.000000000000000278e-02,5.000000000000000278e-02
5.000000000000000278e-02,5.000000000000000278e-02
1.791227655668014840e-01,5.000000000000000278e-02
5.000000000000000278e-02,5.000000000000000278e-02
5.000000000000000278e-02,5.000000000000000278e-02
5.000000000000000278e-02,5.000000000000000278e-02
3.508850270147941264e-01,5.000000000000000278e-02
5.000000000000000278e-02,5.000000000000000278e-02
5.000000000000000278e-02,5.000000000000000278e-02
1.122200505914670299e-01,5.000000000000000278e-02
6.060710686620047749e-01,4.279202722788267854e-01
5.000000000000000278e-02,5.000000000000000278e-02
5.000000000000000278e-02,5.000000000000000278e-02
5.000000000000000278e-02,4.163723883129132330e-01
5.000000000000000278e-02,5.000000000000000278e-02
5.000000000000000278e-02,5.000000000000000278e-02
5.000000000000000278e-02,5.000000000000000278e-02
5.000000000000000278e-02,5.000000000000000278e-02
5.000000000000000278e-02,5.000000000000000278e-02
5.000000000000000278e-02,5.000000000000000278e-02
5.000000000000000278e-02,5.000000000000000278e-02
5.000000000000000278e-02,5.000000000000000278e-02
5.000000000000000278e-02,5.000000000000000278e-02
5.000000000000000278e-02,5.000000000000000278e-02
5.000000000000000278e-02,5.000000000000000278e-02
5.000000000000000278e-02,5.000000000000000278e-02
4.626130970814194554e-01,5.000000000000000278e-02
5.000000000000000278e-02,2.596192639686848436e-01
5.000000000000000278e-02,5.000000000000000278e-02
6.143258600791516866e-01,5.000000000000000278e-02
5.000000000000000278e-02,5.414553814849808466e-01
5.000000000000000278e-02,5.000000000000000278e-02
5.000000000000000278e-02,5.000000000000000278e-02
5.000000000000000278e-02,5.000000000000000278e-02
5.000000000000000278e-02,5.000000000000000278e-02
4.741641844707874531e-01,5.000000000000000278e-02
4.666206874862003362e-01,5.492111653436930752e-01
5.000000000000000278e-02,5.000000000000000278e-02
5.000000000000000278e-02,5.000000000000000278e-02
5.000000000000000278e-02,5.000000000000000278e-02
5.000000000000000278e-02,5.000000000000000278e-02
5.000000000000000278e-02,5.000000000000000278e-02
5.000000000000000278e-02,5.000000000000000278e-02
6.758806585008650392e-02,5.000000000000000278e-02
2.529760301161357305e-01,5.000000000000000278e-02
5.000000000000000278e-02,5.000000000000000278e-02
5.000000000000000278e-02,5.000000000000000278e-02
5.512163382453526550e-01,5.000000000000000278e-02
5.000000000000000278e-02,5.000000000000000278e-02
5.000000000000000278e-02,5.000000000000000278e-02
5.000000000000000278e-02,5.000000000000000278e-02
5.000000000000000278e-02,5.000000000000000278e-02
5.000000000000000278e-02,5.000000000000000278e-02
5.000000000000000278e-02,5.000000000000000278e-02
5.000000000000000278e-02,5.000000000000000278e-02
5.000000000000000278e-02,5.000000000000000278e-02
5.000000000000000278e-02,5.000000000000000278e-02
3.416553187200316866e-01,5.000000000000000278e-02
2.144993769564852437e-01,5.000000000000000278e-02
5.000000000000000278e-02,5.000000000000000278e-02
5.000000000000000278e-02,5.000000000000000278e-02
5.000000000000000278e-02,5.000000000000000278e-02
5.000000000000000278e-02,5.000000000000000278e-02
5.000000000000000278e-02,5.000000000000000278e-02
5.000000000000000278e-02,5.000000000000000278e-02
5.667219704844422834e-01,5.000000000000000278e-02
5.000000000000000278e-02,5.000000000000000278e-02
5.000000000000000278e-02,5.000000000000000278e-02
5.000000000000000278e-02,5.000000000000000278e-02
5.000000000000000278e-02,5.000000000000000278e-02
5.000000000000000278e-02,5.000000000000000278e-02
5.000000000000000278e-02,5.000000000000000278e-02
5.000000000000000278e-02,5.000000000000000278e-02
5.000000000000000278e-02,6.811825090510827130e-02
5.000000000000000278e-02,8.595900654974542032e-02
5.000000000000000278e-02,1.685038998225484308e-01
5.000000000000000278e-02,5.000000000000000278e-02
5.000000000000000278e-02,5.000000000000000278e-02
5.000000000000000278e-02,5.000000000000000278e-02
5.000000000000000278e-02,5.000000000000000278e-02
5.000000000000000278e-02,5.000000000000000278e-02
5.000000000000000278e-02,5.000000000000000278e-02
5.000000000000000278e-02,5.000000000000000278e-02
5.000000000000000278e-02,1.875810542436160688e-01
5.000000000000000278e-02,5.020439006020562811e-01
5.000000000000000278e-02,5.000000000000000278e-02
5.000000000000000278e-02,5.000000000000000278e-02
1.726936032454439440e-01,5.000000000000000278e-02
5.000000000000000278e-02,5.000000000000000278e-02
5.000000000000000278e-02,5.000000000000000278e-02
5.000000000000000278e-02,5.000000000000000278e-02
5.000000000000000278e-02,5.000000000000000278e-02
5.000000000000000278e-02,5.000000000000000278e-02
5.000000000000000278e-02,5.000000000000000278e-02
5.000000000000000278e-02,5.000000000000000278e-02
5.000000000000000278e-02,5.000000000000000278e-02
5.544799107818958461e-01,5.000000000000000278e-02
5.000000000000000278e-02,5.000000000000000278e-02
5.000000000000000278e-02,5.000000000000000278e-02
5.000000000000000278e-02,5.000000000000000278e-02
5.000000000000000278e-02,5.000000000000000278e-02
5.000000000000000278e-02,5.000000000000000278e-02
5.000000000000000278e-02,5.810832592073998937e-01
5.000000000000000278e-02,5.000000000000000278e-02
5.000000000000000278e-02,5.000000000000000278e-02
5.000000000000000278e-02,5.000000000000000278e-02
5.000000000000000278e-02,5.000000000000000278e-02
5.000000000000000278e-02,5.000000000000000278e-02
5.000000000000000278e-02,5.000000000000000278e-02
5.000000000000000278e-02,5.000000000000000278e-02
5.000000000000000278e-02,5.000000000000000278e-02
3.110131303243085163e-02,5.000000000000000278e-02
2.265668685259362714e-01,5.000000000000000278e-02
6.798416471485653201e-01,5.000000000000000278e-02
5.000000000000000278e-02,5.000000000000000278e-02
5.000000000000000278e-02,5.000000000000000278e-02
3.049314502626725432e-01,5.000000000000000278e-02
5.000000000000000278e-02,5.000000000000000278e-02
5.000000000000000278e-02,3.677931240157376602e-01
5.000000000000000278e-02,6.297303704128173196e-01
5.000000000000000278e-02,5.000000000000000278e-02
5.000000000000000278e-02,1.331777612052327808e-01
5.000000000000000278e-02,6.233814709195071302e-01
5.000000000000000278e-02,5.000000000000000278e-02
5.000000000000000278e-02,5.000000000000000278e-02
5.000000000000000278e-02,5.000000000000000278e-02
5.000000000000000278e-02,5.000000000000000278e-02
5.000000000000000278e-02,5.000000000000000278e-02
6.386896359945657409e-01,5.728468704044334947e-01
5.000000000000000278e-02,5.000000000000000278e-02
5.000000000000000278e-02,5.000000000000000278e-02
6.148974698664354532e-01,5.000000000000000278e-02
5.000000000000000278e-02,5.000000000000000278e-02
5.000000000000000278e-02,3.674717942035816975e-02
5.000000000000000278e-02,5.000000000000000278e-02
5.000000000000000278e-02,5.000000000000000278e-02
5.000000000000000278e-02,5.000000000000000278e-02
5.000000000000000278e-02,5.000000000000000278e-02
5.000000000000000278e-02,5.000000000000000278e-02
5.000000000000000278e-02,5.000000000000000278e-02
5.000000000000000278e-02,5.000000000000000278e-02
5.000000000000000278e-02,5.000000000000000278e-02
5.000000000000000278e-02,5.000000000000000278e-02
5.000000000000000278e-02,5.000000000000000278e-02
5.000000000000000278e-02,5.000000000000000278e-02
5.000000000000000278e-02,5.000000000000000278e-02
5.000000000000000278e-02,5.000000000000000278e-02
5.000000000000000278e-02,5.000000000000000278e-02
5.000000000000000278e-02,5.000000000000000278e-02
5.000000000000000278e-02,5.000000000000000278e-02
5.000000000000000278e-02,5.000000000000000278e-02
5.000000000000000278e-02,5.000000000000000278e-02
5.000000000000000278e-02,5.000000000000000278e-02
5.000000000000000278e-02,5.000000000000000278e-02
5.000000000000000278e-02,8.981801325507079992e-02
5.000000000000000278e-02,1.318977649069570934e-01
5.515420905735695101e-01,1.962596803991011607e-01
5.359519412917347347e-01,6.796498365449774592e-01
5.000000000000000278e-02,5.000000000000000278e-02
5.000000000000000278e-02,5.000000000000000278e-02
5.000000000000000278e-02,5.000000000000000278e-02
5.000000000000000278e-02,5.000000000000000278e-02
5.000000000000000278e-02,5.000000000000000278e-02
5.000000000000000278e-02,1.490611732565403635e-01
5.000000000000000278e-02,7.023517475963316770e-01
5.000000000000000278e-02,5.000000000000000278e-02
5.000000000000000278e-02,5.000000000000000278e-02
5.000000000000000278e-02,3.311579024655851300e-01
5.000000000000000278e-02,5.000000000000000278e-02
5.000000000000000278e-02,5.000000000000000278e-02
5.000000000000000278e-02,5.000000000000000278e-02
5.000000000000000278e-02,1.343826160680765269e-01
5.000000000000000278e-02,2.099167691713385853e-01
5.000000000000000278e-02,5.000000000000000278e-02
5.000000000000000278e-02,5.000000000000000278e-02
5.000000000000000278e-02,5.000000000000000278e-02
5.000000000000000278e-02,5.000000000000000278e-02
5.000000000000000278e-02,5.000000000000000278e-02
5.000000000000000278e-02,5.000000000000000278e-02
5.000000000000000278e-02,5.000000000000000278e-02
5.000000000000000278e-02,5.334628911262803141e-01
5.000000000000000278e-02,5.000000000000000278e-02
5.000000000000000278e-02,5.000000000000000278e-02
5.000000000000000278e-02,5.000000000000000278e-02
5.000000000000000278e-02,5.000000000000000278e-02
3.411368696045366522e-01,5.000000000000000278e-02
5.000000000000000278e-02,5.000000000000000278e-02
5.000000000000000278e-02,5.000000000000000278e-02
5.348989543806977887e-01,5.000000000000000278e-02
5.000000000000000278e-02,5.000000000000000278e-02
5.000000000000000278e-02,5.000000000000000278e-02
5.193186485387164125e-02,5.000000000000000278e-02
4.358537696803397310e-01,5.000000000000000278e-02
5.000000000000000278e-02,5.000000000000000278e-02
5.000000000000000278e-02,5.000000000000000278e-02
5.000000000000000278e-02,5.000000000000000278e-02
6.537173502351467658e-01,5.000000000000000278e-02
1.502039342830946700e-01,5.000000000000000278e-02
5.000000000000000278e-02,5.000000000000000278e-02
1.075686614356153037e-01,1.779465695810343862e-01
3.660815852863608666e-01,1.958494793265291023e-01
5.000000000000000278e-02,5.000000000000000278e-02
5.000000000000000278e-02,5.000000000000000278e-02
1.818472240197683831e-01,5.000000000000000278e-02
5.200433777177240202e-01,5.000000000000000278e-02
4.937299135603273048e-01,5.000000000000000278e-02
5.000000000000000278e-02,5.000000000000000278e-02
5.000000000000000278e-02,5.000000000000000278e-02
5.000000000000000278e-02,5.000000000000000278e-02
5.000000000000000278e-02,5.000000000000000278e-02
5.000000000000000278e-02,6.800664038236916564e-01
5.000000000000000278e-02,5.000000000000000278e-02
5.000000000000000278e-02,5.000000000000000278e-02
5.000000000000000278e-02,4.990240406306215015e-01
5.000000000000000278e-02,5.000000000000000278e-02
1.328947048434936107e-01,2.219949741668959531e-01
2.725380307636808830e-01,5.000000000000000278e-02
5.000000000000000278e-02,5.000000000000000278e-02
5.000000000000000278e-02,5.000000000000000278e-02
5.000000000000000278e-02,5.000000000000000278e-02
5.000000000000000278e-02,5.000000000000000278e-02
5.000000000000000278e-02,3.175878502648183943e-01
5.095962126534754333e-01,5.000000000000000278e-02
5.000000000000000278e-02,5.000000000000000278e-02
5.000000000000000278e-02,1.886024039442123212e-01
5.000000000000000278e-02,9.201515077454662517e-02
5.000000000000000278e-02,1.139644477032195208e-01
5.000000000000000278e-02,1.869115856204026926e-01
5.000000000000000278e-02,7.369144111224299465e-01
5.000000000000000278e-02,5.000000000000000278e-02
1.958708313997327699e-01,5.000000000000000278e-02
7.747676841665787628e-02,5.761780829400530157e-01
1.177184604159158959e-01,2.556004413847829393e-01
6.336383608230993225e-01,5.000000000000000278e-02
5.000000000000000278e-02,5.000000000000000278e-02
5.000000000000000278e-02,5.000000000000000278e-02
5.000000000000000278e-02,5.000000000000000278e-02
5.210978162708702621e-01,5.000000000000000278e-02
5.000000000000000278e-02,6.875075467140822072e-01
5.000000000000000278e-02,5.000000000000000278e-02
5.000000000000000278e-02,5.000000000000000278e-02
5.000000000000000278e-02,5.000000000000000278e-02
5.000000000000000278e-02,5.000000000000000278e-02
5.000000000000000278e-02,2.414009795510298206e-01
5.000000000000000278e-02,1.013226838664298413e-01
5.000000000000000278e-02,1.588968445018451026e-01
5.000000000000000278e-02,5.000000000000000278e-02
3.265197303819011854e-01,5.000000000000000278e-02
5.000000000000000278e-02,5.000000000000000278e-02
5.000000000000000278e-02,5.000000000000000278e-02
5.990011740900443860e-01,5.000000000000000278e-02
5.000000000000000278e-02,5.000000000000000278e-02
5.000000000000000278e-02,5.000000000000000278e-02
5.000000000000000278e-02,5.000000000000000278e-02
5.000000000000000278e-02,5.000000000000000278e-02
5.000000000000000278e-02,5.000000000000000278e-02
5.000000000000000278e-02,3.219848151708091244e-01
6.625604193483147775e-02,7.781222641393212847e-01
5.142588463482222760e-01,5.000000000000000278e-02
5.000000000000000278e-02,5.000000000000000278e-02
5.000000000000000278e-02,5.000000000000000278e-02
5.000000000000000278e-02,5.000000000000000278e-02
5.000000000000000278e-02,5.000000000000000278e-02
5.000000000000000278e-02,5.000000000000000278e-02
5.000000000000000278e-02,5.000000000000000278e-02
5.000000000000000278e-02,5.000000000000000278e-02
5.000000000000000278e-02,5.000000000000000278e-02
5.000000000000000278e-02,5.000000000000000278e-02
5.000000000000000278e-02,5.000000000000000278e-02
5.000000000000000278e-02,5.000000000000000278e-02
5.000000000000000278e-02,5.000000000000000278e-02
2.322628924726735655e-01,5.000000000000000278e-02
5.000000000000000278e-02,5.000000000000000278e-02
5.000000000000000278e-02,5.000000000000000278e-02
5.000000000000000278e-02,5.000000000000000278e-02
5.000000000000000278e-02,5.000000000000000278e-02
5.000000000000000278e-02,5.000000000000000278e-02
5.000000000000000278e-02,5.000000000000000278e-02
5.000000000000000278e-02,5.000000000000000278e-02
5.000000000000000278e-02,2.969971185139640424e-01
5.000000000000000278e-02,4.521531367698991555e-01
5.000000000000000278e-02,5.000000000000000278e-02
5.000000000000000278e-02,5.000000000000000278e-02
5.000000000000000278e-02,5.000000000000000278e-02
5.000000000000000278e-02,5.000000000000000278e-02
5.000000000000000278e-02,5.000000000000000278e-02
5.000000000000000278e-02,7.094149483147416113e-02
5.000000000000000278e-02,4.974201821303542159e-01
5.000000000000000278e-02,5.000000000000000278e-02
5.000000000000000278e-02,5.000000000000000278e-02
5.000000000000000278e-02,5.412613890962717500e-01
5.000000000000000278e-02,5.000000000000000278e-02
5.000000000000000278e-02,5.000000000000000278e-02
5.000000000000000278e-02,5.000000000000000278e-02
5.000000000000000278e-02,2.733939464635404826e-01
5.000000000000000278e-02,7.025062812982515448e-01
5.721299040012407522e-01,5.307359525296336811e-01
5.000000000000000278e-02,5.000000000000000278e-02
5.000000000000000278e-02,5.000000000000000278e-02
4.189879020720190805e-01,5.000000000000000278e-02
5.000000000000000278e-02,4.644138631712867449e-01
5.000000000000000278e-02,5.000000000000000278e-02
5.000000000000000278e-02,1.361377267736437746e-01
5.000000000000000278e-02,2.130359985473245510e-01
5.000000000000000278e-02,5.000000000000000278e-02
5.000000000000000278e-02,5.000000000000000278e-02
5.000000000000000278e-02,5.000000000000000278e-02
5.000000000000000278e-02,5.000000000000000278e-02
5.000000000000000278e-02,5.000000000000000278e-02
5.000000000000000278e-02,5.000000000000000278e-02
5.000000000000000278e-02,5.000000000000000278e-02
5.000000000000000278e-02,5.000000000000000278e-02
5.000000000000000278e-02,5.000000000000000278e-02
5.000000000000000278e-02,4.112106756609775760e-01
5.000000000000000278e-02,5.000000000000000278e-02
5.000000000000000278e-02,5.000000000000000278e-02
5.000000000000000278e-02,5.000000000000000278e-02
5.000000000000000278e-02,5.000000000000000278e-02
5.000000000000000278e-02,5.000000000000000278e-02
5.000000000000000278e-02,5.000000000000000278e-02
5.527398401800578398e-01,9.038778607370127893e-02
2.706050393789230402e+00,4.598666141288961784e-01
2.619495750089952391e-01,5.000000000000000278e-02
5.000000000000000278e-02,5.000000000000000278e-02
5.000000000000000278e-02,5.315489432339918219e-01
2.250034627537742249e-01,5.000000000000000278e-02
5.000000000000000278e-02,2.106316863125450578e-01
5.000000000000000278e-02,6.746536866314560565e-02
5.000000000000000278e-02,1.449821779156685309e-01
5.000000000000000278e-02,2.583256093811025500e-01
5.000000000000000278e-02,5.000000000000000278e-02
5.000000000000000278e-02,5.000000000000000278e-02
5.000000000000000278e-02,5.000000000000000278e-02
5.000000000000000278e-02,5.000000000000000278e-02
5.000000000000000278e-02,5.000000000000000278e-02
5.000000000000000278e-02,5.000000000000000278e-02
5.000000000000000278e-02,5.000000000000000278e-02
5.000000000000000278e-02,5.000000000000000278e-02
5.000000000000000278e-02,5.000000000000000278e-02
5.000000000000000278e-02,5.000000000000000278e-02
5.000000000000000278e-02,4.122651871372687848e-01
5.000000000000000278e-02,5.000000000000000278e-02
5.000000000000000278e-02,5.000000000000000278e-02
5.000000000000000278e-02,5.533334626116044319e-01
5.000000000000000278e-02,5.000000000000000278e-02
5.000000000000000278e-02,5.000000000000000278e-02
5.000000000000000278e-02,7.319251296666483275e-02
5.000000000000000278e-02,2.838490423112329242e-01
5.604638097991867518e-01,5.000000000000000278e-02
5.000000000000000278e-02,5.000000000000000278e-02
5.000000000000000278e-02,5.000000000000000278e-02
5.000000000000000278e-02,5.000000000000000278e-02
5.000000000000000278e-02,5.000000000000000278e-02
5.000000000000000278e-02,5.000000000000000278e-02
5.000000000000000278e-02,7.735313429918505568e-01
7.967225541139466571e-01,5.000000000000000278e-02
5.000000000000000278e-02,5.000000000000000278e-02
5.000000000000000278e-02,5.000000000000000278e-02
5.000000000000000278e-02,5.000000000000000278e-02
5.000000000000000278e-02,5.000000000000000278e-02
5.000000000000000278e-02,9.551907111777110937e-02
5.000000000000000278e-02,9.309891730295735690e-02
5.000000000000000278e-02,7.411116718141902426e-02
5.000000000000000278e-02,1.703097634383890779e-01
5.000000000000000278e-02,5.000000000000000278e-02
7.741345389780525110e-01,5.000000000000000278e-02
5.000000000000000278e-02,5.000000000000000278e-02
5.000000000000000278e-02,5.000000000000000278e-02
3.632124140398962364e-01,5.000000000000000278e-02
5.000000000000000278e-02,5.000000000000000278e-02
5.000000000000000278e-02,5.000000000000000278e-02
5.000000000000000278e-02,1.141566421249186752e-01
3.577768453467331522e-01,5.070098599460343136e-01
5.000000000000000278e-02,5.000000000000000278e-02
5.000000000000000278e-02,5.000000000000000278e-02
5.000000000000000278e-02,6.559052337902476770e-02
5.000000000000000278e-02,5.138614448169775972e-01
5.000000000000000278e-02,5.000000000000000278e-02
5.000000000000000278e-02,5.000000000000000278e-02
6.104807510235468193e-01,5.000000000000000278e-02
5.000000000000000278e-02,5.000000000000000278e-02
5.000000000000000278e-02,5.000000000000000278e-02
5.000000000000000278e-02,4.647704074706150434e-01
5.000000000000000278e-02,5.000000000000000278e-02
5.000000000000000278e-02,5.000000000000000278e-02
5.000000000000000278e-02,5.000000000000000278e-02
5.000000000000000278e-02,5.000000000000000278e-02
5.000000000000000278e-02,5.000000000000000278e-02
2.821414009464179307e-01,5.000000000000000278e-02
5.000000000000000278e-02,3.735743736378919211e-01
5.000000000000000278e-02,5.000000000000000278e-02
5.000000000000000278e-02,5.000000000000000278e-02
4.566399824337196711e-01,4.194531946327324512e-01
5.000000000000000278e-02,5.000000000000000278e-02
5.000000000000000278e-02,5.000000000000000278e-02
2.031546146503583061e-01,5.000000000000000278e-02
5.000000000000000278e-02,5.000000000000000278e-02
5.000000000000000278e-02,5.130842281931449200e-01
5.000000000000000278e-02,5.000000000000000278e-02
2.458352365001770512e-01,5.000000000000000278e-02
2.680598562879634161e-01,3.355215116629170491e-01
5.000000000000000278e-02,5.000000000000000278e-02
5.000000000000000278e-02,5.000000000000000278e-02
5.000000000000000278e-02,5.000000000000000278e-02
7.479445358828584745e-02,5.000000000000000278e-02
2.684286835474723465e-01,5.000000000000000278e-02
5.000000000000000278e-02,5.000000000000000278e-02
4.003114218479859043e-01,5.000000000000000278e-02
5.000000000000000278e-02,5.000000000000000278e-02
5.000000000000000278e-02,5.000000000000000278e-02
6.698371382816148412e-01,5.000000000000000278e-02
5.000000000000000278e-02,5.000000000000000278e-02
5.000000000000000278e-02,5.000000000000000278e-02
5.000000000000000278e-02,5.000000000000000278e-02
5.000000000000000278e-02,5.000000000000000278e-02
5.000000000000000278e-02,1.127394915920463814e-01
4.319347874386231245e-01,1.573741042893826714e-01
5.000000000000000278e-02,5.000000000000000278e-02
5.000000000000000278e-02,4.221592744334636826e-01
5.366927866495440069e-01,5.000000000000000278e-02
5.000000000000000278e-02,5.000000000000000278e-02
5.000000000000000278e-02,5.000000000000000278e-02
5.000000000000000278e-02,5.000000000000000278e-02
5.000000000000000278e-02,5.000000000000000278e-02
5.000000000000000278e-02,5.000000000000000278e-02
5.000000000000000278e-02,5.000000000000000278e-02
5.000000000000000278e-02,5.000000000000000278e-02
6.195377646301596375e-01,5.000000000000000278e-02
5.000000000000000278e-02,5.000000000000000278e-02
1.975072458194561398e-01,5.000000000000000278e-02
2.490477691496339463e-01,5.000000000000000278e-02
5.000000000000000278e-02,5.813475069789704186e-01
5.000000000000000278e-02,5.000000000000000278e-02
6.711248399450999713e-01,5.000000000000000278e-02
5.000000000000000278e-02,5.000000000000000278e-02
5.000000000000000278e-02,5.000000000000000278e-02
5.000000000000000278e-02,5.000000000000000278e-02
5.000000000000000278e-02,4.715601175306160520e-01
5.000000000000000278e-02,5.000000000000000278e-02
4.150967876990092065e-01,5.000000000000000278e-02
5.000000000000000278e-02,5.000000000000000278e-02
1.195592553193013802e-01,5.000000000000000278e-02
2.299301657511296226e-01,5.000000000000000278e-02
5.000000000000000278e-02,5.000000000000000278e-02
5.000000000000000278e-02,5.000000000000000278e-02
5.000000000000000278e-02,5.000000000000000278e-02
5.000000000000000278e-02,1.340835295557798457e-01
5.000000000000000278e-02,5.000000000000000278e-02
5.000000000000000278e-02,5.000000000000000278e-02
5.000000000000000278e-02,5.935440824851424546e-01
5.000000000000000278e-02,5.000000000000000278e-02
5.452509409019917763e-01,5.000000000000000278e-02
5.000000000000000278e-02,5.000000000000000278e-02
5.000000000000000278e-02,5.000000000000000278e-02
5.000000000000000278e-02,5.000000000000000278e-02
1.664989084850093393e-01,5.000000000000000278e-02
5.028019621252417526e-01,5.000000000000000278e-02
5.000000000000000278e-02,5.000000000000000278e-02
5.000000000000000278e-02,5.000000000000000278e-02
5.000000000000000278e-02,5.000000000000000278e-02
6.591670332618007055e-01,5.000000000000000278e-02
5.000000000000000278e-02,5.000000000000000278e-02
5.000000000000000278e-02,5.000000000000000278e-02
3.241060231736279662e-01,5.000000000000000278e-02
5.544602527095383593e-01,5.000000000000000278e-02
5.000000000000000278e-02,5.460893497090038018e-01
5.000000000000000278e-02,5.000000000000000278e-02
1.341106934241742821e-01,5.000000000000000278e-02
3.114660575850289326e-01,1.884504413500784903e-01
5.000000000000000278e-02,5.000000000000000278e-02
5.000000000000000278e-02,5.000000000000000278e-02
5.394802752971942228e-01,5.000000000000000278e-02
5.000000000000000278e-02,2.744638870810958697e-01
5.000000000000000278e-02,5.000000000000000278e-02
5.000000000000000278e-02,5.000000000000000278e-02
5.000000000000000278e-02,5.736965866952630222e-01
5.000000000000000278e-02,5.000000000000000278e-02
4.944985071695549572e-01,5.000000000000000278e-02
5.000000000000000278e-02,5.000000000000000278e-02
5.000000000000000278e-02,5.000000000000000278e-02
5.000000000000000278e-02,5.000000000000000278e-02
6.006195900615374228e-01,6.734836223918868603e-01
5.000000000000000278e-02,5.000000000000000278e-02
5.000000000000000278e-02,5.000000000000000278e-02
5.000000000000000278e-02,4.994205307128011806e-01
5.000000000000000278e-02,5.000000000000000278e-02
5.000000000000000278e-02,5.000000000000000278e-02
5.000000000000000278e-02,5.000000000000000278e-02
5.000000000000000278e-02,5.000000000000000278e-02
5.000000000000000278e-02,5.000000000000000278e-02
6.109735213372091689e-01,5.000000000000000278e-02
5.000000000000000278e-02,5.000000000000000278e-02
3.481185115574172428e-01,5.000000000000000278e-02
5.000000000000000278e-02,5.000000000000000278e-02
5.000000000000000278e-02,5.000000000000000278e-02
2.423056735350607171e-01,5.000000000000000278e-02
5.000000000000000278e-02,5.000000000000000278e-02
5.000000000000000278e-02,5.000000000000000278e-02
5.000000000000000278e-02,5.000000000000000278e-02
5.000000000000000278e-02,5.000000000000000278e-02
5.000000000000000278e-02,5.000000000000000278e-02
5.000000000000000278e-02,5.000000000000000278e-02
3.206398776925606930e-01,5.000000000000000278e-02
5.000000000000000278e-02,3.931719309401512930e-01
5.000000000000000278e-02,4.133023853471849418e-01
5.000000000000000278e-02,5.000000000000000278e-02
5.000000000000000278e-02,5.000000000000000278e-02
5.000000000000000278e-02,5.000000000000000278e-02
2.660822409802434119e-01,5.000000000000000278e-02
5.000000000000000278e-02,7.102779206689697755e-01
5.000000000000000278e-02,5.000000000000000278e-02
5.000000000000000278e-02,5.000000000000000278e-02
5.000000000000000278e-02,5.000000000000000278e-02
5.000000000000000278e-02,5.000000000000000278e-02
5.000000000000000278e-02,5.000000000000000278e-02
5.000000000000000278e-02,5.000000000000000278e-02
4.795168940856610051e-01,5.000000000000000278e-02
5.676696050468124088e-01,5.000000000000000278e-02
5.000000000000000278e-02,5.000000000000000278e-02
5.000000000000000278e-02,5.000000000000000278e-02
1.835162147121193466e-01,5.000000000000000278e-02
1.615082784936667237e-01,5.000000000000000278e-02
3.503680331895718258e-01,5.000000000000000278e-02
5.000000000000000278e-02,5.000000000000000278e-02
5.000000000000000278e-02,3.607044051821818864e-01
5.978165269043095309e-01,5.000000000000000278e-02
5.000000000000000278e-02,5.000000000000000278e-02
5.000000000000000278e-02,5.000000000000000278e-02
5.370035514111141106e-01,5.000000000000000278e-02
3.851162220401537217e-01,5.000000000000000278e-02
5.000000000000000278e-02,5.000000000000000278e-02
5.000000000000000278e-02,5.000000000000000278e-02
5.000000000000000278e-02,5.000000000000000278e-02
5.000000000000000278e-02,5.000000000000000278e-02
6.493920804456204676e-01,5.000000000000000278e-02
5.000000000000000278e-02,3.421266936990318697e-01
5.000000000000000278e-02,5.000000000000000278e-02
5.000000000000000278e-02,5.000000000000000278e-02
5.000000000000000278e-02,5.000000000000000278e-02
5.000000000000000278e-02,5.000000000000000278e-02
5.000000000000000278e-02,5.000000000000000278e-02
5.000000000000000278e-02,5.000000000000000278e-02
5.000000000000000278e-02,5.000000000000000278e-02
5.000000000000000278e-02,5.000000000000000278e-02
5.000000000000000278e-02,5.000000000000000278e-02
5.000000000000000278e-02,5.000000000000000278e-02
5.000000000000000278e-02,5.000000000000000278e-02
5.000000000000000278e-02,5.000000000000000278e-02
5.000000000000000278e-02,5.000000000000000278e-02
5.000000000000000278e-02,5.000000000000000278e-02
5.885876802903390326e-01,5.000000000000000278e-02
5.000000000000000278e-02,5.000000000000000278e-02
5.000000000000000278e-02,5.000000000000000278e-02
2.789087777501758070e-01,5.697816219111057068e-01
5.000000000000000278e-02,5.000000000000000278e-02
3.517254792966648669e-01,5.000000000000000278e-02
5.000000000000000278e-02,1.869291774197175682e-01
5.000000000000000278e-02,8.911928527655849086e-02
5.000000000000000278e-02,5.000000000000000278e-02
5.000000000000000278e-02,5.000000000000000278e-02
5.000000000000000278e-02,6.099237575428871905e-01
5.000000000000000278e-02,5.000000000000000278e-02
2.341339346771408314e-01,5.000000000000000278e-02
1.554846275376689513e-01,5.000000000000000278e-02
5.000000000000000278e-02,5.000000000000000278e-02
5.000000000000000278e-02,3.435454526393251218e-01
8.613268347916119838e-02,4.945157819851532799e-01
6.047199797847150338e-01,5.000000000000000278e-02
5.000000000000000278e-02,5.000000000000000278e-02
5.000000000000000278e-02,5.000000000000000278e-02
5.000000000000000278e-02,5.000000000000000278e-02
5.000000000000000278e-02,5.000000000000000278e-02
5.000000000000000278e-02,5.000000000000000278e-02
3.576074012835888105e-01,5.000000000000000278e-02
2.202585106365796130e-01,6.448955654545344973e-02
5.000000000000000278e-02,4.989587799337592000e-01
5.000000000000000278e-02,5.000000000000000278e-02
5.000000000000000278e-02,5.000000000000000278e-02
5.431273134716332329e-01,5.000000000000000278e-02
5.000000000000000278e-02,5.000000000000000278e-02
5.000000000000000278e-02,5.000000000000000278e-02
7.998143012097948257e-02,5.468523780816638702e-01
3.110926461077630489e-01,5.000000000000000278e-02
5.000000000000000278e-02,5.000000000000000278e-02
5.000000000000000278e-02,5.000000000000000278e-02
5.000000000000000278e-02,5.000000000000000278e-02
7.710353024708234138e-01,5.000000000000000278e-02
5.000000000000000278e-02,2.376575621588560561e-01
5.000000000000000278e-02,5.000000000000000278e-02
2.027437333292713972e-01,5.000000000000000278e-02
1.295609399564795206e-01,5.000000000000000278e-02
5.000000000000000278e-02,5.000000000000000278e-02
5.000000000000000278e-02,5.000000000000000278e-02
5.000000000000000278e-02,5.000000000000000278e-02
5.000000000000000278e-02,5.000000000000000278e-02
5.000000000000000278e-02,5.000000000000000278e-02
5.000000000000000278e-02,5.000000000000000278e-02
5.000000000000000278e-02,5.000000000000000278e-02
5.000000000000000278e-02,5.000000000000000278e-02
5.000000000000000278e-02,5.000000000000000278e-02
5.000000000000000278e-02,5.000000000000000278e-02
5.000000000000000278e-02,5.000000000000000278e-02
5.000000000000000278e-02,3.694685490275352868e-01
5.000000000000000278e-02,4.061386379747879971e-01
5.000000000000000278e-02,5.000000000000000278e-02
2.955572455780988150e-01,5.000000000000000278e-02
5.000000000000000278e-02,6.491415437655813081e-01
5.000000000000000278e-02,5.000000000000000278e-02
5.000000000000000278e-02,5.000000000000000278e-02
6.794441563048702060e-01,5.000000000000000278e-02
5.000000000000000278e-02,5.000000000000000278e-02
5.000000000000000278e-02,5.000000000000000278e-02
5.000000000000000278e-02,5.000000000000000278e-02
5.000000000000000278e-02,4.623684132335014740e-01
5.000000000000000278e-02,5.000000000000000278e-02
5.000000000000000278e-02,5.000000000000000278e-02
9.250829954755675211e-02,5.000000000000000278e-02
1.935687643266936209e-01,5.000000000000000278e-02
7.874967275054061133e-01,5.000000000000000278e-02
5.000000000000000278e-02,5.000000000000000278e-02
5.000000000000000278e-02,5.000000000000000278e-02
6.866567565807254470e-01,2.834329622325071907e-01
5.000000000000000278e-02,5.000000000000000278e-02
5.000000000000000278e-02,5.000000000000000278e-02
5.000000000000000278e-02,6.450174326416565629e-01
5.000000000000000278e-02,4.577937636797841936e-01
5.000000000000000278e-02,5.000000000000000278e-02
5.000000000000000278e-02,5.000000000000000278e-02
5.000000000000000278e-02,5.000000000000000278e-02
5.474862511849720725e-02,5.000000000000000278e-02
4.994882538393748406e-01,5.000000000000000278e-02
4.666205858379505189e-01,5.000000000000000278e-02
5.000000000000000278e-02,5.000000000000000278e-02
5.000000000000000278e-02,5.000000000000000278e-02
6.415797111569875311e-01,5.000000000000000278e-02
5.000000000000000278e-02,5.000000000000000278e-02
5.000000000000000278e-02,3.623802581090590502e-01
5.000000000000000278e-02,5.000000000000000278e-02
5.000000000000000278e-02,5.000000000000000278e-02
3.364732913178630769e-01,5.000000000000000278e-02
5.000000000000000278e-02,5.000000000000000278e-02
5.000000000000000278e-02,4.734120939128733663e-01
1.511958319900852943e-01,5.000000000000000278e-02
7.288978413982438731e-01,5.000000000000000278e-02
5.000000000000000278e-02,5.000000000000000278e-02
5.000000000000000278e-02,5.000000000000000278e-02
5.000000000000000278e-02,5.000000000000000278e-02
5.000000000000000278e-02,5.000000000000000278e-02
5.000000000000000278e-02,5.000000000000000278e-02
1.447520413284482665e-01,5.000000000000000278e-02
2.125476204814753800e-01,5.000000000000000278e-02
5.000000000000000278e-02,5.000000000000000278e-02
5.000000000000000278e-02,5.000000000000000278e-02
5.000000000000000278e-02,5.000000000000000278e-02
9.860439207794448324e-02,5.000000000000000278e-02
2.062201955888096627e-01,5.000000000000000278e-02
7.716254493987060314e-01,5.000000000000000278e-02
5.000000000000000278e-02,5.951191159845666823e-01
5.000000000000000278e-02,5.000000000000000278e-02
5.000000000000000278e-02,5.454976634640593680e-01
5.000000000000000278e-02,5.000000000000000278e-02
5.477461467064506095e-01,5.000000000000000278e-02
5.000000000000000278e-02,8.947591163182046226e-02
5.000000000000000278e-02,4.998017487849156781e-01
5.408933905446029478e-01,5.000000000000000278e-02
5.000000000000000278e-02,5.000000000000000278e-02
5.000000000000000278e-02,3.517003958434442024e-01
1.057184949330965962e-01,5.000000000000000278e-02
2.917150779685808160e-01,5.000000000000000278e-02
5.000000000000000278e-02,4.045093592407734695e-01
5.000000000000000278e-02,4.415698613966835273e-01
5.000000000000000278e-02,5.000000000000000278e-02
1.515127363054892713e-02,5.000000000000000278e-02
5.000000000000000278e-02,5.000000000000000278e-02
5.000000000000000278e-02,5.000000000000000278e-02
1.776707564097674552e-01,5.000000000000000278e-02
1.586434059049968148e-01,5.000000000000000278e-02
7.166651551189535674e-01,5.000000000000000278e-02
5.000000000000000278e-02,5.000000000000000278e-02
5.000000000000000278e-02,5.000000000000000278e-02
5.000000000000000278e-02,5.000000000000000278e-02
5.000000000000000278e-02,5.000000000000000278e-02
5.000000000000000278e-02,5.000000000000000278e-02
6.974087576393814825e-01,5.000000000000000278e-02
5.000000000000000278e-02,5.000000000000000278e-02
5.000000000000000278e-02,6.545508536774856390e-02
5.000000000000000278e-02,6.752344475602365392e-01
5.000000000000000278e-02,5.000000000000000278e-02
2.258489385424037876e-01,5.000000000000000278e-02
7.363112900175907694e-01,5.000000000000000278e-02
5.000000000000000278e-02,5.000000000000000278e-02
5.000000000000000278e-02,5.145110763292081169e-01
5.000000000000000278e-02,5.000000000000000278e-02
5.000000000000000278e-02,2.356030103940752463e-01
5.000000000000000278e-02,5.205048312398572463e-01
1.757347140873871949e-01,2.672257662792175137e-01
3.808038894489935711e-01,5.000000000000000278e-02
5.000000000000000278e-02,5.000000000000000278e-02
4.374824875909328892e-01,5.000000000000000278e-02
5.000000000000000278e-02,5.000000000000000278e-02
5.000000000000000278e-02,5.000000000000000278e-02
5.000000000000000278e-02,5.000000000000000278e-02
5.000000000000000278e-02,5.000000000000000278e-02
5.000000000000000278e-02,5.000000000000000278e-02
5.000000000000000278e-02,5.000000000000000278e-02
5.000000000000000278e-02,5.000000000000000278e-02
5.000000000000000278e-02,5.000000000000000278e-02
3.374556404547037203e-01,5.000000000000000278e-02
5.000000000000000278e-02,5.000000000000000278e-02
1.561571159963113242e-01,5.000000000000000278e-02
5.000000000000000278e-02,5.000000000000000278e-02
5.000000000000000278e-02,5.000000000000000278e-02
5.264377847694946544e-01,5.000000000000000278e-02
5.000000000000000278e-02,5.000000000000000278e-02
5.000000000000000278e-02,5.000000000000000278e-02
5.000000000000000278e-02,5.630572446302620770e-01
4.420716538007760099e-01,4.066965993733321905e-01
5.000000000000000278e-02,4.533569584260441210e-01
5.000000000000000278e-02,5.000000000000000278e-02
5.000000000000000278e-02,5.901109764306861072e-01
5.000000000000000278e-02,5.000000000000000278e-02
5.000000000000000278e-02,5.000000000000000278e-02
5.000000000000000278e-02,5.000000000000000278e-02
5.000000000000000278e-02,5.000000000000000278e-02
5.000000000000000278e-02,5.000000000000000278e-02
5.000000000000000278e-02,5.000000000000000278e-02
5.000000000000000278e-02,5.000000000000000278e-02
5.000000000000000278e-02,5.000000000000000278e-02
5.000000000000000278e-02,5.000000000000000278e-02
5.000000000000000278e-02,5.000000000000000278e-02
5.000000000000000278e-02,6.522934093998793426e-01
5.000000000000000278e-02,1.517504940633471189e-01
5.000000000000000278e-02,6.614164488141918152e-01
5.000000000000000278e-02,5.184932973013582913e-01
5.000000000000000278e-02,3.975568533049476105e-01
5.000000000000000278e-02,5.000000000000000278e-02
5.000000000000000278e-02,5.000000000000000278e-02
5.000000000000000278e-02,5.000000000000000278e-02
5.000000000000000278e-02,5.000000000000000278e-02
5.000000000000000278e-02,5.000000000000000278e-02
5.000000000000000278e-02,5.000000000000000278e-02
5.000000000000000278e-02,5.000000000000000278e-02
5.000000000000000278e-02,5.044059940529760366e-01
5.000000000000000278e-02,3.515912826033082972e-01
4.838245621526928164e-01,5.000000000000000278e-02
5.000000000000000278e-02,5.000000000000000278e-02
5.000000000000000278e-02,5.000000000000000278e-02
5.337556371369273078e-01,5.000000000000000278e-02
5.000000000000000278e-02,5.000000000000000278e-02
7.102272294692422161e-01,5.000000000000000278e-02
5.000000000000000278e-02,5.000000000000000278e-02
5.000000000000000278e-02,5.000000000000000278e-02
5.000000000000000278e-02,5.000000000000000278e-02
5.000000000000000278e-02,5.000000000000000278e-02
5.000000000000000278e-02,2.416728269845929422e-01
6.134979982718212765e-01,5.000000000000000278e-02
5.000000000000000278e-02,5.000000000000000278e-02
5.000000000000000278e-02,6.005717376168616672e-01
6.199362539344814849e-01,5.000000000000000278e-02
5.000000000000000278e-02,5.000000000000000278e-02
5.000000000000000278e-02,5.000000000000000278e-02
5.000000000000000278e-02,5.000000000000000278e-02
5.000000000000000278e-02,5.000000000000000278e-02
5.000000000000000278e-02,5.000000000000000278e-02
5.000000000000000278e-02,5.344475733392691774e-01
5.000000000000000278e-02,4.494523217465665743e-01
5.000000000000000278e-02,5.000000000000000278e-02
5.000000000000000278e-02,5.000000000000000278e-02
5.000000000000000278e-02,5.000000000000000278e-02
5.709512085882271354e-02,4.316948179216778536e-01
3.945998941220215661e-01,5.000000000000000278e-02
5.000000000000000278e-02,5.000000000000000278e-02
5.000000000000000278e-02,5.000000000000000278e-02
5.000000000000000278e-02,5.000000000000000278e-02
5.000000000000000278e-02,1.818422272065003675e-01
5.000000000000000278e-02,5.000000000000000278e-02
5.000000000000000278e-02,4.782568019488924183e-01
5.000000000000000278e-02,5.000000000000000278e-02
5.000000000000000278e-02,5.000000000000000278e-02
5.000000000000000278e-02,5.388120090675817542e-01
5.000000000000000278e-02,5.000000000000000278e-02
5.000000000000000278e-02,4.950266500085208077e-01
5.000000000000000278e-02,5.000000000000000278e-02
5.000000000000000278e-02,5.000000000000000278e-02
5.000000000000000278e-02,5.000000000000000278e-02
1.324212499809826471e-01,5.000000000000000278e-02
4.742784217109912159e-01,5.000000000000000278e-02
5.000000000000000278e-02,5.000000000000000278e-02
5.000000000000000278e-02,5.000000000000000278e-02
5.015066397587186753e-01,4.116090993974289569e-01
5.000000000000000278e-02,3.740457623390114339e-01
5.000000000000000278e-02,5.000000000000000278e-02
5.000000000000000278e-02,5.000000000000000278e-02
1.341912164507975957e-01,5.000000000000000278e-02
6.038102680599166661e-01,5.256709125152536632e-01
3.950473923518572072e-01,5.000000000000000278e-02
5.000000000000000278e-02,5.000000000000000278e-02
5.000000000000000278e-02,5.000000000000000278e-02
5.000000000000000278e-02,5.000000000000000278e-02
5.000000000000000278e-02,5.000000000000000278e-02
5.000000000000000278e-02,4.395608664631279749e-01
5.000000000000000278e-02,5.000000000000000278e-02
5.000000000000000278e-02,5.000000000000000278e-02
6.654375701223564921e-01,5.000000000000000278e-02
5.000000000000000278e-02,5.000000000000000278e-02
5.000000000000000278e-02,5.000000000000000278e-02
3.491643089479256612e-01,5.000000000000000278e-02
5.551286511963651193e-01,5.000000000000000278e-02
5.627022240468892988e-01,5.000000000000000278e-02
5.000000000000000278e-02,5.000000000000000278e-02
5.000000000000000278e-02,5.000000000000000278e-02
5.000000000000000278e-02,5.000000000000000278e-02
5.000000000000000278e-02,5.000000000000000278e-02
5.000000000000000278e-02,5.000000000000000278e-02
5.000000000000000278e-02,5.000000000000000278e-02
5.432493798141863062e-01,5.000000000000000278e-02
5.000000000000000278e-02,5.000000000000000278e-02
5.000000000000000278e-02,5.000000000000000278e-02
5.000000000000000278e-02,5.000000000000000278e-02
5.000000000000000278e-02,6.889938068919870817e-01
5.000000000000000278e-02,1.250375440071955779e-01
7.790301590104091456e-02,5.000000000000000278e-02
4.896426550844675818e-01,5.000000000000000278e-02
5.000000000000000278e-02,5.000000000000000278e-02
5.000000000000000278e-02,5.000000000000000278e-02
5.000000000000000278e-02,5.000000000000000278e-02
5.439220278885994464e-01,5.000000000000000278e-02
5.000000000000000278e-02,5.000000000000000278e-02
5.000000000000000278e-02,5.000000000000000278e-02
5.000000000000000278e-02,5.000000000000000278e-02
5.000000000000000278e-02,5.000000000000000278e-02
5.000000000000000278e-02,1.476503004353140747e-01
3.063451882969076556e-01,5.000000000000000278e-02
5.000000000000000278e-02,5.000000000000000278e-02
5.191350399432133056e-01,5.880687183376385185e-01
4.185653182779476844e-01,5.000000000000000278e-02
5.000000000000000278e-02,5.000000000000000278e-02
6.229414123908909584e-01,5.000000000000000278e-02
5.000000000000000278e-02,5.000000000000000278e-02
5.000000000000000278e-02,5.000000000000000278e-02
5.000000000000000278e-02,1.927165374280383203e-01
5.000000000000000278e-02,3.495542317573974156e-01
5.000000000000000278e-02,5.000000000000000278e-02
3.066141686296765534e-01,5.000000000000000278e-02
5.000000000000000278e-02,4.577769403422180527e-01
5.000000000000000278e-02,5.000000000000000278e-02
5.000000000000000278e-02,5.000000000000000278e-02
5.000000000000000278e-02,5.000000000000000278e-02
5.000000000000000278e-02,5.000000000000000278e-02
5.983359608614757796e-01,5.000000000000000278e-02
4.758095433415426290e-01,5.000000000000000278e-02
5.000000000000000278e-02,5.000000000000000278e-02
5.000000000000000278e-02,5.000000000000000278e-02
5.000000000000000278e-02,5.000000000000000278e-02
5.000000000000000278e-02,4.558644574851867248e-01
3.024248167477669447e-01,5.000000000000000278e-02
5.000000000000000278e-02,5.000000000000000278e-02
5.000000000000000278e-02,5.000000000000000278e-02
5.000000000000000278e-02,5.000000000000000278e-02
5.000000000000000278e-02,5.000000000000000278e-02
5.000000000000000278e-02,5.000000000000000278e-02
5.000000000000000278e-02,5.486022287116120166e-01
5.000000000000000278e-02,5.000000000000000278e-02
1.965549322679675803e-01,5.000000000000000278e-02
5.000000000000000278e-02,4.218807023167154280e-01
5.000000000000000278e-02,5.000000000000000278e-02
5.000000000000000278e-02,5.000000000000000278e-02
5.000000000000000278e-02,5.000000000000000278e-02
5.000000000000000278e-02,5.000000000000000278e-02
5.000000000000000278e-02,5.000000000000000278e-02
5.000000000000000278e-02,3.878467748836320617e-01
5.000000000000000278e-02,5.109192410547760410e-01
5.000000000000000278e-02,5.000000000000000278e-02
5.000000000000000278e-02,5.000000000000000278e-02
5.000000000000000278e-02,5.000000000000000278e-02
5.000000000000000278e-02,5.000000000000000278e-02
5.000000000000000278e-02,5.000000000000000278e-02
5.000000000000000278e-02,5.000000000000000278e-02
5.000000000000000278e-02,4.871893880681746891e-01
1.751076639584900618e-01,5.000000000000000278e-02
3.263722679694643358e-01,2.829249438528805838e-01
5.000000000000000278e-02,2.854743965616055035e-01
5.000000000000000278e-02,5.000000000000000278e-02
5.995301738523862722e-01,5.000000000000000278e-02
5.000000000000000278e-02,5.000000000000000278e-02
5.000000000000000278e-02,5.000000000000000278e-02
3.220314115932824128e-01,2.695439663520302065e-01
5.000000000000000278e-02,3.068500891682319764e-01
5.000000000000000278e-02,2.137253939465588726e-01
2.937856700984661229e-01,5.219001881713987157e-01
4.159165751221339247e-01,5.000000000000000278e-02
5.000000000000000278e-02,5.000000000000000278e-02
5.000000000000000278e-02,5.000000000000000278e-02
5.000000000000000278e-02,5.000000000000000278e-02
5.000000000000000278e-02,5.000000000000000278e-02
5.000000000000000278e-02,5.000000000000000278e-02
5.000000000000000278e-02,5.000000000000000278e-02
5.000000000000000278e-02,5.000000000000000278e-02
5.000000000000000278e-02,5.000000000000000278e-02
5.000000000000000278e-02,5.000000000000000278e-02
5.000000000000000278e-02,5.000000000000000278e-02
5.000000000000000278e-02,5.000000000000000278e-02
5.000000000000000278e-02,5.000000000000000278e-02
5.000000000000000278e-02,5.000000000000000278e-02
5.000000000000000278e-02,6.175545858846980263e-01
4.658787432437465625e-01,9.272325597104810746e-02
5.000000000000000278e-02,7.156010784809812009e-01
5.000000000000000278e-02,5.000000000000000278e-02
5.000000000000000278e-02,5.000000000000000278e-02
5.000000000000000278e-02,5.000000000000000278e-02
5.000000000000000278e-02,5.000000000000000278e-02
5.000000000000000278e-02,5.000000000000000278e-02
5.000000000000000278e-02,5.000000000000000278e-02
5.000000000000000278e-02,5.000000000000000278e-02
5.000000000000000278e-02,5.000000000000000278e-02
2.697599352865586719e-01,5.000000000000000278e-02
7.635724560400191097e-01,4.594932832813986567e-01
5.000000000000000278e-02,5.000000000000000278e-02
5.000000000000000278e-02,1.068827425963389532e-01
5.000000000000000278e-02,7.045365502871541175e-01
5.000000000000000278e-02,5.000000000000000278e-02
5.000000000000000278e-02,5.000000000000000278e-02
5.000000000000000278e-02,5.000000000000000278e-02
5.000000000000000278e-02,5.000000000000000278e-02
5.000000000000000278e-02,5.000000000000000278e-02
5.000000000000000278e-02,5.000000000000000278e-02
5.000000000000000278e-02,5.000000000000000278e-02
5.000000000000000278e-02,5.000000000000000278e-02
5.000000000000000278e-02,5.000000000000000278e-02
5.000000000000000278e-02,5.000000000000000278e-02
5.000000000000000278e-02,3.257160256332553017e-01
5.000000000000000278e-02,6.698643681670746197e-01
5.000000000000000278e-02,4.456419869373659526e-01
5.000000000000000278e-02,5.000000000000000278e-02
5.000000000000000278e-02,5.000000000000000278e-02
5.000000000000000278e-02,5.000000000000000278e-02
5.000000000000000278e-02,5.000000000000000278e-02
5.000000000000000278e-02,5.000000000000000278e-02
5.000000000000000278e-02,5.000000000000000278e-02
5.000000000000000278e-02,5.000000000000000278e-02
5.000000000000000278e-02,5.000000000000000278e-02
5.000000000000000278e-02,6.530705950352397871e-01
5.000000000000000278e-02,5.000000000000000278e-02
5.000000000000000278e-02,5.000000000000000278e-02
5.000000000000000278e-02,5.000000000000000278e-02
5.000000000000000278e-02,5.000000000000000278e-02
5.000000000000000278e-02,5.000000000000000278e-02
5.000000000000000278e-02,5.000000000000000278e-02
5.000000000000000278e-02,5.000000000000000278e-02
5.000000000000000278e-02,5.000000000000000278e-02
5.000000000000000278e-02,5.000000000000000278e-02
5.000000000000000278e-02,5.000000000000000278e-02
5.000000000000000278e-02,5.000000000000000278e-02
4.954393866897535692e-01,5.000000000000000278e-02
5.000000000000000278e-02,5.000000000000000278e-02
5.000000000000000278e-02,5.000000000000000278e-02
5.000000000000000278e-02,5.422423835572498518e-01
5.000000000000000278e-02,5.000000000000000278e-02
5.000000000000000278e-02,5.000000000000000278e-02
5.000000000000000278e-02,5.000000000000000278e-02
5.000000000000000278e-02,5.000000000000000278e-02
5.000000000000000278e-02,5.000000000000000278e-02
5.000000000000000278e-02,5.000000000000000278e-02
5.000000000000000278e-02,5.000000000000000278e-02
5.000000000000000278e-02,5.000000000000000278e-02
5.000000000000000278e-02,9.637712748266538676e-02
5.000000000000000278e-02,2.749930668651487942e-01
