# error_dp, error_pinn
4.397326166483091214e-02,4.574446591763859510e-02
4.218095758810749829e-02,4.218184472731875689e-02
4.218034654549341483e-02,4.218034661762816440e-02
4.218034688205020422e-02,4.218034654386680626e-02
4.218036407880056821e-02,4.218034645104485475e-02
4.218050613446259339e-02,4.218034642097819031e-02
6.248971416537937168e-02,4.218034667218316380e-02
5.785150228857507959e-02,4.218034787741868630e-02
1.754218971540820460e-02,4.218035207406846399e-02
1.048171396386817986e-02,4.218036577224475170e-02
1.027051518673972874e-02,4.218041459087799872e-02
5.834981088839512504e-03,4.218478161918829544e-02
4.143992732674433264e-03,1.772707233782408812e-02
2.688906208007893050e-03,1.763652725052530790e-02
9.531000661438537597e-04,1.250149124791978712e-02
9.681673765613771614e-04,1.089697913596657762e-02
1.168980152260391597e-03,9.053541385292549620e-03
1.846269227766432442e-03,8.593000578419692295e-03
3.497449525937978195e-03,8.468142317472962532e-03
5.264172140632532651e-03,9.418709520070213392e-03
6.273626012902591351e-03,8.164092703664672934e-03
6.368732933927314169e-03,8.064325075542576327e-03
6.048525247500766318e-03,8.078835964136450720e-03
4.116635896083885478e-03,7.830198367875119275e-03
4.068808869174289113e-03,7.043660639833892664e-03
4.036323114514497358e-03,5.768096177789790169e-03
3.989262153453951298e-03,4.813397769205265096e-03
3.936708348866224672e-03,3.422410914025636290e-03
3.909045618454634607e-03,1.609371710224927112e-03
4.008505567814041326e-03,7.250336850301334572e-04
4.521310778332987210e-03,6.481411017954391302e-04
5.912469614620317372e-03,6.871055154884010176e-04
6.337836931080740623e-03,6.571221712774507739e-04
6.503661551891612262e-03,7.308072251967597703e-04
7.068708700435118696e-03,1.480598178918451089e-03
7.272696136928081222e-03,1.486373471149494887e-03
7.111806183268287729e-03,1.445557850053307133e-03
7.061376527159598376e-03,1.389290279623774929e-03
6.892483683601489247e-03,1.473798723611232904e-03
6.564830079068174548e-03,1.844207464618046995e-03
5.904755568559226855e-03,2.586434736122882570e-03
5.266720146216670624e-03,3.692765572297121782e-03
4.436293870161918222e-03,5.075765858416569909e-03
3.983249872697574266e-03,6.148350930139538650e-03
3.634661657720712497e-03,7.725137932970944400e-03
3.493136288483705658e-03,1.201573781356180502e-02
3.506760516598187230e-03,1.249384408738941736e-02
3.490799241943234703e-03,1.552282760157954779e-02
3.433885509685641584e-03,1.540496210286549338e-02
3.373670863054553659e-03,1.531006697041356959e-02
3.216450531361900265e-03,1.651145387419287319e-02
2.461905466384435755e-03,1.683133407975925463e-02
1.513834828514535767e-03,1.758443961540593486e-02
8.730926447736072358e-04,1.835748995330252140e-02
5.600139581541700934e-04,1.857962587648984837e-02
6.506921400644420563e-04,1.879367927968201776e-02
1.861121490714253118e-04,1.885262278235072184e-02
7.926786627514554164e-05,1.884345038999015245e-02
9.582920378395225777e-05,1.916922854656201089e-02
2.674809332397215652e-04,2.269326513861575842e-02
2.907179682769938105e-04,2.215827646295941492e-02
3.124825803664417478e-04,2.291132474706797373e-02
3.276107930449686590e-04,2.342762595517093246e-02
3.373551817651906383e-04,2.400278903748240267e-02
3.376889614488760220e-04,2.363974478128248041e-02
3.340562163162496363e-04,2.301814120647498185e-02
3.324565844967711497e-04,2.338010627459571195e-02
3.316442543165135657e-04,2.330446032890650179e-02
3.304349971469165790e-04,2.284606737742372537e-02
3.286386930976468415e-04,2.282497270263716266e-02
3.269555509686381477e-04,2.273739046037492537e-02
3.240870711907990536e-04,2.266057015468608826e-02
3.190928993633640963e-04,2.264671812140226642e-02
3.081159017710850237e-04,2.263855157393723089e-02
2.832877958367881937e-04,2.263340722072289604e-02
2.251351822774687046e-04,2.263843735888461384e-02
1.032616756002546272e-04,2.265426221003278423e-02
1.912553684146183223e-04,2.268834807658484665e-02
4.384485049066766090e-04,2.274320071380483976e-02
7.709959513012911185e-04,2.278064022094534666e-02
1.002951401454080889e-03,2.264868917172591090e-02
1.057390955075610244e-03,2.317950910100000442e-02
1.206755522113727363e-03,2.368445106352270318e-02
1.452186249400108480e-03,2.422283463305040935e-02
1.476562962907685718e-03,2.488372636856739373e-02
1.585706985570374756e-03,2.464364016724967382e-02
1.749029299163048102e-03,2.451791266157011054e-02
1.799136441133504516e-03,2.433573205426596553e-02
1.816449324990159495e-03,2.421048307409823588e-02
1.839012833761991201e-03,2.404792802570454927e-02
1.830902765060414246e-03,2.390714777883591255e-02
1.824783351558243848e-03,2.382366877420005746e-02
1.822519582516947097e-03,2.381691241565619607e-02
1.819355165340831668e-03,2.381492275171471704e-02
1.816762188935492229e-03,2.382116620434517745e-02
1.813643611436329284e-03,2.380307083399832088e-02
1.809771183511697541e-03,2.370838401301289880e-02
1.805483956787777566e-03,2.333027594777011340e-02
1.802530610785557435e-03,2.332382075804082661e-02
1.807184575062298869e-03,2.309738715308289406e-02
1.836699938640212661e-03,2.301715109296242553e-02
1.930053556174005222e-03,2.300999835950689673e-02
2.106215848842705584e-03,2.303015303212214634e-02
2.154196471526832919e-03,2.306280528699746618e-02
2.405359202342419438e-03,2.313099469569200942e-02
2.358939348463489835e-03,2.313048513236845224e-02
2.429364176759733415e-03,2.314589663578788328e-02
2.498443628389013065e-03,2.314840236570394477e-02
2.510521897511607935e-03,2.314366772172098130e-02
2.541332540797251478e-03,2.313411130805021962e-02
2.589026981182800287e-03,2.309820531511067726e-02
2.665043899185637593e-03,2.303012411170714951e-02
2.706402980909445363e-03,2.291281606672145726e-02
2.729592602203022127e-03,2.264483115881348735e-02
2.738076224561415348e-03,2.212200647232447082e-02
2.750081764980311441e-03,2.148689286138903351e-02
2.764553867154780596e-03,2.034545224322680326e-02
2.803215369978462757e-03,1.960431895762967947e-02
2.868721530463512817e-03,1.902238702857803401e-02
2.979408705784252452e-03,1.839709036292692251e-02
3.128103980856576215e-03,1.794258024877701599e-02
3.173996176001169910e-03,1.740448279693132191e-02
3.299645167534147935e-03,1.713450003246445863e-02
3.173075391157185662e-03,1.692422993075110710e-02
3.072882345100383470e-03,1.658320668442521753e-02
3.113054070601262765e-03,1.617653101264309931e-02
3.027912125579760791e-03,1.529789978841205808e-02
2.954638658961156791e-03,1.544479185626647551e-02
2.825594439267295997e-03,1.516953141363615136e-02
2.718699145090468922e-03,1.374962033120359119e-02
2.584553407179535165e-03,1.440686349226532985e-02
2.448790359333776010e-03,1.404237731903791239e-02
2.195776839634010300e-03,1.386808477272455722e-02
2.054602263473995650e-03,1.319683912939574426e-02
2.023737231349208299e-03,1.341133171527155755e-02
1.829026798690376295e-03,1.333777028124262520e-02
1.874610834469569911e-03,1.275786412935820541e-02
1.821153652842581261e-03,1.281915994949984518e-02
1.693790690897230191e-03,1.269722193068634902e-02
1.655486838528079287e-03,1.261185067667987790e-02
1.619483067893050243e-03,1.249120293941240363e-02
1.604338715114252394e-03,1.244326132036066394e-02
1.596851120437381031e-03,1.234010501735801138e-02
1.583395000733622826e-03,1.211703056667499251e-02
1.569394225167645160e-03,1.185269597344264583e-02
1.541836858100906508e-03,1.177266761087430655e-02
1.502872166835178417e-03,1.166247122357696661e-02
1.453385196607011884e-03,1.131835620561190414e-02
1.424512635103192433e-03,1.089638581804807001e-02
1.428681897342440376e-03,9.928153552586934869e-03
1.441151358960848783e-03,9.802087090730722541e-03
1.448421924034488115e-03,8.817813260312419923e-03
1.457701339502997812e-03,8.911605755316433924e-03
1.468843384037339314e-03,8.558392251217683544e-03
1.484689604837602503e-03,8.145928845529037607e-03
1.503260950355748493e-03,8.025583710683202587e-03
1.583896400063293476e-03,7.233439644263063399e-03
1.493159716915085870e-03,7.042038064767838258e-03
1.174289189864312659e-03,6.842775355773389641e-03
8.703002295857500004e-04,6.415019897407078439e-03
1.007956498099172975e-03,6.199052204263533206e-03
1.047915651466011953e-03,5.860839778275461071e-03
1.037265980776191270e-03,5.696545438214846262e-03
1.061897116133713338e-03,4.953734702321603220e-03
1.079454481813947771e-03,5.052757610239230410e-03
1.187578546905810684e-03,4.913809348160822973e-03
1.191946446876072973e-03,4.614404110505610640e-03
1.303281973276913591e-03,4.509080012390450157e-03
1.104433125565658282e-03,4.417898035875593259e-03
9.776489566629164348e-04,4.176836535910373981e-03
8.171924265392935824e-04,4.236059145381210027e-03
4.927632417762133196e-04,4.142060010366920356e-03
2.310757901288335828e-04,3.953558881967344889e-03
3.965455799827025899e-04,3.958380039841140861e-03
5.096426675388068209e-04,3.692365998946711345e-03
5.127301581696496651e-04,3.564243770660317605e-03
6.967597145008810151e-04,3.304713632195824691e-03
1.122296342062886971e-03,3.285972459220634460e-03
1.383906376634368510e-03,3.165429154829965674e-03
1.832177807373830273e-03,2.718594979401999564e-03
1.608395148959855612e-03,2.743952039936630848e-03
1.765959085648101346e-03,2.615848557511028707e-03
2.160084236244396057e-03,2.244763650572814684e-03
2.142537858231458470e-03,2.304139834752612706e-03
2.289581067214186208e-03,2.183917096692982243e-03
2.423326579324646367e-03,1.820485981824882405e-03
2.601023412937121179e-03,1.919107024853921413e-03
2.935139770874272205e-03,1.821374693063216145e-03
3.000576259703412012e-03,1.519297417089445195e-03
3.293876148540810130e-03,1.628054399232163694e-03
3.353810469582598538e-03,1.379275314430808766e-03
3.445746481309759374e-03,1.347142910484091290e-03
3.575703889219909032e-03,1.193623632376300840e-03
3.774647785852041759e-03,1.212251344264812097e-03
3.800150736072805107e-03,1.127798472179668797e-03
3.939325988465752423e-03,1.126930729104644010e-03
3.908485515259218709e-03,1.088465442366982070e-03
3.942292769086096910e-03,9.998689651905601824e-04
4.009244595766491177e-03,8.417519261451253919e-04
3.971690103467816722e-03,6.888875493768560794e-04
4.000308385534135161e-03,5.454077828333255386e-04
4.011258356763319592e-03,4.527815200890429864e-04
4.015391615804429250e-03,3.393666694281358251e-04
4.032988049488693896e-03,2.859956750838967042e-04
4.073391825535913925e-03,1.913444661025066375e-04
4.145694240499320227e-03,1.477173595944048260e-04
4.249238332791906679e-03,1.315384534378675487e-04
4.466284331643177383e-03,1.234437045720101545e-04
4.798561184300148726e-03,1.671692406092319724e-04
4.924395407645812753e-03,2.847625331150157647e-04
5.096236691036605190e-03,3.091551019463451683e-04
5.734938082672399497e-03,3.983126860912958138e-04
5.960842165836349044e-03,4.058794741347373255e-04
6.609981289898219162e-03,5.926993010449560246e-04
6.975424271798862097e-03,5.467878046331863277e-04
7.967314318868004563e-03,6.463211233235745994e-04
8.285108662250425735e-03,7.470970803557932605e-04
8.843568833413015251e-03,8.322236287752069134e-04
9.043794671075276043e-03,1.164490650556125042e-03
9.880190650176217185e-03,1.168547671283350119e-03
1.010702305162333378e-02,1.290203522936047729e-03
1.062555886970458462e-02,1.346871962146364453e-03
1.077767856208423913e-02,1.601242539025744512e-03
1.106019851175076875e-02,1.524646705606597184e-03
1.157956710579261667e-02,1.637368716847932299e-03
1.196457613113192063e-02,2.102742682596975363e-03
1.224253025244028195e-02,1.894377954707691849e-03
1.362593454675396255e-02,2.119628329758468932e-03
1.293329219211055391e-02,2.207882394775351285e-03
1.315500066141202240e-02,2.325889152764924230e-03
1.368297907939201689e-02,2.642657881700490475e-03
1.394420910241293485e-02,2.564226355097844537e-03
1.414192128051095648e-02,3.160526001563881277e-03
1.530820875386004407e-02,2.906546061374515148e-03
1.497230243543373404e-02,3.120953256026702538e-03
1.535956002090196199e-02,3.359627094923791930e-03
1.601892749336194383e-02,3.308463834661652062e-03
1.596873722156952682e-02,3.901116305942009185e-03
1.621858414322788558e-02,4.028776553812059118e-03
1.704499150615185893e-02,3.942570772643319392e-03
1.760239143046724020e-02,4.000319175743012601e-03
1.798690913997688656e-02,4.241621790954852936e-03
1.893058356342338169e-02,4.217283877449342841e-03
1.856703953877053906e-02,4.472297624720338038e-03
1.932851471946599176e-02,4.664528739781615557e-03
1.934949901279305398e-02,5.015909863888341758e-03
1.939889165863462397e-02,5.050655449770690558e-03
2.039907813397145303e-02,5.335105840099709125e-03
1.969169574771332740e-02,5.315771753571944813e-03
1.982173313638774595e-02,5.501796578408987143e-03
1.998255230738354635e-02,5.582839109080214510e-03
1.965910090390997692e-02,5.779289141340068943e-03
1.924851821788450476e-02,5.732266242973203807e-03
1.827548257409116611e-02,5.882550607672418740e-03
1.867154133005194047e-02,5.826757962477435542e-03
1.850372589349049898e-02,5.897391372000706372e-03
1.730126403084570469e-02,5.998410600483308069e-03
1.786934499364538700e-02,5.980683626571653595e-03
1.688744370946075948e-02,5.958597993831899961e-03
1.744633007441042175e-02,5.997560369682802470e-03
1.737648998333948119e-02,5.972075208710686187e-03
1.730170666989492775e-02,6.018611246942499535e-03
1.755183099712065778e-02,6.039385043923413930e-03
1.751473898499584028e-02,6.018012392443938124e-03
1.755030472444435788e-02,5.953285115643791418e-03
1.751977441441166655e-02,5.927563194941186733e-03
1.755308862221817770e-02,5.965298669550607620e-03
1.764216431685628958e-02,5.948773985734547888e-03
1.772818481130016693e-02,5.852574397926324848e-03
1.834248892955974569e-02,5.860660984593335857e-03
1.836000888084724988e-02,5.889520172765757948e-03
1.831177739421580020e-02,5.894781729232120848e-03
1.861753347899589364e-02,5.893240421860208335e-03
1.843815112552239788e-02,5.886338231202178570e-03
1.805722670698621871e-02,5.873652230407654801e-03
1.788875923722057712e-02,5.854103200373895685e-03
1.756587974956220002e-02,5.838415650515937569e-03
1.716499107045756783e-02,5.820656554106902296e-03
1.693957006070076834e-02,5.819009160645367655e-03
1.716685337216674115e-02,5.810187270178327271e-03
1.714249306394646788e-02,5.812516970112958925e-03
1.692476207651698664e-02,5.811481651497241857e-03
1.599578448981046550e-02,5.806555013349901616e-03
1.530506643932503207e-02,5.800540332105654472e-03
1.469847837500124106e-02,5.782949852788918377e-03
1.366161632339112607e-02,5.745840675665701662e-03
1.317256677824412206e-02,5.685954120991172818e-03
1.334770382121586683e-02,5.617316583190000434e-03
1.295421834915985726e-02,5.564093404062184743e-03
1.234718100941640216e-02,5.538673570208029265e-03
1.207647869650651726e-02,5.539432000225658417e-03
1.157664290117816144e-02,5.530784488297482704e-03
1.089204327385075860e-02,5.514360153387762829e-03
9.289517903903974846e-03,5.481781859344969123e-03
9.136426027071679543e-03,5.450684687167735819e-03
7.746255374115150819e-03,5.413417012905220524e-03
7.134939443213520437e-03,5.395240647640332787e-03
6.890983997728143857e-03,5.380580487606903030e-03
6.380340730877287481e-03,5.364566832704816858e-03
5.057924704825556526e-03,5.356872649585686826e-03
4.594795556373637742e-03,5.323190058380604384e-03
4.007961008733971001e-03,5.265421324268155026e-03
3.903345490920522454e-03,5.250034840681400139e-03
3.800993472869352956e-03,5.095386440266917900e-03
3.690810196776657566e-03,5.119895216016663066e-03
3.642212426250819070e-03,5.023819993307409096e-03
3.601323511214925450e-03,4.993081852833611799e-03
3.739608737333652635e-03,4.943061981309952030e-03
3.959224702314768744e-03,4.802620123273137857e-03
4.264650504139338820e-03,4.817916002758820294e-03
4.193741840524999390e-03,4.547370825272894525e-03
3.964683919314569011e-03,4.669102921819813685e-03
3.379020915062180917e-03,4.641557398992426919e-03
2.749414719721567438e-03,4.504414983713709436e-03
1.707081447501689183e-03,4.398013557984901435e-03
1.645566305661175406e-03,4.332543456838181331e-03
1.453721843786556951e-03,4.258772029720417178e-03
3.182360992285058988e-04,4.295034305429080990e-03
3.196654998679736293e-04,4.232053794263559814e-03
1.436176747780642041e-03,4.209324090592026467e-03
2.105058171655667908e-03,4.268732792973311055e-03
2.018405118234446998e-03,4.394499345774248271e-03
2.469465744676028422e-03,4.414257920510690665e-03
2.971375215801648310e-03,4.512230272674251988e-03
2.919516461675414950e-03,4.441287299150850285e-03
3.015719087158891688e-03,4.484024424120795424e-03
3.462363890527838522e-03,4.551065457072971457e-03
4.131948838413257961e-03,4.596673843858092683e-03
3.993262232978534061e-03,4.657280862812312669e-03
4.326123777071273942e-03,4.723281435874106954e-03
4.422362589486888117e-03,4.849123500113659141e-03
4.201514733018437558e-03,4.828126916353420520e-03
4.236124849541206445e-03,4.972526660504091207e-03
4.152581179088143427e-03,4.967292210100514999e-03
3.714803099150272656e-03,4.979288383750326771e-03
3.667756146073621396e-03,5.039573255610797602e-03
3.374786931460563907e-03,5.003853003947842867e-03
2.990121374071583269e-03,5.009201373626336919e-03
2.452229360462591847e-03,5.020798986548455703e-03
2.121713975102234966e-03,5.013499539639127041e-03
1.794317787592670469e-03,5.000061926886261408e-03
1.165731056889854952e-03,4.999815389645360583e-03
1.610127289341983141e-03,5.004489626950688400e-03
1.466100652831664073e-03,5.022343423371869106e-03
8.726324832745184154e-04,5.052262225243313656e-03
8.141577298843519911e-04,5.084632475949217925e-03
1.607435745185073527e-03,5.110832427983083050e-03
1.535564706178397121e-03,5.118171976893117966e-03
1.661764021814006800e-03,5.122686055210191880e-03
1.850641602903767800e-03,5.135314947666207858e-03
1.956748357327156053e-03,5.163717826290699885e-03
2.233786837818674438e-03,5.210709595252658796e-03
2.907317646352082941e-03,5.268462505857469426e-03
2.556888337011700013e-03,5.303849656456875207e-03
2.496849409581764108e-03,5.342630409232590645e-03
2.870882561710116302e-03,5.348295369031085510e-03
3.317728153008436907e-03,5.405043218500108632e-03
3.644407606457279909e-03,5.452767956884254849e-03
4.135969208376486829e-03,5.425824077526458442e-03
3.906620122975541613e-03,5.454305250185845569e-03
3.843894164293698047e-03,5.500760827044505301e-03
4.291703728462571525e-03,5.489408573321219800e-03
4.622401062962267285e-03,5.554400708075855897e-03
4.782404714526101129e-03,5.544774487201989399e-03
4.918089589830047272e-03,5.552045074646769045e-03
5.179773518264364947e-03,5.552218132668796345e-03
5.977820495800759831e-03,5.556281376708676126e-03
5.912326745913551278e-03,5.563686554149937721e-03
6.345663130083522598e-03,5.567268001412523093e-03
6.553719902281209334e-03,5.567306635309241143e-03
6.579829485490644794e-03,5.565407756717481724e-03
6.897781126076593140e-03,5.562296008404089484e-03
7.186658419117108489e-03,5.557196681475377355e-03
7.686711503709722088e-03,5.548399471602240632e-03
7.597512345828206191e-03,5.533355008943726186e-03
7.745511302431504382e-03,5.507840427960321653e-03
7.862292396711406672e-03,5.466124803936217233e-03
8.201512477496387260e-03,5.415417245294410278e-03
8.506235339471215906e-03,5.410139912225921978e-03
9.440826267484476661e-03,5.325031994404986341e-03
9.443590285191117220e-03,5.341278685372664523e-03
9.806157456834543526e-03,5.360676415650455877e-03
1.036101205381375831e-02,5.376437538397905655e-03
1.074247292832847082e-02,5.359482099680831779e-03
1.141483582553821235e-02,5.346073675473600462e-03
1.197053088013848819e-02,5.323158695337290060e-03
1.221903578508067544e-02,5.174009968070714116e-03
1.348482435225653933e-02,5.142729734044903384e-03
1.297333412995108418e-02,5.104517154250223961e-03
1.325308395676172944e-02,5.113920425638579167e-03
1.351121037328625873e-02,5.079359253069087692e-03
1.398253883587110245e-02,4.996151422085750790e-03
1.490176037511322001e-02,4.959984772720330178e-03
1.499305470900187849e-02,4.946467327769736230e-03
1.525030917001609677e-02,4.853819334395532634e-03
1.551060793798099240e-02,4.808354066658792995e-03
1.530112450842526992e-02,4.748435108855384411e-03
1.530250231301255592e-02,4.687837113131476663e-03
1.521984676127484046e-02,4.630494721115924542e-03
1.501527953816873644e-02,4.597766125999600169e-03
1.424881359076638626e-02,4.487104783931619711e-03
1.367017885420687175e-02,4.467979709041402375e-03
1.351750597922206018e-02,4.392237715482964766e-03
1.318717202140738329e-02,4.401245679092244054e-03
1.299475908039747149e-02,4.347619622208554260e-03
1.262451429505787905e-02,4.314469592567622171e-03
1.254815699039946338e-02,4.201573512849387203e-03
1.208780734683072115e-02,4.249013221576104955e-03
1.185273961155648356e-02,4.229908128194933073e-03
1.158181670558033720e-02,4.185172164082102096e-03
1.164092268556183273e-02,4.087638737391931579e-03
1.143127901513519423e-02,4.114118658230681708e-03
1.147444533459201534e-02,4.077429678591730153e-03
1.154813039098697737e-02,4.061138991307200116e-03
1.193054831361836654e-02,3.982214674346222505e-03
1.202914908720092990e-02,3.977454159478402765e-03
1.209260120685723416e-02,3.902517385894386202e-03
1.227510022383676569e-02,3.768136249097570317e-03
1.222801074293743129e-02,3.782410859550295462e-03
1.255658201827211315e-02,3.750526635265537777e-03
1.240205228801857622e-02,3.669053156574700065e-03
1.211853748101672859e-02,3.677414847017605303e-03
1.214780611745656762e-02,3.617712675056510181e-03
1.255283007641437749e-02,3.408884795568453609e-03
1.249915468223420853e-02,3.389632248842109740e-03
1.224399775566280442e-02,3.254600240444277190e-03
1.246109337853510378e-02,3.326983200945302869e-03
1.297328826337463929e-02,3.270562264627253565e-03
1.299214399752550951e-02,3.252395659293260115e-03
1.270467126362317609e-02,3.160649863281537585e-03
1.277203458922811057e-02,3.181130249271105388e-03
1.299538669342651179e-02,3.175154941480655500e-03
1.285321702755479190e-02,3.089209293190748468e-03
1.249064697848984058e-02,3.070523363987553121e-03
1.253694903060565378e-02,2.924125367114647784e-03
1.257795869025856578e-02,2.801311093280800957e-03
1.257872784308251835e-02,2.632489738836718378e-03
1.253603650706974597e-02,2.424309954773585206e-03
1.251009983285503863e-02,2.465468050619092858e-03
1.254788109043892923e-02,2.376298187833075694e-03
1.254003911513232490e-02,2.116598192552479087e-03
1.253977251010000848e-02,2.190865171983087667e-03
1.257645384756728851e-02,2.179572989421882379e-03
1.262562302581331924e-02,2.069770838667991681e-03
1.284362670539473082e-02,2.007223572839330911e-03
1.318199494360966853e-02,1.937150635257507952e-03
1.415548976093868733e-02,1.800036549571478904e-03
1.448220746117875705e-02,1.786712685165643168e-03
1.436528819252080001e-02,1.665029170730684309e-03
1.460673648504887991e-02,1.628643960323946163e-03
1.473968555339244361e-02,1.367503174930806116e-03
1.478462329527028239e-02,1.266227687550105369e-03
1.505433315098410330e-02,1.129288338478687346e-03
1.520021613230594128e-02,1.108230176859922086e-03
1.515239195554345976e-02,8.813078566069403388e-04
1.515554816344269300e-02,7.876107157441269470e-04
1.505703684649802900e-02,6.867029013529313925e-04
1.500989141112981859e-02,6.223439703742073394e-04
1.464608459576493757e-02,5.513928633743565410e-04
1.469100121252878838e-02,5.562903886510973906e-04
1.455054751949995916e-02,4.859292467771142215e-04
1.397520963108032747e-02,4.651943452514440704e-04
1.328247954839557703e-02,4.010875068858672679e-04
1.302527385454384755e-02,3.596405923225702702e-04
1.272990493312521794e-02,3.308088944336082140e-04
1.271691175861839641e-02,2.761203210929753750e-04
1.276567802290362943e-02,2.864883302429551597e-04
1.244870605586067928e-02,2.815110730679703166e-04
1.241769382058136723e-02,2.574388372032971641e-04
1.228280294547705320e-02,2.414661417278176009e-04
1.213708611984830321e-02,2.917298395778524563e-04
1.178910658339811339e-02,2.632247110501128857e-04
1.113596197581497894e-02,2.504641672016499790e-04
9.868651331351702138e-03,2.412609671742971978e-04
8.729630825264714580e-03,2.620770648048983097e-04
8.776337593978623605e-03,2.522436733707945390e-04
8.642893563104943333e-03,2.587926322150254331e-04
8.195495153637620545e-03,2.603687917604843491e-04
7.783371994964496075e-03,2.655127285926958073e-04
8.079976798303637603e-03,2.917577319742472382e-04
8.043987669758336304e-03,2.987229302040082389e-04
7.896837788214379483e-03,3.447628416115887731e-04
7.477559261188287953e-03,3.572975693009799655e-04
8.045860444211157605e-03,3.646227071090434035e-04
7.884532076704177384e-03,3.596841265429818568e-04
7.876930318205915479e-03,4.296761023847122372e-04
8.125780300659331615e-03,4.735591576282086870e-04
8.431079466980989645e-03,5.530157235434432755e-04
8.155699926079265985e-03,5.510021181630821640e-04
8.255134816458072067e-03,5.776329615043866500e-04
8.385312035803931668e-03,6.951285264976343791e-04
8.416618312130941595e-03,7.348618024356907670e-04
8.378634419377334330e-03,8.866513322727375551e-04
8.386250154745297780e-03,8.848566202520842311e-04
8.307628512510181057e-03,9.698013448621514839e-04
8.190916590809813741e-03,1.050281425674870700e-03
7.314508233716909488e-03,1.229313845330119595e-03
7.060049463474389608e-03,1.311794235269940056e-03
7.010817582490803772e-03,1.244965320038132935e-03
6.283903993864703615e-03,1.310578086500834450e-03
5.379472500341687946e-03,1.336797977045263300e-03
5.608104826448041119e-03,1.369266272745609143e-03
5.513459919731231347e-03,1.402551366366842174e-03
5.365571652941569271e-03,1.496578036553289836e-03
5.230589167112035046e-03,1.459962690569667834e-03
5.290527087006683706e-03,1.510970490031088992e-03
5.366759412199562269e-03,1.536253764101555043e-03
5.429216337924188361e-03,1.536380098127404156e-03
5.516876604292108958e-03,1.545000073276235489e-03
5.415458044989942057e-03,1.546088962989846868e-03
4.405602729037167223e-03,1.566760389200289125e-03
3.181076489648881466e-03,1.591350903438784560e-03
3.168665278325551171e-03,1.657882737719504470e-03
3.187081088941538191e-03,1.745681064043407959e-03
2.790236705518408210e-03,1.853582309651504193e-03
2.736038652263852837e-03,1.853101558092816112e-03
2.860647251312036735e-03,1.879593195102776315e-03
3.132464941507040902e-03,1.924544216964075649e-03
3.472171612147740075e-03,1.988643071801072040e-03
3.872680073025224195e-03,1.989081011849546266e-03
4.637254804200318693e-03,1.986010151758849703e-03
5.176341086396375399e-03,1.980084611064720102e-03
4.970790113599949864e-03,1.980488700804543603e-03
5.379873077596244828e-03,1.989600650355507084e-03
6.242558730724480538e-03,2.008216429212269626e-03
6.085062562850416037e-03,2.027396173426217283e-03
6.141596987237896502e-03,2.046521334992884491e-03
6.339497864908652004e-03,2.048316624807260729e-03
6.393102629923786209e-03,2.060526681452657348e-03
6.348133774529784654e-03,2.000375813050542240e-03
5.342022120783268893e-03,2.007203274694621155e-03
4.890844516992379556e-03,1.923090478327979134e-03
4.627778360960523550e-03,1.816347150524758513e-03
4.180035686407759105e-03,1.782032740380434929e-03
3.443990790640998056e-03,1.673034859967981918e-03
2.356470035500050648e-03,1.587111745376859184e-03
2.276353834581644302e-03,1.555812853886924876e-03
2.363701626700610414e-03,1.518388032226283563e-03
1.792912767832306872e-03,1.522327881571353212e-03
1.921931955120341311e-03,1.512288363243960822e-03
1.763245580806346033e-03,1.516379151445237201e-03
1.411664223578677031e-03,1.520192300047064956e-03
1.275136786182009749e-03,1.521523325429850054e-03
1.248552461690279319e-03,1.518100066705314975e-03
1.327089498914929815e-03,1.508465876369502424e-03
1.451289006831026117e-03,1.494756753531265242e-03
1.540528461802633019e-03,1.478116072219340989e-03
1.782738785819747021e-03,1.467840532058561692e-03
1.605770401711428732e-03,1.460430135926604365e-03
1.654105722411292143e-03,1.453433286384206782e-03
1.701023620888701205e-03,1.444978528477220726e-03
1.463743682412460730e-03,1.437180232791335395e-03
1.130630077211530879e-03,1.433824995664762653e-03
1.069117340845256604e-03,1.429212366273260653e-03
8.269014760208040493e-04,1.403561454910275900e-03
2.715347558509878978e-04,1.485779513906210127e-03
3.716789977470423361e-04,1.523412042927894342e-03
7.581375428692899762e-04,1.573945793543045715e-03
5.034716378246647389e-04,1.602758623591001453e-03
4.645222887216474291e-04,1.637479254214553115e-03
6.038249331579657051e-04,1.723049398054861360e-03
5.221675899977593375e-04,1.711610948302324381e-03
5.052766083330872786e-04,1.762388212381421843e-03
5.127520932180124101e-04,1.838752444141648510e-03
3.756558354680948467e-04,1.870572155548203908e-03
4.379407538719487514e-04,1.844681951257264290e-03
4.431260444549783937e-04,1.885811731625739417e-03
4.291961771655227191e-04,1.917167037325298888e-03
3.885253513267576957e-04,1.928652338924288692e-03
3.504172441706873611e-04,1.975395139738527189e-03
3.206710722184560620e-04,1.958478851360169904e-03
3.419769382600398866e-04,1.998811386312398814e-03
3.157510450271929317e-04,2.051621758305490449e-03
4.692502803231647949e-04,2.052120394620092405e-03
4.612065642014873167e-04,2.104015107640815410e-03
4.788722521209323453e-04,2.130735820554963307e-03
5.203565070697631616e-04,2.153073516346668253e-03
5.133761850819628433e-04,2.217789727842653727e-03
4.731300788141045398e-04,2.188880871184220069e-03
4.242890567057655744e-04,2.185838106678300152e-03
3.109984341102435676e-04,2.219754852206223990e-03
1.865064701695795047e-04,2.234208300977423220e-03
7.412076578553769915e-05,2.256439560835681556e-03
9.092746738249115398e-05,2.297558744089848656e-03
2.515719568555425207e-04,2.319493833732218409e-03
3.745443789438085533e-04,2.359873436757715243e-03
5.194390153556041698e-04,2.365796806569636038e-03
2.362003392379251538e-04,2.381652155734591617e-03
3.080301635318089069e-04,2.421008532768362514e-03
3.062831814301516858e-04,2.424790725915037734e-03
2.860363271569524453e-04,2.439644904722826965e-03
1.795756822685923044e-04,2.466587967092880290e-03
1.323832814187154484e-04,2.469328883494589788e-03
5.627216760157686270e-05,2.488853596927422928e-03
1.491819690561143176e-04,2.533755499393052033e-03
1.082561754750980090e-04,2.528757865326999258e-03
9.065736174065751199e-05,2.543539041229941379e-03
1.327157182179965428e-04,2.591954542548928573e-03
1.895862372238744660e-04,2.588836989101173536e-03
2.374634109335392173e-04,2.621985489664625541e-03
2.887311212766561683e-04,2.635624379896379151e-03
3.260442133634540722e-04,2.679038769386291995e-03
2.454634300823310407e-04,2.677951007098675409e-03
2.520098646764444106e-04,2.698123457094755463e-03
1.329273046196697086e-04,2.728285743074129136e-03
8.868922586867999188e-05,2.724613521966462969e-03
6.585063359597269437e-04,2.742774782175894273e-03
8.446554269808540308e-04,2.762016058868368464e-03
6.014445227958863582e-04,2.776787095257838255e-03
7.097141308491759651e-04,2.829965513600742923e-03
8.972130580911593821e-04,2.822580369881588346e-03
9.004088058216268764e-04,2.835587565893799792e-03
9.502093087546358268e-04,2.867310689723444241e-03
9.630160972619531811e-04,2.891729681546281652e-03
9.601509776213338222e-04,2.906634880958046483e-03
8.663579313174654207e-04,2.946876355007967650e-03
9.214037980055216895e-04,2.938124287980911544e-03
8.721949999086963876e-04,2.962868862221236695e-03
7.057524785292566133e-04,2.974641261503566721e-03
6.104800585252473074e-04,3.000990002505229352e-03
6.669002831678769519e-04,3.000967467348389373e-03
5.841225419440656489e-04,3.013042751053762215e-03
6.473212423197330367e-04,3.034541793269854293e-03
6.397747573481593012e-04,3.039861457627283763e-03
5.024415146273985937e-04,3.056878853294893363e-03
4.160499745578624025e-04,3.059494158680424111e-03
3.742256239037868720e-04,3.072271628671987848e-03
1.389536942817031016e-04,3.072821097331170787e-03
1.410846491492724283e-04,3.077498731991820148e-03
5.192696957807764642e-04,3.075437370994634628e-03
5.754879713493208163e-04,3.082929865778545955e-03
4.833163801114148564e-04,3.079420796191551304e-03
5.369095495088892570e-04,3.080697847189635147e-03
6.182917423972478232e-04,3.085804182942450836e-03
6.442857243450380265e-04,3.081567721518742656e-03
5.597812345664755903e-04,3.072644928450843794e-03
5.355245139490864186e-04,3.061446503875600751e-03
8.921090547542207764e-04,3.027310988638686612e-03
8.760318484841990135e-04,3.005715663761852723e-03
9.791482037955099790e-04,2.983688069937627703e-03
1.037513898855944427e-03,2.960249066160157080e-03
9.631416914665556035e-04,2.926078658205785374e-03
1.002175953876675244e-03,2.919267005887813370e-03
1.056387896547287359e-03,2.882490446764758574e-03
1.056423146916623309e-03,2.820790715839715298e-03
1.181501689482648224e-03,2.815261033393277618e-03
1.133073841857424550e-03,2.805662692521073039e-03
1.065165233182507670e-03,2.764456422957743686e-03
9.907693081242321433e-04,2.736477088060984466e-03
9.640317693828544775e-04,2.646250945657400207e-03
9.370660827863581347e-04,2.644564459225684679e-03
9.915966050246425526e-04,2.597605965365917206e-03
1.011776781828171252e-03,2.531326107185617128e-03
1.016179948644054887e-03,2.529089540994563373e-03
1.015668057087545147e-03,2.487339204725648196e-03
9.957196767872390428e-04,2.367463918589063094e-03
9.710524349732122060e-04,2.369045094039497722e-03
6.987305399715406252e-04,2.293421587327974798e-03
7.292579985891072111e-04,2.266198282765168569e-03
7.443298027599194733e-04,2.197131218582320383e-03
6.644427821200656580e-04,2.001102318894747243e-03
6.351306776885254400e-04,1.992503772645397384e-03
1.683199238502932217e-04,1.895887149880881974e-03
1.059532983885623058e-04,1.645241160588314109e-03
1.307220433985337084e-04,1.614258729153329871e-03
4.897428025881413064e-05,1.352972932226267997e-03
1.877715665015150656e-04,1.118282180979014934e-03
2.385815758497675265e-04,9.761760539532282101e-04
2.957301529125750338e-04,7.959513588598180920e-04
3.391559705798159003e-04,6.227418928844772987e-04
4.280246098642457404e-04,5.582834816268876987e-04
4.592409785369331514e-04,5.410400158157990932e-04
4.986104267635397885e-04,4.842962221818456208e-04
5.581897752310084615e-04,3.117643394128273441e-04
5.812321599971479033e-04,1.699799142142492865e-04
6.561055827479200494e-04,1.535849148947121122e-04
8.600931802800774670e-04,1.255283487211894522e-04
1.075351501237734909e-03,1.853101084810870956e-04
1.103359225449515113e-03,1.458236030999892502e-04
9.316721443129664503e-04,1.425637173729070190e-04
1.028154466806238503e-03,1.266849096017023989e-04
1.131016864476876898e-03,1.098856248240051803e-04
1.079435426044467400e-03,1.073368612401176916e-04
1.077936501496295487e-03,1.084897306221587588e-04
1.123341553592064473e-03,1.127600987399449698e-04
1.193584187388918973e-03,1.589480430732165262e-04
1.195962839585406039e-03,2.044643184420520373e-04
1.224409462267512117e-03,2.301744679602769016e-04
1.261481542981292368e-03,2.464080239565612793e-04
1.234601075397640706e-03,2.518098225382128081e-04
1.261208362107371205e-03,2.144016205122548286e-04
1.264556628158186504e-03,1.133084195905978555e-04
1.245545251168702619e-03,1.312906832059688479e-04
1.228997783718157114e-03,1.775028518595611984e-04
1.180376555592018480e-03,1.903887648076451602e-04
1.055131217855909912e-03,1.960163040408767054e-04
9.309166058847719895e-04,2.034678067861163842e-04
9.251080504851156606e-04,2.097135751139061403e-04
8.555430381512868759e-04,2.137447938078172814e-04
8.201804562927418694e-04,2.174113107359215138e-04
7.917377670166279857e-04,2.198011301030767140e-04
6.091060343428965742e-04,2.261827721116398528e-04
4.468087977986493365e-04,2.537235794928285296e-04
5.784209728198816928e-05,1.956181391661881725e-04
4.422773922695384197e-05,2.755861576337866395e-04
2.022529937670445536e-04,1.367201361008859109e-04
4.218186676528980477e-04,1.231842361416969134e-04
4.751787844362947121e-04,1.178722441700624774e-04
6.192858931515191241e-04,1.089280995202117851e-04
1.018193790979740176e-03,1.166574744860222277e-04
1.198266117436324685e-03,1.171327434993148518e-04
1.241987511609420362e-03,1.489238306961278215e-04
1.283643873022317092e-03,2.211648792089305256e-04
1.347315751518738921e-03,2.079564583211918700e-04
1.255285577378700487e-03,1.611832623635499307e-04
8.958631266537109544e-04,1.715375914259642813e-04
5.808331014733031763e-04,1.550219437699695152e-04
6.700141605550469313e-04,1.782546633605323623e-04
5.570124413944253089e-04,1.440857044491660876e-04
3.739086070208488409e-04,1.415378940704811804e-04
1.408231237024739810e-04,2.006176202542508133e-04
5.072888623640148454e-05,2.124740705954621600e-04
5.882001489890991471e-05,1.708134071169741040e-04
1.227350498536926087e-04,2.132720606707606793e-04
8.688192075720035349e-05,2.342542472941698257e-04
1.177866365972288025e-04,2.487069193183030292e-04
6.989776324732756155e-05,2.532542467170693120e-04
5.833861055654337557e-05,2.830329270987331884e-04
8.769505525456036026e-05,2.686116906689141304e-04
1.137808421033006365e-04,2.707014084106147711e-04
1.223537499047070017e-04,2.777984901327384851e-04
1.165337046455868517e-04,2.710588596558518399e-04
6.971202916100302516e-05,2.630109681851532967e-04
8.641858049620610176e-05,2.552390925142909738e-04
3.948372619849963472e-04,2.486338590395521147e-04
4.812871798130067169e-04,2.419280480962984878e-04
4.169249183727875884e-04,2.452481873658065117e-04
5.280114574617636707e-04,2.630264184523090705e-04
6.791076831046797841e-04,2.763361311739208652e-04
7.049543540456940614e-04,2.785018799804393286e-04
4.513126504729431327e-04,3.106127596206289176e-04
2.147052502101449328e-04,3.257292485265646958e-04
2.070723096269252398e-04,3.280939933007274273e-04
6.370455552382321652e-04,3.230864194802220862e-04
6.547413298320016884e-04,3.359127770890424792e-04
5.221079623916479893e-04,3.416896644697664282e-04
6.814359215152293418e-04,3.311479045686315393e-04
8.168761869173311310e-04,3.198562048675709685e-04
8.253567394140196673e-04,2.460502832689538569e-04
7.125097202949978595e-04,2.541584112506630150e-04
4.398540533086643884e-04,3.084028868543426142e-04
1.227439594819681882e-04,3.045169842753161550e-04
1.259210990693142242e-04,3.429214104314029401e-04
6.158250257793558839e-05,3.492638352351560421e-04
6.920297828191847842e-05,3.655717007989283014e-04
6.681812888663606054e-05,3.820387571176088589e-04
4.449980618735550235e-05,4.132621330651203525e-04
4.714274178524695285e-05,4.558218547386144932e-04
1.031976182621538430e-04,4.513173531852460391e-04
6.332783821886177800e-05,4.367836832752455692e-04
9.195152317990853595e-05,4.587774594679655754e-04
6.117426264093121422e-05,4.670682303018489968e-04
5.812178854709005297e-05,4.588046704991152074e-04
1.742151477424984905e-04,3.784407135025639590e-04
4.161958038016058507e-04,3.411609643514968435e-04
2.499852350641997532e-04,3.844012783266288692e-04
1.987944274807562455e-04,4.041700389687596169e-04
4.605757158376406021e-05,4.580143290803650861e-04
4.407069333536382924e-05,3.930261107280125753e-04
5.085873390348734596e-05,3.929919470460502837e-04
1.445840584011065251e-04,5.633445692377453927e-04
2.439928275203785061e-04,5.391245866537968138e-04
4.050850565879301579e-04,3.747367853678588252e-04
4.194904046049132773e-04,4.508644270627342279e-04
4.230729562492315768e-04,4.833150378886880670e-04
4.349154105151291794e-04,4.516802750570004903e-04
4.368214951863145308e-04,3.588004759011287738e-04
4.711698365049310933e-04,3.428504984571480196e-04
2.895158111314797005e-04,3.432182687413346390e-04
3.370677245261739503e-04,3.237765688863702062e-04
6.041883745123012399e-04,3.394489012582556950e-04
2.209862212324775700e-04,2.959318432437489524e-04
4.493313995946630478e-04,2.083284213644421461e-04
6.124344201593488529e-04,2.034669380923735769e-04
1.051785078632469853e-03,1.410021087705558382e-04
1.156695774774723229e-03,1.121795715760023058e-04
1.177039039629916052e-03,2.155562281011496706e-04
1.155860020435304798e-03,1.889496674656097430e-04
1.222062536648726430e-03,1.925562988117500603e-04
1.218913333338776141e-03,3.640719624890071055e-04
1.204893515592562634e-03,3.074751525405028320e-04
7.868898701315087639e-04,3.903073037293786724e-04
5.105139612426202057e-04,6.342333043732059986e-04
5.100012869145236589e-04,5.862749038661460100e-04
1.074911740538202708e-04,5.898847923476257084e-04
5.255319200073311212e-05,7.252204057229086646e-04
9.724209953998531907e-05,7.082780113665037777e-04
1.096100990269039213e-04,7.501450491204937187e-04
2.178384061952860491e-04,8.586076744297900651e-04
8.624087487450621541e-05,8.036833155952809431e-04
5.809399733836855597e-05,7.723178023840297822e-04
2.242597867923020003e-04,7.829080293004934748e-04
2.877271337649365645e-04,7.421963749238109443e-04
2.974553460994777080e-04,5.837914284401155875e-04
3.416145173310647723e-04,4.041376520464087796e-04
2.688134511962868918e-04,1.709605922142525751e-04
1.457788608532422053e-04,1.072179551470138362e-04
8.860982240882049274e-05,1.155989429914696596e-04
6.751291750511897235e-05,2.336554876824480933e-04
9.028605496364242500e-05,2.642483493407729112e-04
2.619368115752252033e-04,2.949830023176544416e-04
5.157273454014293587e-04,3.548578868553026633e-04
7.696768526609388790e-04,3.614188731789950526e-04
7.039650436169815270e-04,4.055802993875428633e-04
6.794157580551040939e-04,3.967670382096999621e-04
7.076337492459831196e-04,4.413541895538086604e-04
7.332617525323180613e-04,5.071216457000677670e-04
8.089115324056441424e-04,5.708125103493082468e-04
8.282274957955398876e-04,5.556683371079919592e-04
9.561644597400486721e-04,6.402723520253992802e-04
1.091764695375196069e-03,6.594746897339003738e-04
1.094954443500296580e-03,6.424247180187801212e-04
1.229786635970733615e-03,6.378605888574509410e-04
1.295185055269351291e-03,6.713782830363970895e-04
1.195649719562317951e-03,6.422833884440376810e-04
1.094631848746020937e-03,6.169238864009331377e-04
1.027433845314663008e-03,6.649388023249922603e-04
1.077502580168212881e-03,6.662915534332511120e-04
1.328296228277742056e-03,6.742112456329763881e-04
1.609982660329543685e-03,6.793791103561878670e-04
1.433998197344245459e-03,6.998644896328314784e-04
1.722506405603122653e-03,7.617498577131131404e-04
1.766822432502386693e-03,7.874014013864067156e-04
1.922024655698027383e-03,7.809005550292817113e-04
2.073336458400544362e-03,8.134608000628041008e-04
2.099128584891667235e-03,8.282565382640237183e-04
1.989756216873504908e-03,9.595772049031723152e-04
2.148932973970474249e-03,1.053283118602752529e-03
1.695787660108718804e-03,1.186681814637945186e-03
5.688593494244014240e-04,1.203436798078739382e-03
2.966992552207664362e-04,1.212269379608594102e-03
1.283671979530257425e-04,1.272196586451599483e-03
2.771930162870876865e-04,1.310557557086152770e-03
1.552000009551967718e-03,1.319615697688920853e-03
2.298326441268330744e-03,1.343693078692941457e-03
2.349608925261701883e-03,1.374242466296920042e-03
2.483997388583247118e-03,1.403044388261220042e-03
2.601497419833062770e-03,1.416999586084245104e-03
2.901172926701991658e-03,1.441959609723485062e-03
3.214251562693848548e-03,1.438476271182142661e-03
3.128856570442999432e-03,1.480291834232248718e-03
3.317185430573772655e-03,1.487842087430582810e-03
3.535341398225348101e-03,1.485098420173523812e-03
4.309156843033856883e-03,1.526712396111207584e-03
4.331530502706845871e-03,1.536935374151015199e-03
4.417249389993199021e-03,1.488384341972978512e-03
4.299346183166671831e-03,1.508301704454336530e-03
4.141570441878365295e-03,1.515277320984517815e-03
3.482163262948149724e-03,1.511055573010798613e-03
3.611777615078394510e-03,1.486382388685488594e-03
3.615390999001543391e-03,1.487154362775680019e-03
3.363050377782503004e-03,1.492794022158942194e-03
3.104266472155994480e-03,1.476231028880932092e-03
2.937573000556965245e-03,1.458002670348626344e-03
2.786578902068589155e-03,1.448754748830043560e-03
2.841976616506760971e-03,1.441285402910784646e-03
2.286028415613196915e-03,1.412677274356473073e-03
2.547792585835830480e-03,1.408428188393233069e-03
2.400797840395317226e-03,1.396130651962829410e-03
2.618262857075583355e-03,1.379687744606280814e-03
2.430009345225813116e-03,1.378139952771125680e-03
2.425337913965854020e-03,1.378075987762714160e-03
2.351543988462868190e-03,1.401534875281591416e-03
2.309084632514383627e-03,1.448697131125222751e-03
2.314555990008254887e-03,1.459462707549584156e-03
2.212264961129594993e-03,1.490181777232784570e-03
2.132492778204491887e-03,1.513297839702549717e-03
2.052228281580738018e-03,1.535129082956012163e-03
1.926902494400342149e-03,1.530159295531902672e-03
1.808377724745029299e-03,1.506747814300178623e-03
1.636375101160246221e-03,1.489475211437736113e-03
1.611642837242631280e-03,1.473099163583837298e-03
1.507833135634055292e-03,1.475586526317351549e-03
1.498282177813734526e-03,1.468491221900049054e-03
1.436110991327472575e-03,1.470510310986370946e-03
1.514305837986885906e-03,1.462482924135678763e-03
1.569655086235358359e-03,1.486144615456628159e-03
1.812214620886375659e-03,1.503772837444547310e-03
2.234049508970189016e-03,1.524297838417692673e-03
2.626110379244232882e-03,1.535186133807725549e-03
3.051921152257048089e-03,1.543477396492975951e-03
2.939207712541910562e-03,1.559563123733775101e-03
3.029585136972811569e-03,1.563096443849147036e-03
3.541743981633825415e-03,1.552787752997362297e-03
3.397248232689223206e-03,1.492126244900927098e-03
3.322409323834089011e-03,1.382200314251060816e-03
3.313471651280550882e-03,1.195393802081816002e-03
3.215571541272260921e-03,1.099988117652586552e-03
3.016817221065033229e-03,1.014935015420047630e-03
2.739562945536846376e-03,1.108857312223964333e-03
2.686356719191025730e-03,1.047121741482103614e-03
2.644546044676187452e-03,1.019292920120778816e-03
2.438180143736835229e-03,9.670339669565784562e-04
2.395306947595210456e-03,9.138149110007235234e-04
1.860860927391304797e-03,8.111821614997295239e-04
9.442277566171909491e-04,7.714304265346703547e-04
4.405551645400016588e-04,6.614522824236088953e-04
2.027030037431016814e-04,7.145219339289307983e-04
3.429016870755005543e-04,5.483762522413879832e-04
6.191596911099332646e-04,6.242361949430084772e-04
1.007539044648572820e-03,6.030336746049187995e-04
8.247297923801758619e-04,5.713363557202682163e-04
1.325209186543801609e-03,6.195127527782350518e-04
1.508093150282446490e-03,6.460186278577853417e-04
2.090479911326978846e-03,6.554562325467880399e-04
2.288168139938672775e-03,6.984230638786130020e-04
2.223869181225821522e-03,6.983178026366735442e-04
2.371487931476216286e-03,7.254219767177836568e-04
2.465873892102957415e-03,7.895961400594752417e-04
2.636720625103314546e-03,8.052104635739934253e-04
2.940932563070158476e-03,9.620761941834894606e-04
3.102195470947555992e-03,9.846637197897449394e-04
3.231324956347730003e-03,1.055746748059318250e-03
3.322037987390785794e-03,1.303293158965987799e-03
3.458898556663937782e-03,1.328777414759575812e-03
3.673354983595773608e-03,1.438393318722362138e-03
3.812001668894722355e-03,1.359935110761274551e-03
3.760454813002533231e-03,1.346978786767093293e-03
3.412318433441514139e-03,1.351864310808815030e-03
2.633429824870219503e-03,1.271459299706407435e-03
2.376840073944075978e-03,1.173636620675188149e-03
1.835037414361312272e-03,9.502433097700115376e-04
1.224808611558177553e-03,8.306452280981165394e-04
8.677413955290914655e-04,7.568673709169894404e-04
3.444231064188521432e-04,7.892586183523025599e-04
3.952866687996515202e-04,7.656508852313519695e-04
6.296991104156748160e-04,7.524579799811541639e-04
7.399303606834839193e-04,6.958924756190403927e-04
6.991276648848624613e-04,6.542991484774844354e-04
7.497628317454165274e-04,4.834350348253159662e-04
6.829838547452327796e-04,4.211926272850995980e-04
6.290757928298863679e-04,3.986186352807544859e-04
5.587805657607515476e-04,2.388877862550361944e-04
1.021216115412439942e-03,2.776631838808821880e-04
1.135082441512552361e-03,1.567483540951894873e-04
1.397772151936872188e-03,1.213187936055419114e-04
1.747686476388665309e-03,1.100667499748867042e-04
1.873605091405772033e-03,1.734165669759326690e-04
1.929221361185860361e-03,2.380209068806150928e-04
1.899481064781835234e-03,2.348266993007205384e-04
1.541915462805623074e-03,2.500143186178548733e-04
1.646562813339292903e-03,2.534087534326834269e-04
1.543788675860947000e-03,2.892094462781815800e-04
1.450158379184059805e-03,2.486111054100256876e-04
1.346609121814800131e-03,2.504523852129504798e-04
1.270013775329088433e-03,2.645773178916825392e-04
1.208052417867514937e-03,2.736058218623501010e-04
1.197206574844760472e-03,2.947122453464916378e-04
1.198063661420223141e-03,3.208660590935024444e-04
1.360980727383900206e-03,3.264651867697038277e-04
1.613737179784761151e-03,3.332865032904648258e-04
2.459814244350778164e-03,3.315845068159390448e-04
2.771799930623339379e-03,3.467688195869481245e-04
3.059196466350078483e-03,3.169247423309135394e-04
3.005494717097417952e-03,2.988743020902693290e-04
2.955656624937907928e-03,2.600752432137760700e-04
2.813573888047329885e-03,2.291046725279350554e-04
2.105854664141205892e-03,1.228682752270120963e-04
1.538223681032704427e-03,1.077101622319502015e-04
1.618018662657285311e-03,1.916658211618060218e-04
1.766718224881225208e-03,2.261541320054629876e-04
1.874316068395370100e-03,2.626993353037583101e-04
1.428494133132380325e-03,3.209530727542146689e-04
1.322789419843887733e-03,3.463447997312223831e-04
1.443683023688491348e-03,3.732756837729878357e-04
1.413187594225504516e-03,3.954386088048758878e-04
1.168077424858507537e-03,3.959110315019650833e-04
9.032582127634211297e-04,3.968129479086322515e-04
8.504462720458260067e-04,3.906966596510975270e-04
1.104704222539087824e-03,3.860257977277385937e-04
9.566116741989992610e-04,3.761296140085707159e-04
9.688695373365064766e-04,3.629934460474454382e-04
9.501849032422880065e-04,3.522945019414250680e-04
7.842046111898580982e-04,3.924167356236222702e-04
8.713766813292255550e-04,3.785984438905978453e-04
8.353832294410494736e-04,4.662306775915089842e-04
5.646344439790698189e-04,4.619411674888040768e-04
1.739849013958136693e-04,4.792990087000868543e-04
2.144346775012565941e-04,4.908923781610642460e-04
2.476669041536297975e-04,4.945180094369894903e-04
3.497998349519245245e-04,5.112179671468531717e-04
5.238931012781981693e-04,5.124639433616691659e-04
6.880507276600782976e-04,5.158398663059312120e-04
1.167952064473558099e-03,5.549176481462213045e-04
1.304512885245220520e-03,5.457276683742435120e-04
1.631647896358787066e-03,5.488006839786275376e-04
1.726458769656713521e-03,5.558472014906751029e-04
1.983296385757905931e-03,5.833596334762799866e-04
1.884707299870665848e-03,5.904493103639955149e-04
1.902137331187381914e-03,6.166508861340078054e-04
1.939358550673302064e-03,6.219037517658952338e-04
