# loss_dp, loss_pinn
5.043904112874064705e-01,2.463165671998758955e-03
5.038951611286273113e-01,2.144523731705959453e-03
5.038209044925539004e-01,2.029915644892555347e-03
5.038208796978106419e-01,2.029869407897930828e-03
5.038208794978851213e-01,2.029869403360108886e-03
5.038208777228503354e-01,2.029869389809093542e-03
5.038208628290040680e-01,2.029869355979279592e-03
5.017580303433839539e-01,2.029869265633737346e-03
5.016042080771452305e-01,2.029869029977432546e-03
5.005009198850416396e-01,2.029868405711029219e-03
5.003676239122579750e-01,2.029866732933458678e-03
5.003281546929198020e-01,2.029862054604764186e-03
5.001025259065543516e-01,2.029839008458864114e-03
5.000255474753239060e-01,4.310825983042388385e-04
5.000115829753120078e-01,4.301942122311130630e-04
5.000057059793693304e-01,4.044667983771611211e-04
5.000055834350380923e-01,3.574278031052393256e-04
5.000052824148908392e-01,2.497413976749123074e-04
5.000047256182450495e-01,1.558853418719820336e-04
5.000037290117957944e-01,9.734790815821569047e-05
5.000025438998482175e-01,2.252725973875472471e-05
5.000016548699872665e-01,1.365380571120981313e-05
5.000014725160446538e-01,1.117749471951223654e-05
5.000014124944156535e-01,9.854142926711679081e-06
5.000012106740916451e-01,7.782714461027770699e-06
5.000012043994803701e-01,4.909322640618518405e-06
5.000012035484296957e-01,3.120392386276327060e-06
5.000012013367869379e-01,2.718478389899582190e-06
5.000011956583383377e-01,2.382491245624938749e-06
5.000011809269179208e-01,2.070480614427671699e-06
5.000011433548641193e-01,1.917351384034715531e-06
5.000010478187175700e-01,1.811866860296998580e-06
5.000009732357868497e-01,1.715007273234792778e-06
5.000008781089423371e-01,1.567136516217646919e-06
5.000008341362156550e-01,1.341454842464144912e-06
5.000007869826534890e-01,1.148713069523437122e-06
5.000007331712976733e-01,1.122523418651222945e-06
5.000007029242355960e-01,1.108502197970113275e-06
5.000006970601359457e-01,1.084751706085066583e-06
5.000006788014937920e-01,1.041303391553013841e-06
5.000006418056890389e-01,9.667332490476460351e-07
5.000005780867793348e-01,8.854104961484324502e-07
5.000004966751239177e-01,8.042537310601105931e-07
5.000003972433001431e-01,7.479939260598003843e-07
5.000003422761047922e-01,7.092990362527776361e-07
5.000003264361717603e-01,6.449446593162425728e-07
5.000003190768522732e-01,5.065779809548329298e-07
5.000003115598130599e-01,3.860510375516145324e-07
5.000003093578559987e-01,3.348537610025871515e-07
5.000003006171084285e-01,3.097207677318003878e-07
5.000002870907037655e-01,3.018687959539526048e-07
5.000002647219897733e-01,2.934346418724854947e-07
5.000002093063161679e-01,2.879247578860957751e-07
5.000001538026335179e-01,2.824139817153151822e-07
5.000000659016111682e-01,2.802151433654583613e-07
4.999999848424781512e-01,2.793807144256287623e-07
4.999999636601466513e-01,2.789228124174366252e-07
4.999999412110527341e-01,2.784802911191888512e-07
4.999999332670028718e-01,2.771203250869858867e-07
4.999999297174426705e-01,2.704472460186963518e-07
4.999999271440004334e-01,2.495049273936724685e-07
4.999999269037223026e-01,2.318577289272100188e-07
4.999999267700640515e-01,2.046070384602622775e-07
4.999999266532041409e-01,1.811491628418696280e-07
4.999999265673061855e-01,1.581617814295383585e-07
4.999999265344919896e-01,1.499264827375327796e-07
4.999999265293485484e-01,1.478233803878767302e-07
4.999999265288848083e-01,1.462471890973777630e-07
4.999999265287453643e-01,1.458375171002644086e-07
4.999999265284767458e-01,1.456908667918023701e-07
4.999999265281159788e-01,1.455210727532141152e-07
4.999999265276760529e-01,1.454649817102435549e-07
4.999999265267179860e-01,1.454572283660743619e-07
4.999999265245826940e-01,1.454459203326153778e-07
4.999999265190876452e-01,1.454094215669485004e-07
4.999999265051940367e-01,1.453372545258863556e-07
4.999999264702025825e-01,1.451600517958338395e-07
4.999999263891415913e-01,1.447258567085960550e-07
4.999999262469631001e-01,1.436043434391509748e-07
4.999999260333647388e-01,1.408806932584940745e-07
4.999999256392358427e-01,1.355068245022906639e-07
4.999999255444741442e-01,1.291158198800269003e-07
4.999999254926096315e-01,1.209060902753258821e-07
4.999999254506026780e-01,1.114405082595316366e-07
4.999999254080418343e-01,1.071161923679871636e-07
4.999999253765733398e-01,1.056391697303646819e-07
4.999999253636006058e-01,1.037434147459478079e-07
4.999999253518911946e-01,1.024918027120212939e-07
4.999999253494433193e-01,1.018743530485879270e-07
4.999999253488545126e-01,1.017553309119909970e-07
4.999999253486702155e-01,1.016393182564731358e-07
4.999999253485636341e-01,1.015709515230035085e-07
4.999999253485314377e-01,1.015618294854847108e-07
4.999999253485183370e-01,1.015599730632204999e-07
4.999999253484885275e-01,1.015591830006503146e-07
4.999999253484435080e-01,1.015572887128681826e-07
4.999999253483313200e-01,1.015474452425586466e-07
4.999999253480446049e-01,1.012098813358747119e-07
4.999999253472964256e-01,1.003846902201868986e-07
4.999999253453363823e-01,9.981255990023109986e-08
4.999999253402173105e-01,9.895562485414021748e-08
4.999999253269941102e-01,9.886433338882260762e-08
4.999999252945795947e-01,9.859122002807844391e-08
4.999999252316200682e-01,9.857775317556360745e-08
4.999999251654791976e-01,9.855056699570154382e-08
4.999999251287939872e-01,9.854340512471935239e-08
4.999999250454296718e-01,9.854150560991212293e-08
4.999999250215232394e-01,9.854071508764961336e-08
4.999999250159570252e-01,9.854056692529808620e-08
4.999999250138609241e-01,9.854015956377854070e-08
4.999999250118624672e-01,9.853773134668229590e-08
4.999999250094796510e-01,9.853173950511930151e-08
4.999999250072156287e-01,9.852180148069052901e-08
4.999999250058803080e-01,9.850387560702673373e-08
4.999999250050192190e-01,9.846037875549944778e-08
4.999999250043763999e-01,9.837458356681619924e-08
4.999999250039381948e-01,9.822014745289614816e-08
4.999999250027067355e-01,9.782782376593802685e-08
4.999999249993445360e-01,9.768787536612840741e-08
4.999999249886762920e-01,9.737058363343576380e-08
4.999999249652333222e-01,9.716450319025919786e-08
4.999999248871892510e-01,9.704777338162548677e-08
4.999999247739666530e-01,9.693657479082689112e-08
4.999999247565085625e-01,9.686370142596723144e-08
4.999999246560613564e-01,9.683403661648994527e-08
4.999999244027804046e-01,9.678791776323672841e-08
4.999999243266611271e-01,9.673748547482185517e-08
4.999999242760642115e-01,9.667508589890720478e-08
4.999999242322363813e-01,9.658761090628093569e-08
4.999999241674210060e-01,9.645243807072354171e-08
4.999999241103874059e-01,9.634702450183948288e-08
4.999999240754812169e-01,9.618925368614283056e-08
4.999999239903361037e-01,9.599966554409888138e-08
4.999999239503218895e-01,9.594668489368847225e-08
4.999999238918146904e-01,9.586132212304077749e-08
4.999999238701317017e-01,9.574574668750336511e-08
4.999999238583142103e-01,9.563432020029724975e-08
4.999999238489110098e-01,9.548743190637080978e-08
4.999999238452504935e-01,9.543377545960080231e-08
4.999999238404682633e-01,9.535192381707156985e-08
4.999999238384812417e-01,9.523641160583421615e-08
4.999999238375536503e-01,9.521526447330307252e-08
4.999999238373288302e-01,9.517641755803276547e-08
4.999999238370317345e-01,9.514534225099021466e-08
4.999999238365043785e-01,9.509628762923141045e-08
4.999999238355192221e-01,9.507013655482913996e-08
4.999999238338997953e-01,9.504030630771742908e-08
4.999999238318245665e-01,9.501367899252917593e-08
4.999999238296822801e-01,9.496496407744237490e-08
4.999999238281760960e-01,9.488203170912033533e-08
4.999999238275124602e-01,9.482251075007471114e-08
4.999999238273386548e-01,9.459478280192357006e-08
4.999999238272512248e-01,9.448320743137603565e-08
4.999999238270754764e-01,9.443150903860340792e-08
4.999999238266670254e-01,9.439212638680966186e-08
4.999999238255758427e-01,9.437087462104021390e-08
4.999999238227150755e-01,9.433237638797691801e-08
4.999999238135405255e-01,9.427994074293298374e-08
4.999999237897269078e-01,9.418695125115253733e-08
4.999999237418044640e-01,9.413439583935581574e-08
4.999999236932005653e-01,9.412156683964721830e-08
4.999999235440374390e-01,9.405568066066798646e-08
4.999999234237036960e-01,9.399253171123999280e-08
4.999999233732368986e-01,9.397030680676777893e-08
4.999999233290308154e-01,9.388877885790967406e-08
4.999999232729409604e-01,9.385826356488388385e-08
4.999999232340949229e-01,9.382242208558481796e-08
4.999999231630474217e-01,9.378745174722974126e-08
4.999999231333528971e-01,9.374590678125477828e-08
4.999999230357723423e-01,9.370724365205737257e-08
4.999999229907622356e-01,9.369431090244901041e-08
4.999999228982480171e-01,9.367951666796553047e-08
4.999999226705874600e-01,9.366797600745537987e-08
4.999999226047429080e-01,9.366200403879847301e-08
4.999999224902657025e-01,9.365855628919153628e-08
4.999999224354079175e-01,9.365096918468048874e-08
4.999999223913647040e-01,9.363845532829372178e-08
4.999999223298898787e-01,9.362328660343015854e-08
4.999999222196117588e-01,9.361385641040979099e-08
4.999999221716838749e-01,9.359269431277460337e-08
4.999999221347537492e-01,9.357934272952945660e-08
4.999999221094375557e-01,9.356813399021421928e-08
4.999999220071049688e-01,9.356064689033824731e-08
4.999999219828838992e-01,9.355420293035306037e-08
4.999999219286551666e-01,9.354854083525364227e-08
4.999999218638160325e-01,9.354377187928266481e-08
4.999999218303901594e-01,9.353768973991064621e-08
4.999999217877455493e-01,9.353461155216307188e-08
4.999999217283286890e-01,9.353201930240743429e-08
4.999999216928741053e-01,9.352947971312644211e-08
4.999999216145352143e-01,9.352511442469626013e-08
4.999999215856250623e-01,9.351515896328658278e-08
4.999999215762707117e-01,9.351005391032409801e-08
4.999999215272292741e-01,9.350266525038029486e-08
4.999999214960317295e-01,9.350074977160114349e-08
4.999999214762470556e-01,9.349880008331262356e-08
4.999999214595192698e-01,9.349815850321636981e-08
4.999999214476920639e-01,9.349717952962444399e-08
4.999999214407847559e-01,9.349588448384959316e-08
4.999999214329317043e-01,9.349388911017802003e-08
4.999999214294435501e-01,9.349159310438297396e-08
4.999999214270496872e-01,9.349080059214412592e-08
4.999999214261552916e-01,9.348818313332328884e-08
4.999999214255097524e-01,9.348756636046148522e-08
4.999999214241602763e-01,9.348689657640956208e-08
4.999999214224810640e-01,9.348644525721053469e-08
4.999999214197452524e-01,9.348595017500347687e-08
4.999999214155650962e-01,9.348570037075708541e-08
4.999999214110747436e-01,9.348513225424095795e-08
4.999999213973623235e-01,9.348454058795621270e-08
4.999999213807726495e-01,9.348403027028384082e-08
4.999999213549712884e-01,9.348322169680826430e-08
4.999999212829930872e-01,9.348272134900430655e-08
4.999999211567479063e-01,9.348230614957871400e-08
4.999999210811106876e-01,9.348204097957777697e-08
4.999999210252256132e-01,9.348083461055835037e-08
4.999999208405659923e-01,9.347945489824629826e-08
4.999999207979676230e-01,9.347828830210984915e-08
4.999999207555269054e-01,9.347695811215821703e-08
4.999999207046060823e-01,9.347346385125421997e-08
4.999999206565516885e-01,9.347052403271251580e-08
4.999999206193252999e-01,9.346555987901047886e-08
4.999999205804342983e-01,9.346406906213935064e-08
4.999999205535125002e-01,9.346048396649882773e-08
4.999999205292861015e-01,9.345633520734112952e-08
4.999999205033782701e-01,9.345061319403084958e-08
4.999999204733016067e-01,9.344755167525881126e-08
4.999999204577151302e-01,9.343492316888859025e-08
4.999999204332469249e-01,9.341956829169538966e-08
4.999999204154527144e-01,9.341437396820082012e-08
4.999999204023808375e-01,9.340671524169352834e-08
4.999999203899675448e-01,9.339663567182175873e-08
4.999999203813862425e-01,9.337478769314420879e-08
4.999999203695968397e-01,9.332661921122696864e-08
4.999999203607672360e-01,9.331659139253478748e-08
4.999999203462481834e-01,9.326985197765214067e-08
4.999999203368938328e-01,9.325813612042905733e-08
4.999999203321245922e-01,9.323068547209379166e-08
4.999999203266210501e-01,9.313643385300524757e-08
4.999999203191767272e-01,9.310803760960019308e-08
4.999999203055583985e-01,9.308841126178085424e-08
4.999999202928042674e-01,9.304974224558597314e-08
4.999999202807266507e-01,9.301933646698555124e-08
4.999999202701147505e-01,9.295798452032124784e-08
4.999999202629996087e-01,9.290320258742068380e-08
4.999999202458621506e-01,9.279595919442464996e-08
4.999999202266136589e-01,9.261877521186064323e-08
4.999999201994808073e-01,9.250747072425699729e-08
4.999999201903820301e-01,9.236695269262746393e-08
4.999999201722536979e-01,9.229193186775937166e-08
4.999999201639622193e-01,9.220039086793510351e-08
4.999999201590412112e-01,9.199227555867349674e-08
4.999999201482184796e-01,9.185533900261284170e-08
4.999999201345038391e-01,9.172084356086463037e-08
4.999999201238998214e-01,9.158569267084205214e-08
4.999999201116823166e-01,9.151261216094823988e-08
4.999999201007775951e-01,9.147095268468888896e-08
4.999999200903868513e-01,9.141589558174334561e-08
4.999999200539111954e-01,9.136989101925291852e-08
4.999999199985774578e-01,9.131120166059778353e-08
4.999999199734267430e-01,9.124585977563431666e-08
4.999999199554940321e-01,9.115448087068258789e-08
4.999999199340133815e-01,9.107945726854592750e-08
4.999999199293378438e-01,9.094006672633588103e-08
4.999999199239855696e-01,9.086922132733471671e-08
4.999999199233191582e-01,9.081989250190755370e-08
4.999999199224196555e-01,9.078246707645697753e-08
4.999999199202286304e-01,9.074080949484278915e-08
4.999999199131449634e-01,9.070764230835974285e-08
4.999999199006869288e-01,9.063644003498942201e-08
4.999999198343175744e-01,9.061265602993230638e-08
4.999999198152949575e-01,9.059353701045201444e-08
4.999999196848819993e-01,9.057025236237944599e-08
4.999999196159480297e-01,9.054027743897277456e-08
4.999999195235222960e-01,9.052302150222243703e-08
4.999999193858549740e-01,9.051547803718964367e-08
4.999999193013528465e-01,9.051005327092996155e-08
4.999999191176330848e-01,9.050473647159568896e-08
4.999999189582639003e-01,9.049910590288993177e-08
4.999999188727274335e-01,9.049646815261516262e-08
4.999999187007531654e-01,9.049615895724679242e-08
4.999999186350670977e-01,9.049508485258844214e-08
4.999999185584127481e-01,9.049432029919548819e-08
4.999999184194377500e-01,9.049378957908980253e-08
4.999999180639096430e-01,9.049301869617313765e-08
4.999999178317822701e-01,9.049102929770451147e-08
4.999999175152139985e-01,9.048688983198629624e-08
4.999999174616402975e-01,9.048000229015355231e-08
4.999999173366959648e-01,9.047117780841082247e-08
4.999999170604524368e-01,9.046393226079743440e-08
4.999999168776850800e-01,9.046027060083829886e-08
4.999999168025359708e-01,9.045940198843387628e-08
4.999999166640537451e-01,9.045820607243139660e-08
4.999999164967108278e-01,9.045715372531604626e-08
4.999999162836613054e-01,9.045517242095026844e-08
4.999999160762410577e-01,9.045326189456870413e-08
4.999999160358894468e-01,9.045242663713260281e-08
4.999999159149127181e-01,9.045163776385625902e-08
4.999999157424608320e-01,9.045110331621255003e-08
4.999999156467638262e-01,9.045039995476146690e-08
4.999999155367447212e-01,9.044944279043754762e-08
4.999999154993158834e-01,9.044707640411170346e-08
4.999999154695978221e-01,9.044106625685171349e-08
4.999999154456059025e-01,9.043971630820276807e-08
4.999999154378922950e-01,9.043308621163722441e-08
4.999999154337606555e-01,9.041561654559245394e-08
4.999999154310418303e-01,9.039075094786819450e-08
4.999999154269798018e-01,9.038364103778503328e-08
4.999999154185901795e-01,9.036972623832960072e-08
4.999999154039401761e-01,9.034865439606003246e-08
4.999999153929768902e-01,9.031884631829446768e-08
4.999999153854569611e-01,9.025529637238629418e-08
4.999999153688394760e-01,9.017860247989203710e-08
4.999999153477742708e-01,9.013509836657189541e-08
4.999999153272106089e-01,9.002951663219374463e-08
4.999999153191895251e-01,8.997626307553446642e-08
4.999999153012973929e-01,8.992932746766525273e-08
4.999999152908588540e-01,8.988320547480895153e-08
4.999999152638514577e-01,8.984562884498986062e-08
4.999999152430858462e-01,8.982362380112863834e-08
4.999999152164047445e-01,8.979785106837734012e-08
4.999999152099258715e-01,8.975911388254550787e-08
4.999999152083082210e-01,8.972195733183802522e-08
4.999999151986913581e-01,8.970119736073514954e-08
4.999999151962781774e-01,8.968295893512920743e-08
4.999999151911495576e-01,8.964951049914482416e-08
4.999999151867292047e-01,8.962280584229778354e-08
4.999999151769912165e-01,8.960181361797387110e-08
4.999999151666396080e-01,8.958411879474968761e-08
4.999999151626455252e-01,8.955004560461603093e-08
4.999999151550654219e-01,8.952010864948918549e-08
4.999999151526334229e-01,8.945801027809248648e-08
4.999999151502934058e-01,8.944560601350790490e-08
4.999999151495257976e-01,8.940475941944179331e-08
4.999999151487043991e-01,8.937419457858759202e-08
4.999999151471859471e-01,8.934995194890800556e-08
4.999999151451650081e-01,8.933901793452406457e-08
4.999999151413927478e-01,8.932257072022896558e-08
4.999999151379590501e-01,8.930526863292881037e-08
4.999999151322586100e-01,8.929460857943685660e-08
4.999999151246281581e-01,8.929183860550386916e-08
4.999999151114944418e-01,8.929017818429597083e-08
4.999999151047198609e-01,8.928923485606979767e-08
4.999999150920231283e-01,8.928842385764315762e-08
4.999999150749200316e-01,8.928664632019883286e-08
4.999999150458519503e-01,8.928487228561957004e-08
4.999999150125616354e-01,8.928290364540270822e-08
4.999999149912474627e-01,8.928150056330873102e-08
4.999999149713577618e-01,8.928040014377673354e-08
4.999999149685084854e-01,8.927913624588725090e-08
4.999999149648897134e-01,8.927525603591657849e-08
4.999999149622919026e-01,8.926813275233830806e-08
4.999999149560310219e-01,8.925675929598241767e-08
4.999999149473829951e-01,8.923888080022491135e-08
4.999999149221830419e-01,8.922227742102079901e-08
4.999999148917090297e-01,8.921857632619028055e-08
4.999999148609315935e-01,8.921331262196096690e-08
4.999999148284863248e-01,8.920642294831963208e-08
4.999999148151806905e-01,8.920320111004455776e-08
4.999999147778753095e-01,8.919824524800810143e-08
4.999999147537121380e-01,8.919495437826715719e-08
4.999999147332982452e-01,8.919408073885876348e-08
4.999999147018741597e-01,8.919206003905115848e-08
4.999999146831316521e-01,8.918934756965659686e-08
4.999999146454074395e-01,8.918905870756762657e-08
4.999999146298659269e-01,8.918889055505238225e-08
4.999999145982982340e-01,8.918885041721059518e-08
4.999999145698312830e-01,8.918880042465051299e-08
4.999999145447200921e-01,8.918870708970967107e-08
4.999999145031132630e-01,8.918867744842399200e-08
4.999999144874291979e-01,8.918865724202728208e-08
4.999999144721439803e-01,8.918863292986388286e-08
4.999999144510645643e-01,8.918859330940927526e-08
4.999999144427135223e-01,8.918852020033467201e-08
4.999999144249692162e-01,8.918831600294478858e-08
4.999999144141410445e-01,8.918776845078072692e-08
4.999999144093509873e-01,8.918626627673131594e-08
4.999999144040755406e-01,8.918293243669604499e-08
4.999999143889466424e-01,8.917892560386744338e-08
4.999999143692324122e-01,8.917761325450299210e-08
4.999999143598333751e-01,8.916440628887903216e-08
4.999999143070352758e-01,8.916116882502531149e-08
4.999999142777786787e-01,8.915385659893780356e-08
4.999999142498850468e-01,8.914506698226987991e-08
4.999999142112067085e-01,8.913933666063151810e-08
4.999999141805872016e-01,8.912897033425154974e-08
4.999999141502858846e-01,8.912544190475318420e-08
4.999999141352927667e-01,8.911025046849596344e-08
4.999999141209195974e-01,8.910828452214659552e-08
4.999999140996013169e-01,8.909795158660057334e-08
4.999999140821439481e-01,8.909108577041526109e-08
4.999999140688135557e-01,8.908498500121574886e-08
4.999999140410463783e-01,8.907849624797479602e-08
4.999999140044241175e-01,8.906860526642698550e-08
4.999999139731296505e-01,8.906036975866020646e-08
4.999999139457699804e-01,8.905294192350439974e-08
4.999999139428414341e-01,8.904393359944406033e-08
4.999999139357474420e-01,8.903541957995557174e-08
4.999999139324587394e-01,8.901855339512900253e-08
4.999999139246445456e-01,8.901279609327436045e-08
4.999999139113487368e-01,8.900038872685352461e-08
4.999999138854219205e-01,8.898630470675004169e-08
4.999999138750028105e-01,8.897950782519568849e-08
4.999999138684212974e-01,8.897320614981646920e-08
4.999999138615433547e-01,8.896226902942891156e-08
4.999999138541861288e-01,8.895120735560173923e-08
4.999999138435662349e-01,8.894550098076001480e-08
4.999999138291137957e-01,8.894025628093205914e-08
4.999999138062332094e-01,8.892870973343791951e-08
4.999999137398944971e-01,8.892346179915556098e-08
4.999999137142391858e-01,8.891311149426882053e-08
4.999999136979359493e-01,8.890696505594502605e-08
4.999999136778336406e-01,8.889385229969514029e-08
4.999999136370590902e-01,8.888431396714126714e-08
4.999999135998878241e-01,8.888100035846029367e-08
4.999999135463952804e-01,8.887219924298675064e-08
4.999999135076006462e-01,8.886404823652187659e-08
4.999999134624129593e-01,8.884656281982212047e-08
4.999999134086760000e-01,8.884178326955884137e-08
4.999999133665304907e-01,8.883286405714067893e-08
4.999999132030155113e-01,8.882253923734442470e-08
4.999999131237681249e-01,8.881896378046855296e-08
4.999999130333158126e-01,8.881166851525648281e-08
4.999999129371976991e-01,8.880068177372037601e-08
4.999999128553272998e-01,8.877705957169910782e-08
4.999999127553084732e-01,8.877065862038994417e-08
4.999999126911182090e-01,8.875436710400981898e-08
4.999999124688713215e-01,8.874784765915255189e-08
4.999999123541192247e-01,8.873671726118487399e-08
4.999999122739836044e-01,8.873349565404723712e-08
4.999999121867483853e-01,8.872576933298342735e-08
4.999999120308487033e-01,8.871882708169551678e-08
4.999999118840042778e-01,8.870943223673797546e-08
4.999999117175956131e-01,8.869562863843951948e-08
4.999999116057782800e-01,8.868243541850419848e-08
4.999999115631130198e-01,8.866168719276256302e-08
4.999999115089609480e-01,8.864448780401507135e-08
4.999999114614867013e-01,8.862500439380683513e-08
4.999999114384272580e-01,8.861180072072753875e-08
4.999999114239910281e-01,8.859415406719396751e-08
4.999999114177812176e-01,8.857735224050538960e-08
4.999999114144734191e-01,8.857031092063991636e-08
4.999999114117736898e-01,8.855594061345767925e-08
4.999999114058488736e-01,8.853893971282265463e-08
4.999999113945978735e-01,8.852512184678316099e-08
4.999999113709494569e-01,8.851009708069518538e-08
4.999999113313869925e-01,8.848253433519482881e-08
4.999999112900051501e-01,8.847533081366658151e-08
4.999999112549423086e-01,8.845205189575361062e-08
4.999999112175071980e-01,8.842565401063567925e-08
4.999999111761522785e-01,8.841950537453954434e-08
4.999999111444978217e-01,8.838811556625449942e-08
4.999999111190112089e-01,8.836727997070542807e-08
4.999999110845368966e-01,8.835444165454281397e-08
4.999999110615394038e-01,8.834649894146373614e-08
4.999999110539074532e-01,8.833381331286326446e-08
4.999999110486935683e-01,8.831802643050900735e-08
4.999999110454375617e-01,8.830864513481722762e-08
4.999999110433911986e-01,8.830068213379211203e-08
4.999999110405916047e-01,8.829713647142496498e-08
4.999999110338220754e-01,8.828365289881291160e-08
4.999999110201623354e-01,8.826498028738893202e-08
4.999999109981662082e-01,8.824698553009813426e-08
4.999999109830176591e-01,8.824340129930812164e-08
4.999999109733498370e-01,8.823096498848017639e-08
4.999999109689071686e-01,8.821313570804557132e-08
4.999999109676694919e-01,8.820511426458904954e-08
4.999999109666904973e-01,8.818753306265956202e-08
4.999999109640139161e-01,8.817820852904482509e-08
4.999999109606928505e-01,8.816403900097799588e-08
4.999999109548759479e-01,8.815668426420457640e-08
4.999999109483125315e-01,8.812280454072762704e-08
4.999999109356302873e-01,8.808967869996563410e-08
4.999999109120167318e-01,8.805689592441873287e-08
4.999999108941828307e-01,8.804257544671920396e-08
4.999999108683662041e-01,8.801872861881313618e-08
4.999999108581063001e-01,8.799421952313069879e-08
4.999999108477568011e-01,8.796006611817180584e-08
4.999999108358049726e-01,8.795324557488974041e-08
4.999999108271875881e-01,8.793792421135329414e-08
4.999999108123563962e-01,8.790430827501074948e-08
4.999999107970859447e-01,8.786580292711094961e-08
4.999999107694136913e-01,8.783866669482287629e-08
4.999999107429154988e-01,8.780118218049739234e-08
4.999999107243913166e-01,8.778617818142308842e-08
4.999999106964136963e-01,8.773454223378674876e-08
4.999999106655739212e-01,8.770918673915035224e-08
4.999999106359654388e-01,8.768073512809089747e-08
4.999999106277772110e-01,8.765997353746176779e-08
4.999999106186213682e-01,8.763513858947677839e-08
4.999999106038953145e-01,8.760861537991368603e-08
4.999999105975633795e-01,8.758101668302354621e-08
4.999999105895878149e-01,8.755826648475116647e-08
4.999999105795081555e-01,8.753238726741515068e-08
4.999999105747169881e-01,8.752255948581469869e-08
4.999999105719837300e-01,8.749016921089018904e-08
4.999999105647804920e-01,8.748342522112621912e-08
4.999999105472312522e-01,8.746960402977967457e-08
4.999999105197990290e-01,8.745316031371642022e-08
4.999999105145478406e-01,8.744607098570522759e-08
4.999999104941566519e-01,8.743178004155535137e-08
4.999999104876540756e-01,8.742843636710396067e-08
4.999999104842077768e-01,8.742097334307261023e-08
4.999999104834911279e-01,8.740654575501970557e-08
4.999999104832159591e-01,8.739743739704012491e-08
4.999999104828315999e-01,8.737433022815789785e-08
4.999999104822163698e-01,8.736571482894426527e-08
4.999999104808278694e-01,8.734818449332092348e-08
4.999999104766905678e-01,8.734404591153263569e-08
4.999999104669438643e-01,8.734095242652128227e-08
4.999999104474296407e-01,8.733823743120766222e-08
4.999999104087553548e-01,8.733544575153598490e-08
4.999999103799537270e-01,8.733287878973172363e-08
4.999999103706997960e-01,8.732967562502164208e-08
4.999999103597116967e-01,8.732308051086062469e-08
4.999999103548044554e-01,8.732035681220768862e-08
4.999999103508575571e-01,8.731858269457885702e-08
4.999999103430491365e-01,8.731627104772927708e-08
4.999999103287040003e-01,8.731448166786150523e-08
4.999999103167513947e-01,8.731203755724776560e-08
4.999999102987644495e-01,8.731099401212266756e-08
4.999999102817870300e-01,8.731056056382665959e-08
4.999999102604730794e-01,8.731039351912309591e-08
4.999999102373541282e-01,8.731013704738765491e-08
4.999999102257234873e-01,8.730972964945182044e-08
4.999999102223393055e-01,8.730922679157770390e-08
4.999999102137857032e-01,8.730872065481939474e-08
4.999999102073998669e-01,8.730833324858789801e-08
4.999999101971656645e-01,8.730798833882810735e-08
4.999999101803777046e-01,8.730746617770676971e-08
4.999999101496356291e-01,8.730559741334456909e-08
4.999999101106210597e-01,8.730443073808014170e-08
4.999999100959992004e-01,8.729880475688095109e-08
4.999999100578291777e-01,8.729597448632996335e-08
4.999999100338478053e-01,8.729373096440209470e-08
4.999999099987419982e-01,8.728971774061104143e-08
4.999999099526912794e-01,8.728636709095827511e-08
4.999999099391416735e-01,8.728529054793540637e-08
4.999999099295494576e-01,8.728462362499727522e-08
4.999999099169720185e-01,8.728459721142393440e-08
4.999999099113033307e-01,8.728455151785683563e-08
4.999999099077681586e-01,8.728451237329812061e-08
4.999999099030845162e-01,8.728447309147083436e-08
4.999999099007456094e-01,8.728443566695144538e-08
4.999999098975643208e-01,8.728439218540307978e-08
4.999999098934529984e-01,8.728433912709737460e-08
4.999999098893637695e-01,8.728427174399376451e-08
4.999999098831843236e-01,8.728420008928948860e-08
4.999999098801012343e-01,8.728415266880719443e-08
4.999999098785285478e-01,8.728410309387178350e-08
4.999999098769086769e-01,8.728400970317726100e-08
4.999999098764255079e-01,8.728377845328399532e-08
4.999999098751353177e-01,8.728321695353278612e-08
4.999999098719348778e-01,8.728197894562861455e-08
4.999999098693849731e-01,8.728003751817971105e-08
4.999999098663882036e-01,8.727680690965415157e-08
4.999999098598600922e-01,8.727316020666288505e-08
4.999999098560936606e-01,8.727050848931575626e-08
4.999999098541419440e-01,8.726907644004007128e-08
4.999999098508013939e-01,8.726702012324026595e-08
4.999999098474121606e-01,8.726391858947544054e-08
4.999999098422532318e-01,8.726305558345506737e-08
4.999999098397882591e-01,8.726096964104093656e-08
4.999999098383996476e-01,8.725802410802369393e-08
4.999999098366268990e-01,8.725636511100861543e-08
4.999999098350058624e-01,8.725571345788704745e-08
4.999999098342852721e-01,8.725318034810399047e-08
4.999999098339591996e-01,8.725125319551171754e-08
4.999999098335976555e-01,8.724938356742377374e-08
4.999999098327995162e-01,8.724874179149481283e-08
4.999999098317364221e-01,8.724743043918262435e-08
4.999999098301307066e-01,8.724594529689380771e-08
4.999999098296844524e-01,8.724461474760054441e-08
4.999999098291978417e-01,8.724319242665256423e-08
4.999999098286411203e-01,8.724165298523112676e-08
4.999999098284472754e-01,8.724016502619413191e-08
4.999999098282372767e-01,8.723777565221724324e-08
4.999999098279663823e-01,8.723695980402893802e-08
4.999999098278719023e-01,8.723643494026778329e-08
4.999999098276768916e-01,8.723622947728686426e-08
4.999999098275099141e-01,8.723483450953618326e-08
4.999999098271976639e-01,8.723377495637423299e-08
4.999999098268945175e-01,8.723330730428421128e-08
4.999999098264831243e-01,8.723208192269723497e-08
4.999999098256673324e-01,8.723130378921802128e-08
4.999999098242274287e-01,8.722974753965018615e-08
4.999999098228800065e-01,8.722896233445186009e-08
4.999999098214522597e-01,8.722834157081663950e-08
4.999999098160836652e-01,8.722771462082415642e-08
4.999999098116220120e-01,8.722727895951853231e-08
4.999999098102026474e-01,8.722705940565730648e-08
4.999999098082864024e-01,8.722611243239283527e-08
4.999999098051975399e-01,8.722584272450441583e-08
4.999999098039066281e-01,8.722546299727378530e-08
4.999999098019444199e-01,8.722491635787590839e-08
4.999999098009809684e-01,8.722435764621952627e-08
4.999999097991671970e-01,8.722379653638823469e-08
4.999999097984791918e-01,8.722319859532114884e-08
4.999999097972289697e-01,8.722255518382896651e-08
4.999999097964047401e-01,8.722184222422015051e-08
4.999999097957221750e-01,8.722100087371530297e-08
4.999999097946327131e-01,8.722069664651653800e-08
4.999999097942255943e-01,8.721999993591358927e-08
4.999999097934890724e-01,8.721960383097087190e-08
4.999999097928705671e-01,8.721911451063370467e-08
4.999999097914987756e-01,8.721888092647801676e-08
4.999999097896362099e-01,8.721836018398475718e-08
4.999999097884864629e-01,8.721754062228682948e-08
4.999999097865346354e-01,8.721694093152120161e-08
4.999999097860463593e-01,8.721643592749520884e-08
4.999999097853518037e-01,8.721534607940936682e-08
4.999999097847341867e-01,8.721482554372108067e-08
4.999999097828043970e-01,8.721403596879579677e-08
4.999999097817732219e-01,8.721331424269419846e-08
4.999999097806825943e-01,8.721288232978121060e-08
4.999999097786982372e-01,8.721241140588561088e-08
4.999999097775845724e-01,8.721176953324776172e-08
4.999999097761078648e-01,8.721082374803849183e-08
4.999999097736085307e-01,8.720962308580730323e-08
4.999999097713087037e-01,8.720824081879982325e-08
4.999999097674852067e-01,8.720765987433552197e-08
4.999999097637721768e-01,8.720669720362101032e-08
4.999999097608368026e-01,8.720608628152913587e-08
4.999999097540572257e-01,8.720559157675016553e-08
4.999999097474743248e-01,8.720490099318015779e-08
4.999999097448651342e-01,8.720374186246916123e-08
4.999999097420824712e-01,8.720252003721481200e-08
4.999999097397573866e-01,8.720217751193958875e-08
4.999999097346856658e-01,8.720114092267708505e-08
4.999999097312995966e-01,8.720018870025690136e-08
4.999999097301871531e-01,8.719932243885764542e-08
4.999999097298015727e-01,8.719891359311314345e-08
4.999999097294252071e-01,8.719795833129559361e-08
4.999999097293408301e-01,8.719719003136852606e-08
4.999999097293036376e-01,8.719663390271267328e-08
4.999999097291516481e-01,8.719606886345369067e-08
4.999999097287888272e-01,8.719522229380681668e-08
4.999999097271498050e-01,8.719445268040701305e-08
4.999999097248928326e-01,8.719290943866925058e-08
4.999999097229276268e-01,8.719257064873670488e-08
4.999999097212851629e-01,8.719143761370062248e-08
4.999999097199248066e-01,8.719059358962528157e-08
4.999999097188103647e-01,8.719027637586622210e-08
4.999999097172423967e-01,8.718873440360461036e-08
4.999999097166694106e-01,8.718763950434146951e-08
4.999999097162693973e-01,8.718721677846739156e-08
4.999999097160499062e-01,8.718672962265371580e-08
4.999999097154237404e-01,8.718620135308240035e-08
4.999999097140772619e-01,8.718557499539982113e-08
4.999999097107118429e-01,8.718523511165150398e-08
4.999999097098626333e-01,8.718462863485760962e-08
4.999999097084530941e-01,8.718390454567223425e-08
4.999999097050361607e-01,8.718342389875672936e-08
4.999999097026206485e-01,8.718314064215407266e-08
4.999999097015608296e-01,8.718278838833073076e-08
4.999999097002382764e-01,8.718237629272682447e-08
4.999999096987902125e-01,8.718189384580637907e-08
4.999999096965912493e-01,8.718112325054561033e-08
4.999999096937565168e-01,8.718041835307915731e-08
4.999999096913140262e-01,8.718018218517720695e-08
4.999999096887379202e-01,8.717949037052857400e-08
4.999999096875571425e-01,8.717857320117608432e-08
4.999999096860749948e-01,8.717651037063215322e-08
4.999999096816181710e-01,8.717414075199214669e-08
4.999999096779322860e-01,8.717151194838906286e-08
4.999999096773002916e-01,8.716690965994918027e-08
4.999999096727816283e-01,8.716256491111242340e-08
4.999999096711001956e-01,8.715715376111389885e-08
4.999999096690780909e-01,8.715411789090835560e-08
4.999999096671909893e-01,8.715300819684377549e-08
4.999999096666588039e-01,8.715114633069541123e-08
4.999999096661479903e-01,8.715050916258979037e-08
4.999999096656457809e-01,8.715009428988964746e-08
4.999999096655015629e-01,8.714951920216291363e-08
4.999999096651368546e-01,8.714805613231165359e-08
4.999999096648008456e-01,8.714556638129376609e-08
4.999999096642039342e-01,8.714285463911121512e-08
4.999999096631168038e-01,8.714149533233638932e-08
4.999999096627391615e-01,8.714084554181126147e-08
4.999999096615593830e-01,8.714037171551755009e-08
4.999999096607669058e-01,8.714024713326163631e-08
4.999999096595170167e-01,8.714000905952987687e-08
4.999999096589399228e-01,8.713968821732431984e-08
4.999999096583815916e-01,8.713923226544021192e-08
4.999999096575879487e-01,8.713865240335452707e-08
4.999999096570917345e-01,8.713804141911351594e-08
4.999999096566067891e-01,8.713772567090929802e-08
4.999999096562172118e-01,8.713759262828087664e-08
4.999999096556245748e-01,8.713752336789500889e-08
4.999999096553170430e-01,8.713742847939018022e-08
4.999999096548861099e-01,8.713722173249188693e-08
4.999999096545825750e-01,8.713682993114135660e-08
4.999999096543500943e-01,8.713628971191386406e-08
4.999999096539542442e-01,8.713582192657916729e-08
4.999999096535364118e-01,8.713559039919451996e-08
4.999999096530399756e-01,8.713556615906289523e-08
4.999999096525197806e-01,8.713555876223829696e-08
4.999999096521220432e-01,8.713555199541511289e-08
4.999999096515573838e-01,8.713554780250448284e-08
4.999999096514493035e-01,8.713554647848911148e-08
4.999999096510207020e-01,8.713554580224951867e-08
4.999999096505194363e-01,8.713554467307979638e-08
4.999999096493690232e-01,8.713554244630647719e-08
4.999999096472484972e-01,8.713553516480808814e-08
4.999999096458569436e-01,8.713551331128230571e-08
4.999999096389404762e-01,8.713542942818861487e-08
4.999999096317108149e-01,8.713501973270976582e-08
4.999999096265528298e-01,8.713435223380388156e-08
4.999999096245592023e-01,8.713408600339844064e-08
4.999999096216548589e-01,8.713370280795178232e-08
4.999999096185387404e-01,8.713341166542361612e-08
4.999999096171045543e-01,8.713310937129022380e-08
4.999999096166680701e-01,8.713269342040454225e-08
4.999999096163623147e-01,8.713214847133077856e-08
4.999999096161417134e-01,8.713166612177857040e-08
4.999999096154096878e-01,8.713112862952077816e-08
4.999999096125675724e-01,8.713081738878543516e-08
4.999999096118062925e-01,8.713056238214293805e-08
4.999999096104369434e-01,8.713022640390611167e-08
4.999999096098552975e-01,8.712992566360009364e-08
4.999999096088705297e-01,8.712958207215465292e-08
4.999999096075954386e-01,8.712921342707574968e-08
4.999999096061847337e-01,8.712901663618201905e-08
4.999999096053369119e-01,8.712872796796527169e-08
4.999999096046403579e-01,8.712856130491385615e-08
4.999999096039283164e-01,8.712847429275908099e-08
4.999999096036245594e-01,8.712824957696221051e-08
4.999999096032496926e-01,8.712811264680676659e-08
4.999999096030309231e-01,8.712803805215552757e-08
4.999999096029134060e-01,8.712786597786795688e-08
4.999999096028054368e-01,8.712774131396615350e-08
4.999999096026965795e-01,8.712762051569680183e-08
4.999999096024364542e-01,8.712749450381282986e-08
4.999999096019637768e-01,8.712736573022474517e-08
4.999999096011189526e-01,8.712728042633761595e-08
4.999999096004100752e-01,8.712718687930700323e-08
4.999999095995325549e-01,8.712709631392344736e-08
4.999999095984184461e-01,8.712704705370619847e-08
4.999999095971453533e-01,8.712699344006749510e-08
4.999999095943780669e-01,8.712694432617169384e-08
4.999999095930197646e-01,8.712691073643412256e-08
4.999999095893591372e-01,8.712687455235131263e-08
4.999999095851764830e-01,8.712684940637597256e-08
4.999999095817750372e-01,8.712683254600378654e-08
4.999999095790069736e-01,8.712681442890798079e-08
4.999999095775162772e-01,8.712679773345877413e-08
4.999999095764675605e-01,8.712676758230326682e-08
4.999999095754401601e-01,8.712671895915691468e-08
4.999999095741275990e-01,8.712670376585210971e-08
4.999999095727496456e-01,8.712669053665139242e-08
4.999999095699893537e-01,8.712666059600723649e-08
4.999999095675687899e-01,8.712662827943914429e-08
4.999999095657033932e-01,8.712660500902600267e-08
4.999999095646875391e-01,8.712657138924131401e-08
4.999999095630311974e-01,8.712649961805727589e-08
4.999999095621971978e-01,8.712645925988480212e-08
4.999999095615454969e-01,8.712639381188402303e-08
4.999999095610022648e-01,8.712630160727026804e-08
4.999999095601569410e-01,8.712624562241350522e-08
4.999999095588097964e-01,8.712610044283400054e-08
4.999999095582953190e-01,8.712595645113876858e-08
4.999999095574403918e-01,8.712571952602720193e-08
4.999999095565281770e-01,8.712549755072050401e-08
4.999999095547643657e-01,8.712518355727423531e-08
4.999999095537799310e-01,8.712469890285449369e-08
4.999999095525932691e-01,8.712448498468025001e-08
4.999999095504900071e-01,8.712417834613684114e-08
4.999999095498051660e-01,8.712399785024555349e-08
4.999999095483346201e-01,8.712359956819314974e-08
4.999999095464406351e-01,8.712301413971714812e-08
4.999999095457963172e-01,8.712260449026662529e-08
4.999999095428906415e-01,8.712169346118769712e-08
4.999999095401677085e-01,8.712101041717438022e-08
4.999999095368212743e-01,8.712077630955115300e-08
4.999999095328105936e-01,8.711970177927065812e-08
4.999999095273469085e-01,8.711900586203290057e-08
4.999999095262532278e-01,8.711834008366209485e-08
4.999999095224417767e-01,8.711762687743524228e-08
4.999999095187940279e-01,8.711720925095476811e-08
4.999999095122876769e-01,8.711683233705162619e-08
4.999999095070259969e-01,8.711621842049837019e-08
4.999999095047771847e-01,8.711599254375778486e-08
4.999999094997554794e-01,8.711535315009665319e-08
4.999999094905103192e-01,8.711476668326288004e-08
4.999999094869447824e-01,8.711404188031834924e-08
4.999999094779125630e-01,8.711297007641891971e-08
4.999999094742813011e-01,8.711235664728003971e-08
4.999999094594786975e-01,8.711166091528044679e-08
4.999999094548152057e-01,8.711119640493116910e-08
4.999999094467260097e-01,8.710982731373944023e-08
4.999999094443068337e-01,8.710953473932229960e-08
4.999999094395451982e-01,8.710805612883321450e-08
4.999999094355521700e-01,8.710697354271240090e-08
4.999999094254001797e-01,8.710646353666649434e-08
4.999999094226768026e-01,8.710448424852841921e-08
4.999999094163917190e-01,8.710266932139172241e-08
4.999999094137436151e-01,8.710185154055437447e-08
4.999999094099807362e-01,8.710057746179752652e-08
4.999999094066180372e-01,8.709865596864634832e-08
4.999999094023592772e-01,8.709758502592712944e-08
4.999999093962980701e-01,8.709640592664564136e-08
4.999999093898594982e-01,8.709578340947558712e-08
4.999999093842246167e-01,8.709492870585648717e-08
4.999999093812771411e-01,8.709411960508271777e-08
4.999999093788728421e-01,8.709263259279453863e-08
4.999999093764787572e-01,8.709066777353717411e-08
4.999999093724363797e-01,8.708674277996025425e-08
4.999999093710612574e-01,8.708576086624240314e-08
4.999999093699167285e-01,8.708489957978752048e-08
4.999999093690690732e-01,8.708357578423999371e-08
4.999999093677179873e-01,8.708303411783513791e-08
4.999999093667206740e-01,8.708250657466878276e-08
4.999999093659343585e-01,8.708208227464351610e-08
4.999999093656168903e-01,8.708149518980854894e-08
4.999999093649092341e-01,8.708076468331925457e-08
4.999999093644574844e-01,8.707985803850665772e-08
4.999999093636362524e-01,8.707902393026336994e-08
4.999999093629414748e-01,8.707733239678118170e-08
4.999999093619850732e-01,8.707681671385551904e-08
4.999999093608420431e-01,8.707432075336190177e-08
4.999999093595346999e-01,8.707333875997340219e-08
4.999999093587542687e-01,8.707175485314285539e-08
4.999999093575216991e-01,8.707072781234385269e-08
4.999999093566566133e-01,8.706947737171857604e-08
4.999999093556312113e-01,8.706870710802884127e-08
4.999999093539799766e-01,8.706763239373316499e-08
4.999999093518652793e-01,8.706691099891881815e-08
4.999999093508026848e-01,8.706599449663603525e-08
4.999999093490263835e-01,8.706546537381182432e-08
4.999999093471304001e-01,8.706397391827390988e-08
4.999999093450906429e-01,8.706368898158774182e-08
4.999999093427318630e-01,8.706263663989971538e-08
4.999999093411484630e-01,8.706145259481810045e-08
4.999999093390727900e-01,8.706055936669816814e-08
4.999999093364992930e-01,8.705925660159654921e-08
4.999999093336073841e-01,8.705870341526520162e-08
4.999999093316609411e-01,8.705781761120828987e-08
4.999999093258677973e-01,8.705605065053631668e-08
4.999999093197714517e-01,8.705443063235568066e-08
4.999999093086980317e-01,8.705363812528743936e-08
4.999999092886268648e-01,8.705337857078007346e-08
4.999999092858009586e-01,8.705281611932793659e-08
4.999999092692694047e-01,8.705248362611678478e-08
4.999999092440368664e-01,8.705212428843755275e-08
4.999999092106983678e-01,8.705200824415852435e-08
4.999999092049495775e-01,8.705179974265513157e-08
4.999999091989489886e-01,8.705172169641991254e-08
4.999999091832244003e-01,8.705162864970876540e-08
4.999999091750314539e-01,8.705149183302276830e-08
4.999999091521789563e-01,8.705129975706234087e-08
4.999999091463632750e-01,8.705104427889738080e-08
4.999999091451084454e-01,8.705069723818913475e-08
4.999999091409454421e-01,8.704959792406211937e-08
4.999999091356600034e-01,8.704877047734146047e-08
4.999999091214610281e-01,8.704828226870887114e-08
4.999999091171472010e-01,8.704794460920202553e-08
4.999999091163750964e-01,8.704759587182868496e-08
4.999999091100215676e-01,8.704713420297636620e-08
4.999999091012105601e-01,8.704676042976784292e-08
4.999999090924298062e-01,8.704632493209559051e-08
4.999999090844804428e-01,8.704595965335623761e-08
4.999999090718748596e-01,8.704570033675551853e-08
4.999999090623434839e-01,8.704557328116955300e-08
4.999999090514291034e-01,8.704534165518389139e-08
4.999999090377972299e-01,8.704527296570343140e-08
4.999999090266427082e-01,8.704511069414058684e-08
4.999999090013995673e-01,8.704501631712670160e-08
4.999999089914596295e-01,8.704494113710290413e-08
4.999999089535511199e-01,8.704490062614425523e-08
4.999999089455113288e-01,8.704487415921902222e-08
4.999999089266963237e-01,8.704484052711684662e-08
4.999999089174266276e-01,8.704479279763854794e-08
4.999999089139684494e-01,8.704469675436021594e-08
4.999999089103339123e-01,8.704452300400437445e-08
4.999999089083115855e-01,8.704432530274430194e-08
4.999999089058891899e-01,8.704429347086006916e-08
4.999999089037510114e-01,8.704411173390526573e-08
4.999999089019720455e-01,8.704394454701235908e-08
4.999999088998999808e-01,8.704388339556336151e-08
4.999999088977952200e-01,8.704370184508296730e-08
4.999999088950705106e-01,8.704349112431533476e-08
4.999999088932762237e-01,8.704326639458035184e-08
4.999999088887709942e-01,8.704316122684391576e-08
4.999999088831205696e-01,8.704302030390467512e-08
4.999999088797504321e-01,8.704294656938157889e-08
4.999999088776775902e-01,8.704283857007388802e-08
4.999999088732278718e-01,8.704269384764834848e-08
4.999999088664980884e-01,8.704254829961561304e-08
4.999999088536735137e-01,8.704244631958004783e-08
4.999999088374082468e-01,8.704227824441495228e-08
4.999999088281213977e-01,8.704214703134491415e-08
4.999999088254225010e-01,8.704208333623069734e-08
4.999999088185788088e-01,8.704197717233976075e-08
4.999999088157139338e-01,8.704188418786334032e-08
4.999999088121092061e-01,8.704169036603528912e-08
4.999999088102760059e-01,8.704129092968000147e-08
4.999999088092470512e-01,8.704073226391709528e-08
4.999999088078592724e-01,8.704013122638566459e-08
4.999999088055160357e-01,8.704004966549946280e-08
4.999999088017297311e-01,8.703997431145208457e-08
4.999999087973697742e-01,8.703979844550339653e-08
4.999999087916545681e-01,8.703972028981049047e-08
4.999999087893315375e-01,8.703965274531188590e-08
4.999999087831102362e-01,8.703955665519934199e-08
4.999999087722919455e-01,8.703940182205004283e-08
4.999999087611166626e-01,8.703926646295742608e-08
4.999999087325477376e-01,8.703910927153401469e-08
4.999999086760256173e-01,8.703897915441981645e-08
4.999999086421299532e-01,8.703880275711363601e-08
4.999999086182290720e-01,8.703838352282386167e-08
4.999999085723221826e-01,8.703786506704610039e-08
4.999999085347412997e-01,8.703723378622061246e-08
4.999999085238333030e-01,8.703688592062373236e-08
4.999999085006593957e-01,8.703638979320812700e-08
4.999999084632870128e-01,8.703571076304181483e-08
4.999999084535234339e-01,8.703521764500853961e-08
4.999999084501876023e-01,8.703482535002761582e-08
4.999999084482950051e-01,8.703437311331969417e-08
4.999999084461772547e-01,8.703393594305976170e-08
4.999999084450311715e-01,8.703356610114287839e-08
4.999999084438505048e-01,8.703245645038719875e-08
4.999999084421096196e-01,8.703093498732631853e-08
4.999999084411957950e-01,8.703034192962264194e-08
4.999999084405951089e-01,8.702866088810670192e-08
4.999999084399663896e-01,8.702552168030360135e-08
4.999999084381205883e-01,8.702386555670863154e-08
4.999999084338929145e-01,8.702281873966801328e-08
4.999999084258244242e-01,8.702145912513796713e-08
4.999999084122472848e-01,8.702070782193158054e-08
4.999999083909646425e-01,8.702003757283622886e-08
4.999999083788154719e-01,8.701963231890852288e-08
4.999999083488275708e-01,8.701889307477354288e-08
4.999999083300085134e-01,8.701795000963929715e-08
4.999999083083336848e-01,8.701774338817997914e-08
4.999999082887293111e-01,8.701739609119908263e-08
4.999999082670004702e-01,8.701716857400989423e-08
4.999999082593491462e-01,8.701679524543483917e-08
4.999999082560660502e-01,8.701618324450116083e-08
4.999999082558395092e-01,8.701545554955149351e-08
4.999999082549616003e-01,8.701465949213172330e-08
4.999999082539725581e-01,8.701404294943960875e-08
4.999999082520956151e-01,8.701329061025203979e-08
4.999999082491517477e-01,8.701166680055072183e-08
4.999999082455862665e-01,8.701088579014742267e-08
4.999999082428110975e-01,8.700991772165239038e-08
4.999999082375577997e-01,8.700946316682923410e-08
4.999999082334383727e-01,8.700785653254648948e-08
4.999999082306304521e-01,8.700704612345992343e-08
4.999999082261600836e-01,8.700579016564581370e-08
4.999999082212139845e-01,8.700549766490478997e-08
4.999999082183276267e-01,8.700500976015472018e-08
4.999999082144939155e-01,8.700446157294709543e-08
4.999999082112704940e-01,8.700426478623343269e-08
4.999999082098804948e-01,8.700381398801386474e-08
4.999999082089293667e-01,8.700329944291899507e-08
4.999999082080631707e-01,8.700295744794287007e-08
4.999999082073808276e-01,8.700271140495705410e-08
4.999999082066554079e-01,8.700261238596208702e-08
4.999999082057928756e-01,8.700257026607803968e-08
4.999999082032406950e-01,8.700239595197210126e-08
4.999999081960031511e-01,8.700231797622893610e-08
4.999999081834644588e-01,8.700221104517832688e-08
4.999999081665708056e-01,8.700211313696430120e-08
4.999999081593371475e-01,8.700199252327675627e-08
4.999999081531073530e-01,8.700178090478829554e-08
4.999999081497320530e-01,8.700157555402021025e-08
4.999999081468748940e-01,8.700111555273103829e-08
4.999999081405970269e-01,8.700087158456824231e-08
4.999999081268907131e-01,8.700034934187941856e-08
4.999999081221356279e-01,8.699984684869629038e-08
4.999999081152070035e-01,8.699943598348740078e-08
4.999999081087496133e-01,8.699908013757985193e-08
4.999999081026212377e-01,8.699885912012438790e-08
4.999999080930785933e-01,8.699878437856628237e-08
4.999999080847770117e-01,8.699876127220101597e-08
4.999999080762492776e-01,8.699872877581734494e-08
4.999999080588429790e-01,8.699870452045526049e-08
4.999999080327108270e-01,8.699868656064689531e-08
4.999999080208349933e-01,8.699867583188627364e-08
4.999999079992594186e-01,8.699867067021818553e-08
4.999999079784934186e-01,8.699866358085356369e-08
4.999999079646629818e-01,8.699864433631348147e-08
4.999999079560792370e-01,8.699860035169541372e-08
4.999999079502379651e-01,8.699850212075434418e-08
4.999999079371167943e-01,8.699834649534638328e-08
4.999999079258686807e-01,8.699827124947813555e-08
4.999999079126198342e-01,8.699788478884939248e-08
4.999999079042249384e-01,8.699779927346405233e-08
4.999999078905499328e-01,8.699775660755313280e-08
4.999999078692428656e-01,8.699771210975789078e-08
4.999999078605542602e-01,8.699765043996623411e-08
4.999999078506224270e-01,8.699755068341200778e-08
4.999999078462772362e-01,8.699740147346028262e-08
4.999999078395146457e-01,8.699738158291536923e-08
4.999999078314348866e-01,8.699731283908222115e-08
4.999999078249883766e-01,8.699718267768003175e-08
4.999999078173781308e-01,8.699709119019486310e-08
4.999999078149218734e-01,8.699702470257660243e-08
4.999999078113799844e-01,8.699688393517988801e-08
4.999999078037095646e-01,8.699670280857468588e-08
4.999999077971324368e-01,8.699634196091235780e-08
