# error_dp, error_pinn
4.219465736653864318e-02,4.221002852140250811e-02
4.218031024694480352e-02,4.218031027394318622e-02
1.692311374717284447e-02,1.888039678211792666e-02
1.644440259283566977e-02,2.192766876558635558e-02
1.505885571765086875e-02,1.895270572681778329e-02
1.434144856784951363e-02,1.543443329992324684e-02
1.841691038809498832e-02,1.447475950324828529e-02
1.422630010633005315e-02,1.231257252794774361e-02
1.100044047222513768e-02,1.253545445002422591e-02
6.200339434554148765e-03,1.007186630237901642e-02
6.732106458724759421e-03,1.024861334234850908e-02
3.833762263135741168e-03,4.035090778764675000e-03
4.295426051153695621e-03,2.121558767181590775e-03
5.881272041721830740e-03,1.693343397864235196e-03
1.377752479256817361e-02,1.810705537503165801e-03
1.322826484589715267e-02,1.817784037932548835e-03
1.418776272250676755e-02,1.974049367389025308e-03
1.475498001060152227e-02,2.517421054867922427e-03
1.582094571895623081e-02,2.668984599083115694e-03
1.653421550549813088e-02,2.513976223979261584e-03
1.771763331321036042e-02,1.758444382144952901e-03
1.741839978673386663e-02,1.173074060850965621e-03
1.595777767453959717e-02,1.100992212684498558e-03
1.342566598025695182e-02,1.203899566275601959e-03
1.267957300350678641e-02,2.724410179477668864e-03
1.225744314764303476e-02,2.321822847491623182e-03
1.212886850449234818e-02,1.358639669598765785e-03
1.140742084961958447e-02,1.424298696443482585e-03
1.128561347915655287e-02,1.808501493909064808e-03
1.048564732845141262e-02,1.372127268294860833e-03
8.373007721161011135e-03,1.401527162920911205e-03
3.509230078441703555e-03,1.314189793813945895e-03
3.607082367683525290e-03,1.464915311414553877e-03
1.974665354047435480e-03,1.604754196793718160e-03
1.382858426991268562e-03,1.514950235507866614e-03
1.251009966358523125e-03,1.377827262669214159e-03
8.050225593160001631e-04,1.578122192926125758e-03
1.474636659202700978e-03,1.787058129212096324e-03
1.989688862346401192e-03,1.900462094562061421e-03
2.274119637408404063e-03,1.800853839642321645e-03
2.800435741468659031e-03,2.646562728185722965e-03
4.056037883718228119e-03,2.535163311615395813e-03
4.957103188569382361e-03,2.321538713683755917e-03
4.401216849390785467e-03,2.806015253241757670e-03
2.009082479448514019e-03,3.075018548739880467e-03
1.936262026683938271e-03,3.291494207072899903e-03
2.862596310030537938e-03,3.636790951216405110e-03
2.815617404225290686e-03,5.610408187105913116e-03
4.040228943584457839e-03,5.396546726174017948e-03
4.407447908650761505e-03,6.206678182515807350e-03
4.192388848916737271e-03,6.048548791757596930e-03
2.963919065468471111e-03,6.503822723327780733e-03
4.143430128596829395e-03,6.260838891726090011e-03
5.474922822850125832e-03,6.212366059142112630e-03
4.498338647441098292e-03,6.143848242377123944e-03
4.502707981382932274e-03,6.149172609798572373e-03
4.562207804731293302e-03,5.917666620122502205e-03
4.900698698678477259e-03,5.521318265678538083e-03
5.363560403477294833e-03,4.219661804020041936e-03
5.437883442484447646e-03,5.705742159829404678e-03
5.542553909090183750e-03,6.016258569942211504e-03
5.536937369111522185e-03,5.773964515742549715e-03
5.555418618493654197e-03,6.039509827456422154e-03
5.437087771411000352e-03,6.064154229996472807e-03
5.290137263636871326e-03,5.986286200214346355e-03
5.473196412445245108e-03,6.086257498853599353e-03
5.346241892210846711e-03,6.256014063310485172e-03
5.272084987107157096e-03,5.689402469756079175e-03
5.257807796681355193e-03,5.647565294414221525e-03
5.491837748165417921e-03,5.709584079973623397e-03
5.729283648061743103e-03,5.468524966565520978e-03
5.937467002589058400e-03,3.960420343902546284e-03
6.010206494970474905e-03,3.760991970582631180e-03
6.114994558708095745e-03,3.648255802872811190e-03
6.436790770976144431e-03,3.365418066499260754e-03
6.336444089677204135e-03,3.426904129823935604e-03
6.967682640589239855e-03,3.420234246945614860e-03
7.205292569822464681e-03,3.424264232891948995e-03
8.857311820859076548e-03,3.280500581834044915e-03
8.436188062006131846e-03,2.829570577553305964e-03
7.521240131733590399e-03,3.146048995158251191e-03
8.611182497962934987e-03,3.016662464578874752e-03
9.238326666168434481e-03,2.869402384703068510e-03
9.450782913540426919e-03,2.153213989014030137e-03
1.131280967592114030e-02,2.063606609157408057e-03
1.089967319428137606e-02,2.339539284639096002e-03
1.197088094967062311e-02,2.190654884917550473e-03
1.285249593765163713e-02,2.058914337430240230e-03
1.483569067205605871e-02,1.818623913437882088e-03
1.465726013928374087e-02,1.737308232875846119e-03
1.531838928161248503e-02,1.598858173296960642e-03
1.259396039728728940e-02,1.201851805389553100e-03
1.103909124246842989e-02,1.166539584861794919e-03
9.911013889088741632e-03,1.075550301028946115e-03
1.004377652222577383e-02,1.063383488297755738e-03
1.037231944913426240e-02,8.807121283034663418e-04
1.027360796682019739e-02,8.509114005459348382e-04
1.014917264568752572e-02,8.156536501516962112e-04
9.983514895387455776e-03,7.829396554157072412e-04
9.624919218022297274e-03,7.478978331648457887e-04
1.020465798578330807e-02,6.800113787547579225e-04
1.002146015572373192e-02,5.600080584024162266e-04
9.946982367676432749e-03,3.898049377313986589e-04
1.009187029044627919e-02,2.001545442967056563e-04
1.027019100856939315e-02,1.468419915169073549e-04
1.022954220743017145e-02,2.938072952115372235e-04
9.926216027013379239e-03,3.231626663535533839e-04
8.552438945720374289e-03,2.808686823031828470e-04
6.974556365129932177e-03,1.978422324633189876e-04
5.519458508402664242e-03,1.779489903131535958e-04
2.372232789194855460e-03,2.024387250884417512e-04
3.653545203401295169e-03,2.276650971413311895e-04
3.243095966138193412e-03,2.420316704226703149e-04
2.338632081219812770e-03,2.510861106883112469e-04
2.741440002741646256e-03,2.513921537632805045e-04
2.880558320321920541e-03,2.512675512950853797e-04
2.647002241556849038e-03,2.511426749304873553e-04
2.682341398716898018e-03,2.512522590160415651e-04
2.445926808875619873e-03,2.513511761824681638e-04
1.786763731140988271e-03,2.519326871924957374e-04
6.238857596963021980e-04,2.517128539556289933e-04
6.727516537641790471e-04,2.514663871009302975e-04
5.454343297726400993e-04,2.510456967701424303e-04
1.722185474358332608e-04,2.504480562617497738e-04
1.630220621112039013e-04,2.495973934140587112e-04
4.695585530317394007e-04,2.485419588057578974e-04
6.378119554297760488e-04,2.475087210418937971e-04
1.031462174492741571e-03,2.470370166895239760e-04
9.983141457174590783e-04,2.520600085841705066e-04
1.083552503573166669e-03,2.676566019337737264e-04
8.938338531486929870e-04,2.785294255049684071e-04
9.645595005774886726e-04,2.804014645775192507e-04
9.533488002668793690e-04,2.834603654168806465e-04
9.380421138314139554e-04,2.849593384202393624e-04
1.013527241540736375e-03,2.865337584485635049e-04
1.138884925143976564e-03,2.815273235816080719e-04
1.326185284511333237e-03,2.845631429520017910e-04
1.416141415590804926e-03,2.916219313625190005e-04
1.555413547509967983e-03,2.925726909991503721e-04
1.540033651521538005e-03,2.966297122726068033e-04
1.600269745622425431e-03,3.053261850818080850e-04
1.724707976372133770e-03,3.038480977716343304e-04
1.795564575207089786e-03,3.072416626680966466e-04
1.890369593473457911e-03,3.139199493495802452e-04
1.927798563118660741e-03,3.133084453861918381e-04
2.045668898557753430e-03,3.170759352882935862e-04
2.209912236733982752e-03,3.245297622237545954e-04
2.269370245453820184e-03,3.240817786029053914e-04
2.377076147476635173e-03,3.280404431818599543e-04
2.458273078602037608e-03,3.297028191211309181e-04
2.394556329775995081e-03,3.365805239552647067e-04
2.406909073292095962e-03,3.372213312114093892e-04
2.322624197318145026e-03,3.432964950120280458e-04
2.322910903016076056e-03,3.494602517736818776e-04
2.238090994137406382e-03,3.652854840636952927e-04
2.289751136114309520e-03,3.729174970983331529e-04
2.306186098293483162e-03,3.726084796291103752e-04
2.339462970341957011e-03,3.721268078364104175e-04
2.346975917619867086e-03,3.757264787129937795e-04
2.225449501624426462e-03,3.808282969719701204e-04
2.136259866768091924e-03,3.854129684820904386e-04
1.922540038898776487e-03,3.934679907177854709e-04
1.467146481058951039e-03,3.945362714665789981e-04
7.172605583261005766e-04,4.002204663874991638e-04
7.225026616057044415e-04,4.019185873394008255e-04
7.470847453030176168e-04,4.063886388833716479e-04
8.471393341025493457e-04,4.153878896673973958e-04
9.127832075902106651e-04,4.172156246555564158e-04
7.037350121284780555e-04,4.233006020218959197e-04
5.132177353777371684e-04,4.299453313709462985e-04
3.235182286931114468e-04,4.327910268615071834e-04
2.981298311900824243e-04,4.378229169885043725e-04
2.566048395633267493e-04,4.399361333980883492e-04
2.252228711961025832e-04,4.389706858082027688e-04
2.212230193526389501e-04,4.412019740513305937e-04
1.982188001618058514e-04,4.444993241819612242e-04
1.216101075301377035e-04,4.478012164216941550e-04
1.114626497684356959e-04,4.541132950774851452e-04
1.220500248931542954e-04,4.630963626395320364e-04
1.383083158169469938e-04,4.799232086967407623e-04
1.462134680343206818e-04,4.831305078279933248e-04
1.630414731261512666e-04,4.723515614041782227e-04
1.776263380284962630e-04,4.741309675255568666e-04
1.787893193576289364e-04,4.796168849440631617e-04
1.789643050503919727e-04,4.796276103279735925e-04
1.784396412527975968e-04,4.824302783300566484e-04
1.772437344416231562e-04,4.873058671159625262e-04
1.758189896499557107e-04,4.926188297223031308e-04
1.750108147571994991e-04,4.937763454434783168e-04
1.744401744943412482e-04,4.949216483334310497e-04
1.734948665729265922e-04,5.014931004788605743e-04
1.719890082426888355e-04,5.017468924540009626e-04
1.690997068278565817e-04,5.008037636951459363e-04
1.633141319293169875e-04,5.017327631802386912e-04
1.514565618100020654e-04,5.061683964504421190e-04
1.310866949616231727e-04,5.054129308724111683e-04
1.070162333263860373e-04,5.141335779727803723e-04
9.544080855902960681e-05,5.154190896189025017e-04
8.909070479832037546e-05,5.194024828578706291e-04
8.891155565173122690e-05,5.202599009918276078e-04
9.288429647144809973e-05,5.237708760583492445e-04
9.044939455449861143e-05,5.265300737501814061e-04
8.425671160219326875e-05,5.297462489226853000e-04
8.130894083074798615e-05,5.301918696111857475e-04
8.021286689353622772e-05,5.329724919462728271e-04
8.627576433196152913e-05,5.328654055573556984e-04
8.385827713697502621e-05,5.336570147570534250e-04
8.471256230649861657e-05,5.358632505432179291e-04
8.604667970258177113e-05,5.362936178893558609e-04
8.816597198202727470e-05,5.390300171607014836e-04
9.573097541618168368e-05,5.412028017344322744e-04
9.225629594647058267e-05,5.437836719209360398e-04
9.794257899269811075e-05,5.476703948017306884e-04
1.160722178743024983e-04,5.490825689227687035e-04
1.182610596417656861e-04,5.498204812342214354e-04
1.327578555765862253e-04,5.515052947710630130e-04
1.387203520003175657e-04,5.577129758111856826e-04
1.442365232170087332e-04,5.587826823957913131e-04
1.525675739133262778e-04,5.587752055261822979e-04
1.711575378914797986e-04,5.604968346867400357e-04
1.716119182570556600e-04,5.643998906893043632e-04
1.882364503758465800e-04,5.646565139455282482e-04
2.080858125181075892e-04,5.652970043467096025e-04
2.175561229482708562e-04,5.668448244242293467e-04
2.353821410828005160e-04,5.677090804437499773e-04
2.482828679276772709e-04,5.708990832610652891e-04
2.524774039477295159e-04,5.702634614574367137e-04
2.733373557147890744e-04,5.717092727795533916e-04
2.650693949906328048e-04,5.728308842980930600e-04
2.748738496285546540e-04,5.740527019690951820e-04
2.783282016027194858e-04,5.790588517042570592e-04
2.861749365917909274e-04,5.778372717094283845e-04
3.034519229816885744e-04,5.784759958861858615e-04
3.020148727331709677e-04,5.817981603744761931e-04
3.393220239756154126e-04,5.820710137059993119e-04
3.417138672158004722e-04,5.865500369927021144e-04
3.337981722379278638e-04,5.929890808466818175e-04
3.345378344828383926e-04,5.963948057238274833e-04
3.569789636376944708e-04,6.034115349179395736e-04
3.676392776564959479e-04,6.011211190746463357e-04
3.724035139806877010e-04,6.041231720009833644e-04
3.907680988782644593e-04,6.051291419983536538e-04
3.870631691123663535e-04,6.062795519769083406e-04
4.264978691759345876e-04,6.078172525104078450e-04
4.330673154338218365e-04,6.124001762960865937e-04
4.218486938975934139e-04,6.110338573490096872e-04
4.444841170682930294e-04,6.182752164309220652e-04
4.611868133466902765e-04,6.205109136484424992e-04
4.791371819720615819e-04,6.219946098689375317e-04
4.978238424691928173e-04,6.287457918223979042e-04
4.903572838030101399e-04,6.284526673484838125e-04
5.058878596958130223e-04,6.291806883744480638e-04
5.093828181568226280e-04,6.327377657782932855e-04
5.268456500340946546e-04,6.358150287547588517e-04
5.293517194573699354e-04,6.441132345231405766e-04
5.511131198007068917e-04,6.517826112077102592e-04
5.506636171294504705e-04,6.532036000189455401e-04
5.541918995813071170e-04,6.637616663812183435e-04
5.687072408195987475e-04,6.720051661199316542e-04
5.732238437154050332e-04,6.761554353050837612e-04
5.855134434743012976e-04,6.825445988457986765e-04
5.909912753503812968e-04,6.867021733033920085e-04
5.960490650791502648e-04,6.886699577004512128e-04
6.069671279751548106e-04,6.913679385558293240e-04
6.044162344242437783e-04,6.944468228491792409e-04
6.214605824851912683e-04,6.959186510032053501e-04
6.349014846081889709e-04,6.963096707257762337e-04
6.461214869492107066e-04,6.980918608930102758e-04
6.561729537516825623e-04,7.090112189552783386e-04
6.612480289304253521e-04,7.195383724988242474e-04
6.693745070604002105e-04,7.177820497299664893e-04
6.718025209800644170e-04,7.199066882194984007e-04
6.876668439434396266e-04,7.230238679200340661e-04
7.084725610635704161e-04,7.352113210371294351e-04
7.038631864492187959e-04,7.449757097948587819e-04
7.034842102192371887e-04,7.577554555266453060e-04
7.055438595463126971e-04,7.671508643732552349e-04
7.100406338294356582e-04,7.710901105635852969e-04
7.158726702311699270e-04,7.744538202855506728e-04
7.283324026054769978e-04,7.737431433239486513e-04
7.328583686664713430e-04,7.724456926301722596e-04
7.417559443961899146e-04,7.711407814026445410e-04
7.454743983958861441e-04,7.658801125524892801e-04
7.491915578602200039e-04,7.650490455630078613e-04
7.555660712638680122e-04,7.561494233212258517e-04
7.571896076670901667e-04,7.559869325055627257e-04
7.639200032020236793e-04,7.630068305349065744e-04
7.614440963821516185e-04,7.666928450463088860e-04
7.629929944638615081e-04,7.765078200425306904e-04
7.674507743366039848e-04,7.884586110082409836e-04
7.790433663049726705e-04,8.029103869217341224e-04
7.817863182058966626e-04,8.061919560883042775e-04
7.877070091472104536e-04,8.105088382892144516e-04
7.986133178291760556e-04,8.097012605450912715e-04
7.987758117876178621e-04,8.092843147801030918e-04
8.014416973175836258e-04,8.067754258800601940e-04
8.102128772923164165e-04,8.065837159725954865e-04
8.098370905920455757e-04,8.070286248277243899e-04
8.172021076644861047e-04,8.152850041914009270e-04
8.219307106524526962e-04,8.577372887888192647e-04
8.308301960040673185e-04,8.677644472288934940e-04
8.393737817721857531e-04,8.432408227017552287e-04
8.448911379191959871e-04,8.305347983545875853e-04
8.508947604002123485e-04,8.352546196897194701e-04
8.627884498035918006e-04,8.351761412192015626e-04
8.685440531674581315e-04,8.348703340395973414e-04
8.820703014550342102e-04,8.295651959625115071e-04
8.860347725521210789e-04,8.333884782989060261e-04
8.854942839361507577e-04,8.318653287264102334e-04
8.917996891917874926e-04,8.283917053763249945e-04
8.978382001440103925e-04,8.363034827588087779e-04
9.125245958462140095e-04,8.424372233409662975e-04
9.214921788542200553e-04,8.438607406086168477e-04
9.237076752296799606e-04,8.521690786284743429e-04
9.236175072992170148e-04,8.639007172489136018e-04
9.195742634792529978e-04,8.709096108687255098e-04
9.170206781648154813e-04,8.729761970381048246e-04
9.310600254969538794e-04,8.754254606325555244e-04
9.374332049255335681e-04,8.765185782937465067e-04
9.464953933491113093e-04,8.802828820368647968e-04
9.505036318342218815e-04,8.746794355342355810e-04
9.550789334188772859e-04,8.699477949550049648e-04
9.734375143956747753e-04,8.750517190645673918e-04
9.704688188780317276e-04,8.731024426836212632e-04
9.958649033316949867e-04,8.616302442446058252e-04
9.857309591496260254e-04,8.673709202107746704e-04
9.874045216793740642e-04,8.471865165192288532e-04
9.894100488374011661e-04,8.634890805017283837e-04
9.912808541680309931e-04,8.638182810996834901e-04
9.928288261712419488e-04,8.636779206923066599e-04
9.888883290740926781e-04,8.644679365898285360e-04
9.931187058189868896e-04,8.687199575205998116e-04
9.925553508924331650e-04,8.763209095068894916e-04
9.939588535757932445e-04,8.914098477732963505e-04
9.956354013519862906e-04,9.003267745135773090e-04
9.991283779631264603e-04,9.025581068824609175e-04
1.006122395523615732e-03,8.987770444325573690e-04
1.012215731374221071e-03,8.894640460858767262e-04
1.012089888108685205e-03,8.726665661208160476e-04
1.017633960308065048e-03,8.525296931226633047e-04
1.019478962856922976e-03,8.811889205345927595e-04
1.032578875429548439e-03,8.885422317006604802e-04
1.038618650646911399e-03,8.903954287347448518e-04
1.052114189135508080e-03,8.951235912773320563e-04
1.054958715171196290e-03,9.114513065532210386e-04
1.059613091503790487e-03,9.029611494915202674e-04
1.053487152964445450e-03,8.826980015035069656e-04
1.053039976560540738e-03,8.901043812106390792e-04
1.053231362680045460e-03,9.022511595276339058e-04
1.051445625557727174e-03,9.028788838724062255e-04
1.052101302066208366e-03,9.024515412238694016e-04
1.054701880145092561e-03,9.027582858748088839e-04
1.039997521126781455e-03,8.994729816641994832e-04
1.037647817121969528e-03,8.948508005442792901e-04
1.036592195751346798e-03,8.954636857917628841e-04
1.036381938910210278e-03,8.927250156112189437e-04
1.047906717982822642e-03,9.002998467508182461e-04
1.067566376995239324e-03,9.022676045390759167e-04
1.073094696328727232e-03,9.024079781180469875e-04
1.097187945792485030e-03,9.026413709509001305e-04
1.096209905099572880e-03,9.017251341365368697e-04
1.083947517696459304e-03,9.039689985425881360e-04
1.075099181930478428e-03,9.040720478475579606e-04
1.069323518059932254e-03,9.013400549167544526e-04
1.036809276493734239e-03,9.011787546392166590e-04
1.054231693892947967e-03,8.984195319529531681e-04
1.056971672627512798e-03,9.008877265640895552e-04
1.056829678887635359e-03,9.014834397963180854e-04
1.061983782098581278e-03,9.021742694002145378e-04
1.082037129888921119e-03,9.040418941124441984e-04
1.085667798524858445e-03,9.034520217471800211e-04
1.087927767630952327e-03,9.012269115329903449e-04
1.064904535274328965e-03,9.021961512122630544e-04
1.044414841227787752e-03,9.020358294409809921e-04
1.043851126586032175e-03,9.015654542737755028e-04
1.045324189008502028e-03,9.019935655443701459e-04
1.054010722956509952e-03,9.021966991629290153e-04
1.070090693889827645e-03,9.023434644312699213e-04
1.056281194051619018e-03,9.025453166666728500e-04
1.052064952576677167e-03,9.019578056581716843e-04
1.053829550733119316e-03,9.018451599541239165e-04
1.052541466231586911e-03,8.995272133012179516e-04
1.054025522495012201e-03,9.004680194361132806e-04
1.056816809010058950e-03,9.226319710807646653e-04
1.058987636554060063e-03,9.328101064496669608e-04
1.048092079362387356e-03,9.320552655485988365e-04
1.042050671334394853e-03,9.096093182924156698e-04
1.035052327827334136e-03,9.087787038899278495e-04
1.033420435611015530e-03,9.177157469209917904e-04
1.032247519586510995e-03,9.203708515028134621e-04
1.030725570706236523e-03,9.222602137992803048e-04
1.026629685720529877e-03,9.332721823892461402e-04
1.035226812453036256e-03,9.312898151320432106e-04
1.021980104527800068e-03,9.368933127406519007e-04
1.016558088977503188e-03,9.418247904378673546e-04
1.010578984140779978e-03,9.381767013234068846e-04
9.852186465662694358e-04,9.381317569170830820e-04
9.884468996034705222e-04,9.479967313936301168e-04
9.906437806328079968e-04,9.430282370747279565e-04
9.872407146882774317e-04,9.440985308427683829e-04
9.983604328410429583e-04,9.442766110242909209e-04
9.994688598156441315e-04,9.449617939937273413e-04
9.968298044530272701e-04,9.455967907431731337e-04
9.991321296098486932e-04,9.434099703010680963e-04
9.978593339685288589e-04,9.426436888905879736e-04
9.972083985046317160e-04,9.452661020108547862e-04
9.963533949446637308e-04,9.480888505064390733e-04
9.947981430977188670e-04,9.485432070367876044e-04
9.880974138674989294e-04,9.484354273414462690e-04
9.889262159888277323e-04,9.510452666309185963e-04
9.827499313296156336e-04,9.556551745948954233e-04
9.732523643959790742e-04,9.626966323539643032e-04
9.376954140749028379e-04,9.605902598040449124e-04
9.383750580646799903e-04,9.676558411211701009e-04
9.301537196215657567e-04,9.839670321938978094e-04
9.237220054778478608e-04,9.674486509653457394e-04
9.148519863276684651e-04,9.536954826644619557e-04
8.908421242047854334e-04,9.514605704347509768e-04
8.924615050478985684e-04,9.546879818000338124e-04
8.860787978828068038e-04,9.504123993329962293e-04
8.657452145585313279e-04,9.612292016318751183e-04
8.641109088125866746e-04,9.675072132688041383e-04
8.581966180738866481e-04,9.717491977500737448e-04
8.575915942423491169e-04,9.686194830537455400e-04
8.733584335693534567e-04,9.740495491601134856e-04
8.818522727291067944e-04,9.739912762930607020e-04
8.879518065752029995e-04,9.735112924109362142e-04
8.958401498590889663e-04,9.730976896719431687e-04
8.992469776719051603e-04,9.724230388378826001e-04
8.752887736753864507e-04,9.671061562433728607e-04
8.639611594223322189e-04,9.726901693931366832e-04
8.366067825222538558e-04,9.643662716941225248e-04
8.031949405736823295e-04,9.763875084774954619e-04
7.843120132559038699e-04,9.801519165298316991e-04
7.624261926209263381e-04,9.800573112619893803e-04
7.594216086169382381e-04,9.804736694579534173e-04
7.695261711129438870e-04,9.805500959592027780e-04
7.539904237264254301e-04,9.813741219779077273e-04
7.156209874438589210e-04,9.837021995927740931e-04
7.288106924118586266e-04,1.001866322336058797e-03
7.541930499765741019e-04,1.002662363250665526e-03
7.384192970263354179e-04,1.003868567246025750e-03
7.448890134403525530e-04,1.004461527686078756e-03
7.469168200423847211e-04,1.002374863846099791e-03
7.388154776238285964e-04,1.002554489330939385e-03
7.327246878506865927e-04,1.003435497873784304e-03
6.983521185287640178e-04,1.000248143857587757e-03
6.681239758859773472e-04,9.980194873311350277e-04
6.453907108752998407e-04,9.996378003111101862e-04
6.189057901316483666e-04,1.005998776748245503e-03
6.469738116319231425e-04,1.011130426480416579e-03
6.508591523542180514e-04,1.040817411304349174e-03
6.496913659961081871e-04,1.048782900749783845e-03
6.469798506719830504e-04,1.037892844527512921e-03
6.382438980834361040e-04,1.042851008504790209e-03
6.427196594583664243e-04,1.049369839115407883e-03
6.193041402539557934e-04,1.044651232383184917e-03
6.229272300046763368e-04,1.043702929652073940e-03
6.113193124625767878e-04,1.051438470385301048e-03
6.065213479559900325e-04,1.053324568130333590e-03
5.967975381144142869e-04,1.057975839196724976e-03
5.650544697195183279e-04,1.070956253193506603e-03
5.689627730993023543e-04,1.073831439671569686e-03
5.470663430450550596e-04,1.075835070542057684e-03
5.548854808202645416e-04,1.078130571016452715e-03
5.432076558700341508e-04,1.079765075835600061e-03
5.405695515724617166e-04,1.085225068597906210e-03
5.296095283304930743e-04,1.084133243534938888e-03
5.366337592805329884e-04,1.094565047814375974e-03
5.233560599513042240e-04,1.097909068243451899e-03
5.154697064821746897e-04,1.101784666865305998e-03
4.927972579147743950e-04,1.107527432246363346e-03
4.743374416282979730e-04,1.123550917791765833e-03
4.790351199591029235e-04,1.127532267725177414e-03
4.719625657307092190e-04,1.131306727417329822e-03
4.580312500162832495e-04,1.140269949707046907e-03
4.590672472594782062e-04,1.137191093097639260e-03
4.479833141857742906e-04,1.142338476987284426e-03
4.370875304520177715e-04,1.146964114340001109e-03
4.246932681548031799e-04,1.159285888840989659e-03
4.111373782010041013e-04,1.162927170200602541e-03
4.102596377522823570e-04,1.166145342214219794e-03
3.959768405540565659e-04,1.178407966671877116e-03
3.744033268117893682e-04,1.179181043887895554e-03
3.760263921773837831e-04,1.189098278116536072e-03
3.691046833437463702e-04,1.190922066775905409e-03
3.573416111702684803e-04,1.199568345947121025e-03
3.577852308020608983e-04,1.203155386853083878e-03
3.472134900568634407e-04,1.210982158509120096e-03
3.280279351847514109e-04,1.211879837643585261e-03
3.203540901440027930e-04,1.216693833887044296e-03
3.109894599253680949e-04,1.220272638299348166e-03
3.059547568183221961e-04,1.221987905586524939e-03
3.040692115936828610e-04,1.225285078972819606e-03
2.790220586802167452e-04,1.224344021794341111e-03
2.815145056522814007e-04,1.226380131150187937e-03
2.703973974955865421e-04,1.230448905695139417e-03
2.637491596220226564e-04,1.231432822594969974e-03
2.433506047070030105e-04,1.235524973967355548e-03
2.426616334502287398e-04,1.245119755112011808e-03
2.337724441057071625e-04,1.247886617631273082e-03
2.197726809798451004e-04,1.253542490900542289e-03
2.185630749540532598e-04,1.258236099375966257e-03
2.083876974723002475e-04,1.255571227423997417e-03
1.836974506492976094e-04,1.257791703262481960e-03
1.785169234358892343e-04,1.265169283297214045e-03
1.676368596603620531e-04,1.273522210998355312e-03
1.590843449728005529e-04,1.282154509438466865e-03
1.551101076556095219e-04,1.293578068312393808e-03
1.422123636037473846e-04,1.289927037367140589e-03
1.292651552965163589e-04,1.291724111783802221e-03
1.127691940317925224e-04,1.286840897047807162e-03
1.051627178272637693e-04,1.272269704806756278e-03
8.904716361437003448e-05,1.264527021438181190e-03
8.788074531453776705e-05,1.263261626148087053e-03
9.392836329156504301e-05,1.260488473544519499e-03
8.867839552400789418e-05,1.265037994849303304e-03
8.483887637804755476e-05,1.278425390743526211e-03
1.063250584532348563e-04,1.265645484163806841e-03
1.377504797560297309e-04,1.260898380381578329e-03
1.163550882130801576e-04,1.248924238768888339e-03
1.245114274095960791e-04,1.244253264082612184e-03
1.499766218080670743e-04,1.240181183516814081e-03
1.700810394426296773e-04,1.244795072995823725e-03
1.922291617614398063e-04,1.242663136059500009e-03
1.548429165320383669e-04,1.239460968320325570e-03
1.193331199663206951e-04,1.238857536498637942e-03
7.521674398646913118e-05,1.238134957941934219e-03
7.675823435888303446e-05,1.237276098027012767e-03
8.172333986261349223e-05,1.239310938833931147e-03
9.649851144358158762e-05,1.240098964050210997e-03
9.629314446709820430e-05,1.242205413274483777e-03
9.764134635951680094e-05,1.242926702039921522e-03
8.234302999015243182e-05,1.243136895411610463e-03
8.246837703147952053e-05,1.243758581778220190e-03
7.654245656533452988e-05,1.245767889470812380e-03
8.095188273936567184e-05,1.246782360901241933e-03
1.260040092804705792e-04,1.248495861503562572e-03
1.248158921036444729e-04,1.248104896469833794e-03
1.446167494294767002e-04,1.247932901025234449e-03
1.674048480593441158e-04,1.247928999356972320e-03
1.841012799965855600e-04,1.247742134757759457e-03
1.768924716183619848e-04,1.247395946596089591e-03
1.764433310089179253e-04,1.246992929168149475e-03
1.679176539148341041e-04,1.246340629350486300e-03
1.530257045541307957e-04,1.245360882067514559e-03
1.197886148979211945e-04,1.243760949308408796e-03
9.374621777865484401e-05,1.240969347079645159e-03
9.855600308764558685e-05,1.235485935544328130e-03
1.106276569867957460e-04,1.233971178425827004e-03
1.484481875970720174e-04,1.238438903604159504e-03
1.528018367243141732e-04,1.230068390339031457e-03
1.619141559798404891e-04,1.225929075126254778e-03
2.080837501477844588e-04,1.229992450921090896e-03
2.143702478984667239e-04,1.233152393479317868e-03
2.271702252415337393e-04,1.250268750963468402e-03
2.178938098096925386e-04,1.260348329186806613e-03
1.984866933437919089e-04,1.263269996088189386e-03
1.560446985668604571e-04,1.266765455689398316e-03
1.470142539397925054e-04,1.280070138158967029e-03
1.503285183414652915e-04,1.292424109718508284e-03
1.513662528216913985e-04,1.280825831114749047e-03
1.579087973557707718e-04,1.288158748385628176e-03
1.958851458072053385e-04,1.303844021383805500e-03
2.420313690203993893e-04,1.315812242848766458e-03
2.437965650769639890e-04,1.313788924434724278e-03
2.365680184928939996e-04,1.319447466438912085e-03
2.162916313636880760e-04,1.327133882300463464e-03
2.306649227587285306e-04,1.336945126399921102e-03
2.550449126715246791e-04,1.337855653414446455e-03
2.948334618355433743e-04,1.342290693210703356e-03
3.047365967820458771e-04,1.343578274212908676e-03
2.728702036843096341e-04,1.345675659995885587e-03
2.462939553023740661e-04,1.347692680661421918e-03
2.405794016384223783e-04,1.352009374294715818e-03
2.006373537932890007e-04,1.358105181598330416e-03
2.003962275620939891e-04,1.365348838400939555e-03
2.078242328214131439e-04,1.364600851521213234e-03
2.074456030853834754e-04,1.370681041910726738e-03
2.249830420731076903e-04,1.371651414101238966e-03
2.613043878743978197e-04,1.370459655702137855e-03
2.715093998957844200e-04,1.370853108559192670e-03
2.926700988589186927e-04,1.368086217791189725e-03
3.204017082821143799e-04,1.359799364157636848e-03
3.276683409501441832e-04,1.356601387632549787e-03
3.178758862750562892e-04,1.354590726471803855e-03
3.184826178995565850e-04,1.350363682808685501e-03
3.125148681457456772e-04,1.347208492024262391e-03
2.811977933294829558e-04,1.345790404263958384e-03
2.582956992432224258e-04,1.344484552120557130e-03
2.304083101927070852e-04,1.343666560636024238e-03
2.135932349651610291e-04,1.342411397586930994e-03
1.807509395289557492e-04,1.340786321264823182e-03
1.906560971298355996e-04,1.338537297787265653e-03
2.131949629785593800e-04,1.336544293236325035e-03
2.433876471515148234e-04,1.326054452631187860e-03
2.963401336802436582e-04,1.329368224312638819e-03
3.235910673512030372e-04,1.331975696461434096e-03
3.548696314569806782e-04,1.323141934040758918e-03
3.457701223583900399e-04,1.315053240982307732e-03
3.340812683019032253e-04,1.315172777699428813e-03
3.074702250757292222e-04,1.302906751193628294e-03
2.515914231076610058e-04,1.298060769260554097e-03
2.324664614079077242e-04,1.294631170384349505e-03
2.234437454622575784e-04,1.290325887824860223e-03
2.430230072991616352e-04,1.291143830751503418e-03
2.630989857675568506e-04,1.288597034934424110e-03
3.132577244420511062e-04,1.285807961780518647e-03
2.836615743203575409e-04,1.284133783605503421e-03
2.543150100427542465e-04,1.282756750214467069e-03
2.431725133693464589e-04,1.281815225584579613e-03
2.309901874194333622e-04,1.280912157769432220e-03
2.365849372917329396e-04,1.278270817412096314e-03
2.568250570932601546e-04,1.276239429008716765e-03
2.659762130424997819e-04,1.272939834006061970e-03
2.642385758464511707e-04,1.273820730288408899e-03
2.609617849177143590e-04,1.272437107712233624e-03
2.386523909772693094e-04,1.269086522134208915e-03
2.298034105981214975e-04,1.270706229233328852e-03
2.270767695021880088e-04,1.273296264394849914e-03
2.213861622066012164e-04,1.279652374835161871e-03
2.251640787276410253e-04,1.279416780459295298e-03
2.235519321285536526e-04,1.278707314079751810e-03
2.224935581008446041e-04,1.278947222855285988e-03
2.220502685272410280e-04,1.280024806405558047e-03
2.236309405119096436e-04,1.283633740726542773e-03
2.250148467483740241e-04,1.285653649432514809e-03
2.251505500877478924e-04,1.297797652574994099e-03
2.253465306413193173e-04,1.303883919974216420e-03
2.249513165768033545e-04,1.304968039840299779e-03
2.227943771829988997e-04,1.306100648154238974e-03
2.192788379696793469e-04,1.313815760499955623e-03
2.150186068293275714e-04,1.333789869073450079e-03
2.032813674831117107e-04,1.334197157060471473e-03
1.611946587147881210e-04,1.327216904327282315e-03
1.645041891100079224e-04,1.335480093684532138e-03
1.670193051175026015e-04,1.344115463017990812e-03
1.570863722865370406e-04,1.341241510874555728e-03
1.612994477720641122e-04,1.352523192955994288e-03
2.049379617012362851e-04,1.356880829917473047e-03
2.210287227314307855e-04,1.364153631873238305e-03
2.175047733018059548e-04,1.364896591148841891e-03
1.969589846902810085e-04,1.365068207553274361e-03
1.388372616001129088e-04,1.363195346072096316e-03
1.265436968138219324e-04,1.358992159726224924e-03
1.218297850766867675e-04,1.353629002956431180e-03
1.183593628339927326e-04,1.336731912128441210e-03
1.117062169308660291e-04,1.344646095195213813e-03
1.048895576267356580e-04,1.350046973150354282e-03
1.012620664020549231e-04,1.353818993858780552e-03
6.971531414439840731e-05,1.351812314727394299e-03
6.525896988455036243e-05,1.353526277012083055e-03
6.580148081218228017e-05,1.356917641280307304e-03
7.995477234806853072e-05,1.359185061480713266e-03
9.280226155823943302e-05,1.367249934118307296e-03
1.018218823821599739e-04,1.367928606116910811e-03
1.108457220188824668e-04,1.369465333551073529e-03
1.362020263551393790e-04,1.366959140982026023e-03
9.523298845960024824e-05,1.370423024349328714e-03
9.803084865996921195e-05,1.371433863040502155e-03
9.212866013139569621e-05,1.373207568080089249e-03
8.929604979429926542e-05,1.373475355647034695e-03
6.385287275988292999e-05,1.377798995171139679e-03
6.589235680813518769e-05,1.378914014199057042e-03
6.544975305922224262e-05,1.376684510244768726e-03
6.321663308836058387e-05,1.376209672806900236e-03
6.307366384352760408e-05,1.379045173555641397e-03
6.342028275014343426e-05,1.376972941494766876e-03
6.822613483172210191e-05,1.374209714797356005e-03
7.889827072443684867e-05,1.370472891261820822e-03
8.641972759653826323e-05,1.373103901948039994e-03
8.844635411335167855e-05,1.372353899583325133e-03
8.963942553938642973e-05,1.371960904467615797e-03
8.885646561283658035e-05,1.371700269655274024e-03
8.774725351055819326e-05,1.371610425289643232e-03
8.320665411138135456e-05,1.372169410677095318e-03
7.827285056287918786e-05,1.374751519424491060e-03
6.919929789257151724e-05,1.381040189867326984e-03
6.809023374034961951e-05,1.381947386191706775e-03
6.796594425976998832e-05,1.383642052769844298e-03
7.425665737959863432e-05,1.387691289140700456e-03
1.113293887258234394e-04,1.393187489319889236e-03
1.310136150423725553e-04,1.400535961779162883e-03
1.166305745283946938e-04,1.396299579020716291e-03
1.095838746191385991e-04,1.399978084772103473e-03
8.291136612398164300e-05,1.406213267274027904e-03
7.995418155340844313e-05,1.406856985294300090e-03
6.854770038514843000e-05,1.427422901420970225e-03
9.443432237669265321e-05,1.436246497417860771e-03
9.241109211537975677e-05,1.437079796995339260e-03
7.729209969586938963e-05,1.434836086458149765e-03
6.747530613825416504e-05,1.438017490449374890e-03
9.398645900747931443e-05,1.437751773013322973e-03
1.053612498962439123e-04,1.444124017617708479e-03
9.660681943410398911e-05,1.447909303253407023e-03
8.846669750433711467e-05,1.460939637048508637e-03
6.675499954592582384e-05,1.463383666399881633e-03
6.534698532519535763e-05,1.460860143703403367e-03
1.458292797273119949e-04,1.452839593944232378e-03
2.545219426406737000e-04,1.445929919212943270e-03
1.865296208064759714e-04,1.440855086886114189e-03
1.949606670193004332e-04,1.441269294964077916e-03
1.853529414049942254e-04,1.442819405234761244e-03
1.584905881378974963e-04,1.441092533319392275e-03
1.350331189601082634e-04,1.440089135173353496e-03
1.388113481927705109e-04,1.439677881396196363e-03
1.407748756145519523e-04,1.439178482236565509e-03
1.533244802716932759e-04,1.437761424190463861e-03
2.081529756447559796e-04,1.438888876179060007e-03
2.390812932804712622e-04,1.442045895579590828e-03
2.232833456887737590e-04,1.441193712547667472e-03
2.034657622602258097e-04,1.445429919534609942e-03
1.996351682406974240e-04,1.456801952501216761e-03
2.137974113684237539e-04,1.460472730464054680e-03
2.223768820578241468e-04,1.456961975583818481e-03
2.413699964126837664e-04,1.462649338427788508e-03
2.519787037233183120e-04,1.464903523058866874e-03
2.437765340381870091e-04,1.472105620833558202e-03
2.236496002910453868e-04,1.474549356018775353e-03
2.327458813691225912e-04,1.483103251222193594e-03
2.357110631286629622e-04,1.487876552145480117e-03
2.566551812780613027e-04,1.510282503139761352e-03
2.713189757069509370e-04,1.512703642283149633e-03
2.802894055479237742e-04,1.523827575354008744e-03
2.686169361130240699e-04,1.542550955909328210e-03
2.851860997646628293e-04,1.544447273228339700e-03
3.231161149925535392e-04,1.541263304027697730e-03
3.182309880521828438e-04,1.544538484477594141e-03
2.788274556351405032e-04,1.547233567821984165e-03
2.682665988085264960e-04,1.547411359939863777e-03
2.884767433147499417e-04,1.537298302606054890e-03
3.178867688138983121e-04,1.518629823259073182e-03
3.519129497819760096e-04,1.518131629775846311e-03
3.704332750187985151e-04,1.488925202532946895e-03
3.613872596608470921e-04,1.484849061288394606e-03
3.475725343465808025e-04,1.521659144850503196e-03
3.451263300920740244e-04,1.512428791454376769e-03
3.562887969436481328e-04,1.507802483420860127e-03
3.696098588849786189e-04,1.511435644843630959e-03
3.758237524198216077e-04,1.511168462243938021e-03
3.841206055428988118e-04,1.507755349057602863e-03
3.887934652594113088e-04,1.505025080589053989e-03
4.126376920042870299e-04,1.501298997037592980e-03
4.276506788795652616e-04,1.505412766431015251e-03
4.340832506876391968e-04,1.510917286322605892e-03
4.392260091271861749e-04,1.521518812605618344e-03
4.609364323919501591e-04,1.532891408625912388e-03
4.714534323200527365e-04,1.536397042883333930e-03
4.950997950447673639e-04,1.538184755011711953e-03
5.069061517479767076e-04,1.540364422677526672e-03
5.147472336950850626e-04,1.543334820418975099e-03
5.199893271574365563e-04,1.529156668209471961e-03
5.235784912075411345e-04,1.538148070182908996e-03
5.319981239543382194e-04,1.541710710916842711e-03
5.576006341778344880e-04,1.545063001120140170e-03
5.650242918818447740e-04,1.546797946163722603e-03
6.894223549110334781e-04,1.551311691029301585e-03
6.592395584553063532e-04,1.560789285581940184e-03
6.447987082076625737e-04,1.564019631340221247e-03
6.725070182986500611e-04,1.562102774299543428e-03
6.782408631337616053e-04,1.564277045006538195e-03
7.199366515839664832e-04,1.568668765029659039e-03
7.484098444099048560e-04,1.567865834987974046e-03
7.722311142557824202e-04,1.566819943900227838e-03
7.862271680123062356e-04,1.564340761540562817e-03
8.163249740604647730e-04,1.548897169016739874e-03
8.100274540389946088e-04,1.556151205176938565e-03
8.173080021134753988e-04,1.555444057763677316e-03
8.304755581583301086e-04,1.556351206413195435e-03
8.319994671129153380e-04,1.537961533660918857e-03
8.349288031984923890e-04,1.532926545354975582e-03
8.612875740173209487e-04,1.524661263261379565e-03
8.822683004520079624e-04,1.515948021003210057e-03
9.030149657996400757e-04,1.523070775786718786e-03
9.074220032575107571e-04,1.500367820443486216e-03
9.195137758331646972e-04,1.505508374035857862e-03
9.109583604206372524e-04,1.518512483275514082e-03
9.284943908491674613e-04,1.527324789848939985e-03
9.394126232108171914e-04,1.532931000421252406e-03
9.497770269469888674e-04,1.539615697004798533e-03
1.014609858737283406e-03,1.535914050169089355e-03
1.027256070221993847e-03,1.539656263008315571e-03
1.029427248264709431e-03,1.532250065614221713e-03
1.024430845762002752e-03,1.519522085797134735e-03
1.036980006548804314e-03,1.533193867485735341e-03
1.002761950209048181e-03,1.537549870201907528e-03
1.015670150882234642e-03,1.539149800023774948e-03
1.020566323378325731e-03,1.542889232233122685e-03
1.044494447147358181e-03,1.551439622919940182e-03
1.047938568268548098e-03,1.553935795504692930e-03
1.072872293085839774e-03,1.556696812849008146e-03
1.092282031495299399e-03,1.552872212379051691e-03
1.085647974953072399e-03,1.559620407348781936e-03
1.060828452520096252e-03,1.564645706738867440e-03
1.067733387261549398e-03,1.603720729630585652e-03
1.113682421969883684e-03,1.586710355505793063e-03
1.151976319897534545e-03,1.585362122520124570e-03
1.180310107929806104e-03,1.584431750088729053e-03
1.207829748500627038e-03,1.593978389376720555e-03
1.143023209921050767e-03,1.595736467377114817e-03
1.129099300878466617e-03,1.600501538868574379e-03
1.126562850591830700e-03,1.602256181244720657e-03
1.111012066027761798e-03,1.610669550696057235e-03
1.116348747345694307e-03,1.611757594698933231e-03
1.106467668919863161e-03,1.613859561072960701e-03
1.102211349910469165e-03,1.620616071995951155e-03
1.103372989740301251e-03,1.622360806118780877e-03
1.147771449276740064e-03,1.632472150330022565e-03
1.146901738627301550e-03,1.649075269412002102e-03
1.136358878868034628e-03,1.657019918416790345e-03
1.118388730992327757e-03,1.677403971073300167e-03
1.023887269604207683e-03,1.683009545970868409e-03
1.035685396791015140e-03,1.719632679422466656e-03
1.045143070897655265e-03,1.717528568411778650e-03
1.046182327379987153e-03,1.720366862680665918e-03
1.033006281563174410e-03,1.733045910004013014e-03
1.007620861535970906e-03,1.729517053225874306e-03
9.836198885314899505e-04,1.737568901046663596e-03
9.381360750020606648e-04,1.741695160877779550e-03
9.376963278851259669e-04,1.736435503776649018e-03
9.023799697743309627e-04,1.723531687382084997e-03
8.763359493926658333e-04,1.707888451649481340e-03
8.679065971169760843e-04,1.706697489168848081e-03
8.659534890473577669e-04,1.706860210559874805e-03
7.907958643405192493e-04,1.687562341009192111e-03
7.964286281793849865e-04,1.682827833120091598e-03
7.815573653626396635e-04,1.681453344721862454e-03
7.263004081375780234e-04,1.673958462799459692e-03
7.282136868426655491e-04,1.676683186671649268e-03
7.209366941834714857e-04,1.668601929429530976e-03
6.776010986380523763e-04,1.669104598895542130e-03
6.526328470720864057e-04,1.662390057273013290e-03
6.386824242802997039e-04,1.661054432271517759e-03
6.170557282797270319e-04,1.651887694717867538e-03
6.118625148928283700e-04,1.656565275704036892e-03
5.954601076902673153e-04,1.634336658591954749e-03
5.795074901656950810e-04,1.652780485815208335e-03
5.701395395057719771e-04,1.667818564712018198e-03
5.679068184970347639e-04,1.663493186871626943e-03
5.621392724318472834e-04,1.663372959736135817e-03
5.640828930164528158e-04,1.664766468042343196e-03
5.628485176629601482e-04,1.669336838429933984e-03
5.532423841628033613e-04,1.672116096882799710e-03
5.166703115247238756e-04,1.676241555824160758e-03
5.124527272199322142e-04,1.673935340593640407e-03
5.142012246840926663e-04,1.657131406934757648e-03
5.201610839562670644e-04,1.664080640279585067e-03
6.165956341221129474e-04,1.661265973475545927e-03
6.236635492034616748e-04,1.658208883512519863e-03
5.955226129758407890e-04,1.649661044076564846e-03
6.159347714823588471e-04,1.652390320832404372e-03
6.760897422403716476e-04,1.653871494798853699e-03
6.741529332584123013e-04,1.646598565869605933e-03
6.885322268188543348e-04,1.635971063008911409e-03
7.323951196365655709e-04,1.623814730373912508e-03
7.338100218111327571e-04,1.609117674004597546e-03
7.616002882845559216e-04,1.620080713166509442e-03
7.824211763724013254e-04,1.617536641119944607e-03
8.351346556422817487e-04,1.613527377042298008e-03
8.264766239797718570e-04,1.604885645393856535e-03
8.389594046461357332e-04,1.608479278120922458e-03
8.606588435749075580e-04,1.605713509665922679e-03
8.395355327014194114e-04,1.595577010874773020e-03
8.282520778443465534e-04,1.593253617824462584e-03
8.244129247388522859e-04,1.589169009431505792e-03
8.031075197577656425e-04,1.580832478887804742e-03
7.984474584411352946e-04,1.583795020044152790e-03
8.004641880444891312e-04,1.576947874797784543e-03
7.968776211131818089e-04,1.571091799535097788e-03
8.016360666884314633e-04,1.567097244038209063e-03
7.962116479190624882e-04,1.560497307472017347e-03
7.921257252145886543e-04,1.555663314639319471e-03
7.913487759125338626e-04,1.561323818131945098e-03
7.909166636569296650e-04,1.557189093333395322e-03
7.946556485944262279e-04,1.551955875571757503e-03
7.994001107784963174e-04,1.548806314428685356e-03
8.126275932496650070e-04,1.545480799860062850e-03
8.316339574378115666e-04,1.547007684344167688e-03
8.590134004617623262e-04,1.530200689833336077e-03
8.645077748997643998e-04,1.538707015396078778e-03
8.917038641105931758e-04,1.540299654979910985e-03
9.039440599118475682e-04,1.543281218935594994e-03
9.183269999748586848e-04,1.540106492583011343e-03
9.232377836359187797e-04,1.541759105785569725e-03
9.360636364067199651e-04,1.543980540393129468e-03
9.448665429000299883e-04,1.544069404864741252e-03
9.620081447948719295e-04,1.544142195440819211e-03
9.531346715290049416e-04,1.532423500530855250e-03
9.647127887853025391e-04,1.536688799469684060e-03
9.731470243220057253e-04,1.537341312256376583e-03
9.747897634064738807e-04,1.537286435580872490e-03
9.803893862129454354e-04,1.537694859080045639e-03
9.791803063573750830e-04,1.538762453367241477e-03
9.654510148953125053e-04,1.541479593244926387e-03
9.615420399942547786e-04,1.544385013246258589e-03
9.590141574750708558e-04,1.543490687418080150e-03
9.583290927314560377e-04,1.544907932189370928e-03
9.542754861354702921e-04,1.552385060154442718e-03
9.534115996316764891e-04,1.553763242150554922e-03
9.530325870305240499e-04,1.563842789093447452e-03
9.538256253408747276e-04,1.565436977773098943e-03
9.575237126468570540e-04,1.559786319575461652e-03
9.661855575603197927e-04,1.564579438034862909e-03
9.742670442594103877e-04,1.571162199734305780e-03
9.786267282681001406e-04,1.577377128281151142e-03
9.753332188380951003e-04,1.587124856939303242e-03
9.761729197260071364e-04,1.593969547890451092e-03
9.770815952128777699e-04,1.602762596317348128e-03
9.787864159760835923e-04,1.611901702315479213e-03
9.804159400281532970e-04,1.643792459393287339e-03
9.814678034444478810e-04,1.654587224196674144e-03
9.795733259134250127e-04,1.642713114618581192e-03
9.753733495967040982e-04,1.652382897427571908e-03
9.733144149213750077e-04,1.666289170731566956e-03
9.746104191628565455e-04,1.680501898866373954e-03
9.729410804985850732e-04,1.701176426470274016e-03
9.724826348363617467e-04,1.705866848395809444e-03
1.020185627761243654e-03,1.709317194121506541e-03
9.872945837852988536e-04,1.712572665444783791e-03
9.933239638703838473e-04,1.713577009404797236e-03
1.027612676145595472e-03,1.713434602398558560e-03
1.038292265133192432e-03,1.713278693407979626e-03
1.037448221868624877e-03,1.712710122486460311e-03
1.044095077139889404e-03,1.711273311246994675e-03
1.046911008890758551e-03,1.707729507780505638e-03
1.046979039721260317e-03,1.699399180450796758e-03
1.047688527867799780e-03,1.683802832275233842e-03
1.049566440639433836e-03,1.682818092896876377e-03
1.052533228039779578e-03,1.685056544506534576e-03
1.058486765956172596e-03,1.682319127006572839e-03
1.063096329949453096e-03,1.689222058132595081e-03
1.064022839508714470e-03,1.691285183515809157e-03
1.063269476007632549e-03,1.695896261825443176e-03
1.062759800300144873e-03,1.693791696245228184e-03
1.061855388550915621e-03,1.695099029536037286e-03
1.060733937713928760e-03,1.693769066296309288e-03
1.059372640682004242e-03,1.682666652980028101e-03
1.057586760463032505e-03,1.683764687896067720e-03
1.055565441470047864e-03,1.688287725863548425e-03
1.053729736998505837e-03,1.688812562350425163e-03
1.050594317840141539e-03,1.691542860108008342e-03
1.036503669642814974e-03,1.691503703817020090e-03
1.015486798766888259e-03,1.700666514539622698e-03
9.994795391204808459e-04,1.694000707885175800e-03
9.994265414067155569e-04,1.687823049389126657e-03
1.014285335726441625e-03,1.682641019588556816e-03
1.013877832380326175e-03,1.683215834466171568e-03
1.009918804410666606e-03,1.688945558769963098e-03
1.003805302294162333e-03,1.691141401972614871e-03
9.917701545969544868e-04,1.690595691707744283e-03
9.982530562357618681e-04,1.690555543364831046e-03
1.022674298076192744e-03,1.690568410365273378e-03
1.021015722572109251e-03,1.690358553641566931e-03
1.008339042502090629e-03,1.690416909926015752e-03
9.724120182537343256e-04,1.694976800272678151e-03
9.527887215840093269e-04,1.697858537605977320e-03
9.564589707550051178e-04,1.698281205574996748e-03
9.658765740253246216e-04,1.699069329489928497e-03
9.897353114265558180e-04,1.699999575808106272e-03
9.781002747494369366e-04,1.700684627684646063e-03
1.001554608573567394e-03,1.703184175402848877e-03
1.036142683433684524e-03,1.704657310813785564e-03
1.027181528746748049e-03,1.707276155538062874e-03
9.484509123879955464e-04,1.710385301325578668e-03
9.385030846679738407e-04,1.711286185745401062e-03
9.410880353204305803e-04,1.714168753311488564e-03
9.520200233333308551e-04,1.714936335795538965e-03
1.005150684425669362e-03,1.716630469942751836e-03
1.066915373606309178e-03,1.719287504307306534e-03
1.029688107050600113e-03,1.718673921798875934e-03
1.008521784147006946e-03,1.718445016790114089e-03
1.006542620350498211e-03,1.719708151657509598e-03
9.886931655523466950e-04,1.719297910636391870e-03
1.001923825960291965e-03,1.721008448124993710e-03
1.049271672087550168e-03,1.720752394181156988e-03
1.055705217887211844e-03,1.720979135234561048e-03
9.637180767848149612e-04,1.721029683701732604e-03
9.294466447975232139e-04,1.718819024697247838e-03
9.085000736734276210e-04,1.722394978255517529e-03
8.871336295202856366e-04,1.722711409298954789e-03
9.025635093801944895e-04,1.721864743350483848e-03
8.866904235916715955e-04,1.720957177351890074e-03
8.375491792986506203e-04,1.716333570206969106e-03
8.141955054325678487e-04,1.716848955293861579e-03
7.817077784556149397e-04,1.715843623376254361e-03
6.439837579556153624e-04,1.707970464986336171e-03
4.526600364868556031e-04,1.710581382456534839e-03
3.188880055199272076e-04,1.705836499850894254e-03
2.844400574283427420e-04,1.699692102429002823e-03
1.509991448414302133e-04,1.700712133949724199e-03
2.054422073860412174e-04,1.697449811772102626e-03
1.716779238023214132e-04,1.695615188518182761e-03
1.723715890013459808e-04,1.685973405238857777e-03
1.019104601159928782e-04,1.690789952093143308e-03
6.965641493289026443e-05,1.691631943063668471e-03
4.827819577762378886e-05,1.689545898730459607e-03
6.590356712477968293e-05,1.685133589298888667e-03
7.785474985796866356e-05,1.687808980862409800e-03
8.534625969586792475e-05,1.686606896564473920e-03
7.954101204706553725e-05,1.684827620738747799e-03
7.560583652745179258e-05,1.681166504388247745e-03
