# loss_dp, loss_pinn
5.038255574557618521e-01,2.033429849304615143e-03
5.038214555692572816e-01,2.030783829384912292e-03
5.038208734765911023e-01,2.029866347083233210e-03
5.007623764291154744e-01,7.439355668182207624e-04
5.007296526203230957e-01,7.300034664673452295e-04
5.006890758893617344e-01,6.544948326635504536e-04
5.006632281408287533e-01,5.732409920676898593e-04
5.004384574582994016e-01,5.622555806028482457e-04
5.003263145394840627e-01,3.867608870267002911e-04
5.002159126201561890e-01,3.800455975406134227e-04
5.000897283366828594e-01,1.858386758189130305e-04
5.000443537532520688e-01,1.230349432510550913e-04
5.000111260408406366e-01,4.199550451213649507e-05
5.000105642228706015e-01,1.229390735498851999e-05
5.000101040768487604e-01,1.085610209039033637e-05
5.000082199611630696e-01,1.037941498663999188e-05
5.000078444116257126e-01,1.023716600650505159e-05
5.000077635595706615e-01,9.928945974817732423e-06
5.000076786551022057e-01,9.401443337997881334e-06
5.000075424302266036e-01,9.219550039854603228e-06
5.000072535129824747e-01,9.148562530312783205e-06
5.000066842201873474e-01,8.994663681411781158e-06
5.000060666673055154e-01,8.904585829457479525e-06
5.000051983351411211e-01,8.860246402779017760e-06
5.000047691747838696e-01,8.810481106122915955e-06
5.000047056264527168e-01,8.701570629593722572e-06
5.000046701678038108e-01,8.417379884203240851e-06
5.000046549108255745e-01,7.698570162192181870e-06
5.000046241933540081e-01,7.258203770101673746e-06
5.000045865621955965e-01,6.809441123301762864e-06
5.000044964267715830e-01,6.356775168196670446e-06
5.000043324679299683e-01,5.914958263219834715e-06
5.000041280303786362e-01,5.688857843820917583e-06
5.000039562325155895e-01,5.584526337840564785e-06
5.000039029323415374e-01,5.385223530134221830e-06
5.000038819087293529e-01,5.215682203140040612e-06
5.000038618150347558e-01,4.907709175584666579e-06
5.000038390100817187e-01,4.779980984895382885e-06
5.000038266224553496e-01,4.656004619188858597e-06
5.000038222772209551e-01,4.581319197528034989e-06
5.000038185973127991e-01,4.516559051715624141e-06
5.000038079233285471e-01,4.369780810051872851e-06
5.000037595092183818e-01,4.344273351389024930e-06
5.000036805836933773e-01,4.327857156050253310e-06
5.000035401306951455e-01,4.279237589988348031e-06
5.000034065647261938e-01,4.161810971702900759e-06
5.000033472516790534e-01,3.788800288614411685e-06
5.000033142281240517e-01,3.647110782232857116e-06
5.000032726252874316e-01,3.323124950998231800e-06
5.000031619232001567e-01,2.663099433774154575e-06
5.000030619365380957e-01,2.182910053367984395e-06
5.000029729862596195e-01,2.047865218727357513e-06
5.000029494612389103e-01,1.988477865518963706e-06
5.000029184916323644e-01,1.945630168464530881e-06
5.000028676976504549e-01,1.911934771523190960e-06
5.000028185835616590e-01,1.898722546017723075e-06
5.000027923618768355e-01,1.893673747714033239e-06
5.000027560089338463e-01,1.873554069282920527e-06
5.000027023187449959e-01,1.776100536594274995e-06
5.000026906574748242e-01,1.594067600858242061e-06
5.000026490454260175e-01,9.944814190910933189e-07
5.000026296753350419e-01,8.165810368865903088e-07
5.000026234574926898e-01,7.418884193428179145e-07
5.000026067408495090e-01,6.271302881636777521e-07
5.000025773605205615e-01,5.932823945507896109e-07
5.000025698100166727e-01,5.477628970371444624e-07
5.000025637688791935e-01,5.287074808672403392e-07
5.000025575315060200e-01,5.189824802661721649e-07
5.000025540300605531e-01,4.987576998867620401e-07
5.000025505696792383e-01,4.830490426265209359e-07
5.000025433331449776e-01,4.641266227101969876e-07
5.000025343262695099e-01,4.357307735748224947e-07
5.000025242067147602e-01,3.918132375796107248e-07
5.000025201518594198e-01,3.659286561862559708e-07
5.000025098321944084e-01,3.501736408784160876e-07
5.000024941489589203e-01,3.363379903210022141e-07
5.000024541373675468e-01,3.268064440099553015e-07
5.000023586432461586e-01,3.186228780693095177e-07
5.000023223330093414e-01,3.033657418613748082e-07
5.000022602967222340e-01,2.838055380193179218e-07
5.000021655876323301e-01,2.762260952180471406e-07
5.000020864057220793e-01,2.575167542110738574e-07
5.000020308918505796e-01,2.431991750436659040e-07
5.000019846526810863e-01,2.369063154718535421e-07
5.000019540133201490e-01,2.182017534815936463e-07
5.000019060793127190e-01,2.124533650890047701e-07
5.000018386507776302e-01,1.904319301740506643e-07
5.000017867722315046e-01,1.852226745485123570e-07
5.000017461537854535e-01,1.754419326347063597e-07
5.000016935032592924e-01,1.595576587420568010e-07
5.000015934938657480e-01,1.535907760432428287e-07
5.000011048774153366e-01,1.455579472891313665e-07
5.000007121086199602e-01,1.388227626548829229e-07
5.000006459205011966e-01,1.335591350096067285e-07
5.000006072998364193e-01,1.305148893125674879e-07
5.000005586746149033e-01,1.296171263709542633e-07
5.000005433205743088e-01,1.276274827433962791e-07
5.000005330696304373e-01,1.274383525796090939e-07
5.000005313604014567e-01,1.272685710254401897e-07
5.000005292650071542e-01,1.270236947875673845e-07
5.000005280394744789e-01,1.267562934747814001e-07
5.000005248463834651e-01,1.259670453576483429e-07
5.000005178078101853e-01,1.243966033397557029e-07
5.000005077645912621e-01,1.215018527122805577e-07
5.000004945855011096e-01,1.174577325471473769e-07
5.000004859555956527e-01,1.129857449793236394e-07
5.000004768449842762e-01,1.094969044758058161e-07
5.000004568745797240e-01,1.083753694093162487e-07
5.000004389962338092e-01,1.071523453353518711e-07
5.000003476445563644e-01,1.063977305816444331e-07
5.000002918606831770e-01,1.059331932997805623e-07
5.000002278498152375e-01,1.056572368819499616e-07
5.000001684188819517e-01,1.055113848445703852e-07
5.000001556228839128e-01,1.054636386538169443e-07
5.000001325950240716e-01,1.054532143556766587e-07
5.000001178525577128e-01,1.054522392535413963e-07
5.000001031475148627e-01,1.054519404339689968e-07
5.000000953580637786e-01,1.054518916787928134e-07
5.000000837900103745e-01,1.054518884142178527e-07
5.000000641759086983e-01,1.054518860771574557e-07
5.000000413484024797e-01,1.054518814025570159e-07
5.000000244773722402e-01,1.054518726551435978e-07
5.000000210355310948e-01,1.054518552504939803e-07
5.000000096353804935e-01,1.054518039522944300e-07
5.000000035327898384e-01,1.054516744712808391e-07
4.999999995055531832e-01,1.054513315491771254e-07
4.999999954210434527e-01,1.054504395236755775e-07
4.999999932129117197e-01,1.054480217837215382e-07
4.999999896604533922e-01,1.054419055833088536e-07
4.999999880348114378e-01,1.054368808594748897e-07
4.999999852862328509e-01,1.054227781457418446e-07
4.999999813918785119e-01,1.054140984882768193e-07
4.999999807043725153e-01,1.054118054058943356e-07
4.999999802068115229e-01,1.054066561749003873e-07
4.999999797908253329e-01,1.054030301588156970e-07
4.999999795589629148e-01,1.053991245955085678e-07
4.999999791739473398e-01,1.053880599959902351e-07
4.999999787226482861e-01,1.053824175842346499e-07
4.999999783974157785e-01,1.053786892670251020e-07
4.999999781970477786e-01,1.053717731794123209e-07
4.999999779265245081e-01,1.053662967435354013e-07
4.999999775580867278e-01,1.053639586410306264e-07
4.999999770924411502e-01,1.053556261080798428e-07
4.999999761561298439e-01,1.053499929355164155e-07
4.999999750613847160e-01,1.053451597141600426e-07
4.999999712354925574e-01,1.053397565066966879e-07
4.999999707775625302e-01,1.053333272937136666e-07
4.999999695622850404e-01,1.053296333429531944e-07
4.999999679671612851e-01,1.053224553138384037e-07
4.999999666041560209e-01,1.053162856719046268e-07
4.999999656558130612e-01,1.053139878546935183e-07
4.999999641819248275e-01,1.053090043779712952e-07
4.999999626034150046e-01,1.053037775179030750e-07
4.999999611123847054e-01,1.052960720076974666e-07
4.999999608464187340e-01,1.052914586062512258e-07
4.999999593425761280e-01,1.052770774520198057e-07
4.999999581087982148e-01,1.052700699953901471e-07
4.999999576047906569e-01,1.052647315836646491e-07
4.999999572439310924e-01,1.052625975285057590e-07
4.999999571206984461e-01,1.052559823147641935e-07
4.999999567786975185e-01,1.052526552912305228e-07
4.999999562540267117e-01,1.052457819924662688e-07
4.999999545869477924e-01,1.052422952068050876e-07
4.999999500688971921e-01,1.052388063895845501e-07
4.999999452155213242e-01,1.052334351733798520e-07
4.999999416273346875e-01,1.052318953956398535e-07
4.999999394392215524e-01,1.052280142922817603e-07
4.999999379129029808e-01,1.052235393001769870e-07
4.999999369410292882e-01,1.052214302758405255e-07
4.999999359324260872e-01,1.052189293944232920e-07
4.999999348078909556e-01,1.052174191419808600e-07
4.999999344371782728e-01,1.052145094636095194e-07
4.999999342203004793e-01,1.052100911875406645e-07
4.999999340647335311e-01,1.052058402352847865e-07
4.999999338592252540e-01,1.052048115173172172e-07
4.999999335102534581e-01,1.052028586606152828e-07
4.999999330807003428e-01,1.052014124226675770e-07
4.999999330435269118e-01,1.051995870484414302e-07
4.999999329191727737e-01,1.051953128405935416e-07
4.999999329077132182e-01,1.051943600251247486e-07
4.999999329018891547e-01,1.051919884011947229e-07
4.999999328911777230e-01,1.051903247781632410e-07
4.999999328791627229e-01,1.051883259447229938e-07
4.999999328767332774e-01,1.051872885329362030e-07
4.999999328765296625e-01,1.051865562838840898e-07
4.999999328763921613e-01,1.051856484101749172e-07
4.999999328762032569e-01,1.051844582572748934e-07
4.999999328760101891e-01,1.051834224416942954e-07
4.999999328758680806e-01,1.051818591565722137e-07
4.999999328757916417e-01,1.051811611718013591e-07
4.999999328756911665e-01,1.051806866324747171e-07
4.999999328754168859e-01,1.051797360636476055e-07
4.999999328747649630e-01,1.051795144799229024e-07
4.999999328730444503e-01,1.051790250570620584e-07
4.999999328687070310e-01,1.051788713116347374e-07
4.999999328588423109e-01,1.051786857427551981e-07
4.999999328421316225e-01,1.051780005614413934e-07
4.999999328162901824e-01,1.051766786694312737e-07
4.999999327784395708e-01,1.051763127566799115e-07
4.999999327580596509e-01,1.051759129547908906e-07
4.999999327320082676e-01,1.051756496704701856e-07
4.999999327100341784e-01,1.051753769031331846e-07
4.999999326635566899e-01,1.051750774553039676e-07
4.999999326250770260e-01,1.051747474565565514e-07
4.999999326079180295e-01,1.051746021160982261e-07
4.999999325965853725e-01,1.051745413296886519e-07
4.999999325874162071e-01,1.051744494049234653e-07
4.999999325523739047e-01,1.051743399408788094e-07
4.999999325346442536e-01,1.051742674814732092e-07
4.999999325220820801e-01,1.051741935196310736e-07
4.999999325084341084e-01,1.051740647417415174e-07
4.999999324898918851e-01,1.051739507715173295e-07
4.999999324643561449e-01,1.051738694629861449e-07
4.999999324395502653e-01,1.051737088132299788e-07
4.999999324184559724e-01,1.051736759942289415e-07
4.999999323899805281e-01,1.051736388284202946e-07
4.999999323609176649e-01,1.051735781387039385e-07
4.999999323474669799e-01,1.051735415742266788e-07
4.999999323349366698e-01,1.051735198620011591e-07
4.999999323145095098e-01,1.051733643580872896e-07
4.999999322868050045e-01,1.051732283357848688e-07
4.999999322517705291e-01,1.051731233892746714e-07
4.999999322243188771e-01,1.051730291010080941e-07
4.999999322107235300e-01,1.051729680004149812e-07
4.999999321908715766e-01,1.051728615007401732e-07
4.999999321743539005e-01,1.051728007938885523e-07
4.999999321444801303e-01,1.051726656908300800e-07
4.999999321201363811e-01,1.051725719034564096e-07
4.999999321088188231e-01,1.051723785163868121e-07
4.999999320803086844e-01,1.051722723153477501e-07
4.999999320627751542e-01,1.051721578469859079e-07
4.999999320574409767e-01,1.051720761427422782e-07
4.999999320469037389e-01,1.051717963615231098e-07
4.999999320386118162e-01,1.051715877304364345e-07
4.999999320266526048e-01,1.051712684819735545e-07
4.999999320052582186e-01,1.051709297087227932e-07
4.999999319966516031e-01,1.051700804842841596e-07
4.999999319913080442e-01,1.051695281274442892e-07
4.999999319610263226e-01,1.051675090838832591e-07
4.999999319432769651e-01,1.051664966738259487e-07
4.999999319341484894e-01,1.051657327753738912e-07
4.999999319225146288e-01,1.051644655391390457e-07
4.999999319182497626e-01,1.051640667436546166e-07
4.999999319068415549e-01,1.051636046274350573e-07
4.999999318707228357e-01,1.051630026458084857e-07
4.999999318641296098e-01,1.051626022218715842e-07
4.999999318396753378e-01,1.051611600873971995e-07
4.999999318279839122e-01,1.051567741309686386e-07
4.999999318187225428e-01,1.051551407183186239e-07
4.999999318098966028e-01,1.051539805455684388e-07
4.999999318033337969e-01,1.051522280497924686e-07
4.999999317918029651e-01,1.051513859245956947e-07
4.999999317811552602e-01,1.051483135127827284e-07
4.999999317777342744e-01,1.051459853299703990e-07
4.999999317675088983e-01,1.051433919902057016e-07
4.999999317588440517e-01,1.051342083938809551e-07
4.999999317501706564e-01,1.051259075316608142e-07
4.999999317449818070e-01,1.051243844511587177e-07
4.999999317346836003e-01,1.051134524692878922e-07
4.999999317319807624e-01,1.051000465354889911e-07
4.999999317266045074e-01,1.050965349299732174e-07
4.999999317193198345e-01,1.050841697238198364e-07
4.999999317161200607e-01,1.050700599585217294e-07
4.999999317125329856e-01,1.050623183092355628e-07
4.999999317072570948e-01,1.050498226766237161e-07
4.999999317013262834e-01,1.050432449641238914e-07
4.999999316955956452e-01,1.050328992404571714e-07
4.999999316939003347e-01,1.050275032613465925e-07
4.999999316892383971e-01,1.050195282932168181e-07
4.999999316835337937e-01,1.049998276479636958e-07
4.999999316805735505e-01,1.049952022047132782e-07
4.999999316752826717e-01,1.049613870751668521e-07
4.999999316730878718e-01,1.049559827912562557e-07
4.999999316710152519e-01,1.049483970995549904e-07
4.999999316694899720e-01,1.049248523140327278e-07
4.999999316678219730e-01,1.049099235857533027e-07
4.999999316663175097e-01,1.048848295666870026e-07
4.999999316658010340e-01,1.048629574605889818e-07
4.999999316649014203e-01,1.048488451186502129e-07
4.999999316638978897e-01,1.048326945596621421e-07
4.999999316623355283e-01,1.048150299552314555e-07
4.999999316601959065e-01,1.048087359178964521e-07
4.999999316579523678e-01,1.047806928956163730e-07
4.999999316556317797e-01,1.047698689769854323e-07
4.999999316544438965e-01,1.047556869796928397e-07
4.999999316538569216e-01,1.047288879530001022e-07
4.999999316531060223e-01,1.047184546891967791e-07
4.999999316527087845e-01,1.046979328973259193e-07
4.999999316521251402e-01,1.046791020736224163e-07
4.999999316516839931e-01,1.046455986677821611e-07
4.999999316507153790e-01,1.046229961001076694e-07
4.999999316496525070e-01,1.046053890937349929e-07
4.999999316485549405e-01,1.045863925428860080e-07
4.999999316475561839e-01,1.045752203164617784e-07
4.999999316468341504e-01,1.045566232988517097e-07
4.999999316459101673e-01,1.045315393154060136e-07
4.999999316451402276e-01,1.045048943344057036e-07
4.999999316439358021e-01,1.044794838851350010e-07
4.999999316423934248e-01,1.044504253744219597e-07
4.999999316409282635e-01,1.044168993830650177e-07
4.999999316389255322e-01,1.043803532866461888e-07
4.999999316380286940e-01,1.043475066076778050e-07
4.999999316361827262e-01,1.043090614212222923e-07
4.999999316341596223e-01,1.042860555191485043e-07
4.999999316315066888e-01,1.042514275781736639e-07
4.999999316294850837e-01,1.042448015862751490e-07
4.999999316284304829e-01,1.042265935616237300e-07
4.999999316264732152e-01,1.042051307059272977e-07
4.999999316247789594e-01,1.041770596141412874e-07
4.999999316206888422e-01,1.041551212023612640e-07
4.999999316194144727e-01,1.041299804249299734e-07
4.999999316161460872e-01,1.040958707238596919e-07
4.999999316133534877e-01,1.040558419733651927e-07
4.999999316097307189e-01,1.040456339431060541e-07
4.999999316082285317e-01,1.040073434971540767e-07
4.999999316061027876e-01,1.039728384198578822e-07
4.999999316022973872e-01,1.039429302528800889e-07
4.999999316000973693e-01,1.039147063954811720e-07
4.999999315968076674e-01,1.038828715598591450e-07
4.999999315931547006e-01,1.038556781013525581e-07
4.999999315890889529e-01,1.038425315383100496e-07
4.999999315872781791e-01,1.037833995695001024e-07
4.999999315853650983e-01,1.037751114720297763e-07
4.999999315839126490e-01,1.037443102732906064e-07
4.999999315792315047e-01,1.037213539900568058e-07
4.999999315741840977e-01,1.037109533709773985e-07
4.999999315706525893e-01,1.036884948071378811e-07
4.999999315670589084e-01,1.036664106322365372e-07
4.999999315650168197e-01,1.036435537426136153e-07
4.999999315627922658e-01,1.036216746141784897e-07
4.999999315599473193e-01,1.036114344031088160e-07
4.999999315533549815e-01,1.036009947009037170e-07
4.999999315473367956e-01,1.035859550530613144e-07
4.999999315425290858e-01,1.035680385500034506e-07
4.999999315401925104e-01,1.035444805229827831e-07
4.999999315361849939e-01,1.035250501464460458e-07
4.999999315309233694e-01,1.035058368516616923e-07
4.999999315259520127e-01,1.034626262065674316e-07
4.999999315215074569e-01,1.034236888771020809e-07
4.999999315128579869e-01,1.034203889542187201e-07
4.999999315029284297e-01,1.033815586292265944e-07
4.999999315007539469e-01,1.033607269275972488e-07
4.999999314931931615e-01,1.033442921054599323e-07
4.999999314859981947e-01,1.033357833818598565e-07
4.999999314772613501e-01,1.033276932786009769e-07
4.999999314726417676e-01,1.033005603167283152e-07
4.999999314633460368e-01,1.032871501342233341e-07
4.999999314535482631e-01,1.032632911725760409e-07
4.999999314436106013e-01,1.032512611039724966e-07
4.999999314409686035e-01,1.032370744449196499e-07
4.999999314379087179e-01,1.032334975363682464e-07
4.999999314285699104e-01,1.032208890985091271e-07
4.999999314147348661e-01,1.032085351397489106e-07
4.999999314049797250e-01,1.031932417646088101e-07
4.999999313975622695e-01,1.031833491787552924e-07
4.999999313937969481e-01,1.031672004506964614e-07
4.999999313833937697e-01,1.031607945567569005e-07
4.999999313711729343e-01,1.031538069863773542e-07
4.999999313544517543e-01,1.031475117628791299e-07
4.999999313485399832e-01,1.031456578444067373e-07
4.999999313346475405e-01,1.031421970645522466e-07
4.999999313295853121e-01,1.031383776171919843e-07
4.999999313177153071e-01,1.031336977442289306e-07
4.999999313127750922e-01,1.031299525282907258e-07
4.999999313011987412e-01,1.031259426858801193e-07
4.999999312770943005e-01,1.031221444472841203e-07
4.999999312763959702e-01,1.031193362334575133e-07
4.999999312545725938e-01,1.031166584170386432e-07
4.999999312490610581e-01,1.031147527342123219e-07
4.999999312414618591e-01,1.031143041085361122e-07
4.999999312011371155e-01,1.031130709022981354e-07
4.999999311967126547e-01,1.031125835780520110e-07
4.999999311748681841e-01,1.031124037484752738e-07
4.999999311507147826e-01,1.031119211799522903e-07
4.999999311301246419e-01,1.031117727943534641e-07
4.999999311244565092e-01,1.031116543944327960e-07
4.999999311077106823e-01,1.031115781120675228e-07
4.999999310933937458e-01,1.031115450604532255e-07
4.999999310741475300e-01,1.031115181984098337e-07
4.999999310581759726e-01,1.031114623739160219e-07
4.999999310382019502e-01,1.031111700022912214e-07
4.999999310217577153e-01,1.031106984357279680e-07
4.999999309945545867e-01,1.031051047128886331e-07
4.999999309799367797e-01,1.030966879970461511e-07
4.999999309701813610e-01,1.030630320005233453e-07
4.999999309471317988e-01,1.030464542958957276e-07
4.999999309350630083e-01,1.030010093487874450e-07
4.999999309147780124e-01,1.029895258033941227e-07
4.999999308939928611e-01,1.029608004862760501e-07
4.999999308852970947e-01,1.029321506914338548e-07
4.999999308771710393e-01,1.029068795569781288e-07
4.999999308645492468e-01,1.028944626201512314e-07
4.999999308503116913e-01,1.028683143175992710e-07
4.999999308290761779e-01,1.028504141251936839e-07
4.999999308126323316e-01,1.028209354775056461e-07
4.999999308028431066e-01,1.028120587830507185e-07
4.999999307938713944e-01,1.027958820641525928e-07
4.999999307848185248e-01,1.027766088927492628e-07
4.999999307636182611e-01,1.027698959932494581e-07
4.999999307499898848e-01,1.027489453385345991e-07
4.999999307361515655e-01,1.027375452668219235e-07
4.999999307173809138e-01,1.027344156526367768e-07
4.999999307010700722e-01,1.027280541361741939e-07
4.999999306916384501e-01,1.027211205822065567e-07
4.999999306688674983e-01,1.027142794146102352e-07
4.999999306520428455e-01,1.027013156317467045e-07
4.999999306428782875e-01,1.026988239550516231e-07
4.999999306355986661e-01,1.026922340536247749e-07
4.999999306245429542e-01,1.026898747332021031e-07
4.999999306125180176e-01,1.026845033531759524e-07
4.999999305917192105e-01,1.026782048015800345e-07
4.999999305732526489e-01,1.026596206468622324e-07
4.999999305551263706e-01,1.026503965955712750e-07
4.999999304891035168e-01,1.026206382147060570e-07
4.999999304790632149e-01,1.025895212764565492e-07
4.999999304612428030e-01,1.025290408401656183e-07
4.999999304543457646e-01,1.024849856837496444e-07
4.999999304420448265e-01,1.024645394829440339e-07
4.999999304259171717e-01,1.024454417114164742e-07
4.999999304118621923e-01,1.023979702950294620e-07
4.999999303947285090e-01,1.023827339856189941e-07
4.999999303837298070e-01,1.023456839250041534e-07
4.999999303613785195e-01,1.023028675129509836e-07
4.999999303411047924e-01,1.022639077225528813e-07
4.999999303291522423e-01,1.022500389857697157e-07
4.999999303047665267e-01,1.022070684428280358e-07
4.999999302929473699e-01,1.021748573900810499e-07
4.999999302814557844e-01,1.021619733030082822e-07
4.999999302713493687e-01,1.021488791087152840e-07
4.999999302615377172e-01,1.021296554829191535e-07
4.999999302184729988e-01,1.021098945275481256e-07
4.999999302070755602e-01,1.020730422686519811e-07
4.999999301770826632e-01,1.020480053840655898e-07
4.999999301566347976e-01,1.020087637621735314e-07
4.999999301365299353e-01,1.019727510725585423e-07
4.999999301310569799e-01,1.019654868079705302e-07
4.999999301207009861e-01,1.019505439616127028e-07
4.999999301042898359e-01,1.019352140171743751e-07
4.999999300985925044e-01,1.019241495504496989e-07
4.999999300795311408e-01,1.018903207246237333e-07
4.999999300630061927e-01,1.018165769653190221e-07
4.999999300494172294e-01,1.018006329572643208e-07
4.999999300268956892e-01,1.017819980687120907e-07
4.999999300207380037e-01,1.017558017133911933e-07
4.999999300086645504e-01,1.017268280354526498e-07
4.999999300034665417e-01,1.017091448955266760e-07
4.999999299951030096e-01,1.016677599832333506e-07
4.999999299737734049e-01,1.016336079988600288e-07
4.999999299634990679e-01,1.016057142429063364e-07
4.999999299487365434e-01,1.015490971599560835e-07
4.999999299421310495e-01,1.014735278123031711e-07
4.999999299280458720e-01,1.014386800244758672e-07
4.999999299169306521e-01,1.013862515384326289e-07
4.999999299142656173e-01,1.013026919086716090e-07
4.999999299080813975e-01,1.012629950991248181e-07
4.999999299036826939e-01,1.011971162992758118e-07
4.999999298952538807e-01,1.011842473165707395e-07
4.999999298887662924e-01,1.011277470108314068e-07
4.999999298792965341e-01,1.010772967670188013e-07
4.999999298721300445e-01,1.010457338792425013e-07
4.999999298695813610e-01,1.010031281083041562e-07
4.999999298647819224e-01,1.009489574972022279e-07
4.999999298614212773e-01,1.009049600990138930e-07
4.999999298530226621e-01,1.008564939611355131e-07
4.999999298476096032e-01,1.008047230777463975e-07
4.999999298401925918e-01,1.007811559948043572e-07
4.999999298347248544e-01,1.007547050345469070e-07
4.999999298329965702e-01,1.007191045911915129e-07
4.999999298293392735e-01,1.006773517601910117e-07
4.999999298248596902e-01,1.006313345715856978e-07
4.999999298127737468e-01,1.006147191453298279e-07
4.999999298099554457e-01,1.005967169728284568e-07
4.999999298040505025e-01,1.005730107662368897e-07
4.999999298028541261e-01,1.005458896653243029e-07
4.999999297986215119e-01,1.005030667022614487e-07
4.999999297962974820e-01,1.004679563088146163e-07
4.999999297940820320e-01,1.004416235193992427e-07
4.999999297915339591e-01,1.004092876819547671e-07
4.999999297866826176e-01,1.003749494836897314e-07
4.999999297834723522e-01,1.003601230006799453e-07
4.999999297797270703e-01,1.003296750275631516e-07
4.999999297786648644e-01,1.003069268741377326e-07
4.999999297766854478e-01,1.002835083517519531e-07
4.999999297741780091e-01,1.002651725722414633e-07
4.999999297733990211e-01,1.002527293890252134e-07
4.999999297708422885e-01,1.002411217466947805e-07
4.999999297692845901e-01,1.002332647781766990e-07
4.999999297685073230e-01,1.002257605509991441e-07
4.999999297675515320e-01,1.002189048130313257e-07
4.999999297659550868e-01,1.002115306435347905e-07
4.999999297644636131e-01,1.002059532523350911e-07
4.999999297637105489e-01,1.002023982171031742e-07
4.999999297617370719e-01,1.001986014900719465e-07
4.999999297610160931e-01,1.001948349109613146e-07
4.999999297604256765e-01,1.001927723332508022e-07
4.999999297594538428e-01,1.001886969831990592e-07
4.999999297583428426e-01,1.001860729527112570e-07
4.999999297575027923e-01,1.001839173545868604e-07
4.999999297569832080e-01,1.001811873889014587e-07
4.999999297558738176e-01,1.001789692169334691e-07
4.999999297547100818e-01,1.001757384140892607e-07
4.999999297537125464e-01,1.001722031379098021e-07
4.999999297533032072e-01,1.001664180464006958e-07
4.999999297525283271e-01,1.001623966419088058e-07
4.999999297517011554e-01,1.001500495410878355e-07
4.999999297507423113e-01,1.001371422015187112e-07
4.999999297496104944e-01,1.001226497220165487e-07
4.999999297489462480e-01,1.001101926319503802e-07
4.999999297486162342e-01,1.001032984310448649e-07
4.999999297480232086e-01,1.000976475866162450e-07
4.999999297465338999e-01,1.000879005326187746e-07
4.999999297443268875e-01,1.000601185978638743e-07
4.999999297415844701e-01,1.000370666667842953e-07
4.999999297404165710e-01,1.000025180270677426e-07
4.999999297390899655e-01,9.998985387374315862e-08
4.999999297374242424e-01,9.997320879048880433e-08
4.999999297327909487e-01,9.995339363552178396e-08
4.999999297276914723e-01,9.992819593175660963e-08
4.999999297178648883e-01,9.992131314410414934e-08
4.999999296916314284e-01,9.990180852906806342e-08
4.999999296815770267e-01,9.989607424582664350e-08
4.999999296454775144e-01,9.988717112153927325e-08
4.999999295790001907e-01,9.988134156397773606e-08
4.999999294929375893e-01,9.987985177805765858e-08
4.999999294348517198e-01,9.987708023087353436e-08
4.999999293637569231e-01,9.987635383889336809e-08
4.999999292671061246e-01,9.987597631577979153e-08
4.999999291608926422e-01,9.987587101869392023e-08
4.999999290802186191e-01,9.987584139661072954e-08
4.999999290042104194e-01,9.987582023937404801e-08
4.999999289794637702e-01,9.987573579499390850e-08
4.999999289436488081e-01,9.987530465369299547e-08
4.999999289056334395e-01,9.987365413969374607e-08
4.999999288532245845e-01,9.987215050894175547e-08
4.999999287217124500e-01,9.987022359963662823e-08
4.999999287081559052e-01,9.986998092008134707e-08
4.999999286183196001e-01,9.986954442835966954e-08
4.999999285441978913e-01,9.986934654365143802e-08
4.999999284551173151e-01,9.986927526908713144e-08
4.999999283944769335e-01,9.986923840314848998e-08
4.999999283474581002e-01,9.986922691774298476e-08
4.999999282971929193e-01,9.986921000117430520e-08
4.999999282278980162e-01,9.986919189234722185e-08
4.999999281436117715e-01,9.986916263210918733e-08
4.999999281287831332e-01,9.986911418896957876e-08
4.999999280527984702e-01,9.986898742553290003e-08
4.999999279609934066e-01,9.986866627023102405e-08
4.999999278356025978e-01,9.986778308322720577e-08
4.999999277736499881e-01,9.986533773265035205e-08
4.999999277312912604e-01,9.985939085976732623e-08
4.999999276679323312e-01,9.984984566769491401e-08
4.999999276433726436e-01,9.983408346425430068e-08
4.999999275612638239e-01,9.977859070909744805e-08
4.999999275014070377e-01,9.976884350802388980e-08
4.999999273868592775e-01,9.974020607460937308e-08
4.999999273564471047e-01,9.972836831500072982e-08
4.999999272795127570e-01,9.969886829914537780e-08
4.999999271970934078e-01,9.968304496532784229e-08
4.999999270855814970e-01,9.964945017560365354e-08
4.999999269876153618e-01,9.962545315378304940e-08
4.999999269353981313e-01,9.958265225242242976e-08
4.999999268561025056e-01,9.955888897034423105e-08
4.999999268155348453e-01,9.952057027752134230e-08
4.999999267604985365e-01,9.950026396401159737e-08
4.999999266706582346e-01,9.947854570032098186e-08
4.999999266069901083e-01,9.946866265193668923e-08
4.999999264858066006e-01,9.945303473667817441e-08
4.999999264405845523e-01,9.944022744945301815e-08
4.999999263555187645e-01,9.943075540424119014e-08
4.999999262755673857e-01,9.942564225987468926e-08
4.999999261938302131e-01,9.942307638573208156e-08
4.999999260851841765e-01,9.942127108177309447e-08
4.999999260413283686e-01,9.942071708270542836e-08
4.999999259155992748e-01,9.942024491229981161e-08
4.999999258273929992e-01,9.941934125774502326e-08
4.999999257971091682e-01,9.941771703984496225e-08
4.999999257266126707e-01,9.941303218045491845e-08
4.999999256560328509e-01,9.940520803876727776e-08
4.999999256034243222e-01,9.940169786999909915e-08
4.999999255856834024e-01,9.939464361798291631e-08
4.999999255165590295e-01,9.938957927990033019e-08
4.999999254011655569e-01,9.938407559886685788e-08
4.999999253178404324e-01,9.938055093903646539e-08
4.999999252161072549e-01,9.937551641120942290e-08
4.999999251724275284e-01,9.936838644731119490e-08
4.999999250861174582e-01,9.936526674052195762e-08
4.999999250257937122e-01,9.936357733741216298e-08
4.999999249962593373e-01,9.935969812643401468e-08
4.999999249453385697e-01,9.935912638447069361e-08
4.999999248783171257e-01,9.935883524289914524e-08
4.999999248052847123e-01,9.935864841847622077e-08
4.999999247415448655e-01,9.935852811894814024e-08
4.999999247042110628e-01,9.935820367306923178e-08
4.999999246450517743e-01,9.935754377228181845e-08
4.999999245668805825e-01,9.935608070542667276e-08
4.999999244962296530e-01,9.935317113553185054e-08
4.999999244553518518e-01,9.934220736362074924e-08
4.999999244098262130e-01,9.931440403772577034e-08
4.999999243734807308e-01,9.930078373226509545e-08
4.999999242935679877e-01,9.927409091607852196e-08
4.999999242487795925e-01,9.925453146696425154e-08
4.999999241902662872e-01,9.924032408142255543e-08
4.999999241616383538e-01,9.922956918701086637e-08
4.999999241074220557e-01,9.921485532215530534e-08
4.999999240876511486e-01,9.920723637660591496e-08
4.999999240468617767e-01,9.920250375032886529e-08
4.999999240093842001e-01,9.919779966908904462e-08
4.999999239858954891e-01,9.919536347892943761e-08
4.999999239611783164e-01,9.919467500510287866e-08
4.999999239271391005e-01,9.919357959588897823e-08
4.999999239085802238e-01,9.919233827826845593e-08
4.999999238932756329e-01,9.919066678684328632e-08
4.999999238842107729e-01,9.918831287102880307e-08
4.999999238707233951e-01,9.918547788123242621e-08
4.999999238597587770e-01,9.918207827783648079e-08
4.999999238505136168e-01,9.918007335866100595e-08
4.999999238450060224e-01,9.917768517834761639e-08
4.999999238414805647e-01,9.917564275416600110e-08
4.999999238363862508e-01,9.917426693886972577e-08
4.999999238321080064e-01,9.917294364980123523e-08
4.999999238297470061e-01,9.917123666966243911e-08
4.999999238280662950e-01,9.917012797575068590e-08
4.999999238245750877e-01,9.916973802529892511e-08
4.999999238228462484e-01,9.916903941851861065e-08
4.999999238212044506e-01,9.916808851666904766e-08
4.999999238192123219e-01,9.916652308665596442e-08
4.999999238166940585e-01,9.916342994218368571e-08
4.999999238150587000e-01,9.916049268713797585e-08
4.999999238136917934e-01,9.915823278231515810e-08
4.999999238123997714e-01,9.915031891289210138e-08
4.999999238100565346e-01,9.914153155995890454e-08
4.999999238080147235e-01,9.913759984124886229e-08
4.999999238055591322e-01,9.913107590225966431e-08
4.999999238014015135e-01,9.911223045298129049e-08
4.999999237951724962e-01,9.910140300300504911e-08
4.999999237754603199e-01,9.908402930923657677e-08
4.999999237664375373e-01,9.907201234422902074e-08
4.999999237585751044e-01,9.905472194310338739e-08
4.999999237310699396e-01,9.904964522806923218e-08
4.999999237085829273e-01,9.904612816987761925e-08
4.999999236747594278e-01,9.904416389250554611e-08
4.999999236568271055e-01,9.904288836566352734e-08
4.999999236042733664e-01,9.904100933917266446e-08
4.999999235870791203e-01,9.904039630485524353e-08
4.999999235282790444e-01,9.903853746031561384e-08
4.999999234675878701e-01,9.903528491586113487e-08
4.999999234414528315e-01,9.902956614984797135e-08
4.999999234031582418e-01,9.902784508191127425e-08
4.999999233548891864e-01,9.901658613139709723e-08
4.999999232667548532e-01,9.901384852195604237e-08
4.999999232558294260e-01,9.900737245640992003e-08
4.999999231469461902e-01,9.900435828353445148e-08
4.999999231031359015e-01,9.900174194088140743e-08
4.999999230479660328e-01,9.899920610866563654e-08
4.999999229314138205e-01,9.899429276207470224e-08
4.999999228460483280e-01,9.899144894470074299e-08
4.999999227434458460e-01,9.898850387125603574e-08
4.999999227030820226e-01,9.898717424048350049e-08
4.999999226664331720e-01,9.898587383213238004e-08
4.999999226268901920e-01,9.898502844524432947e-08
4.999999225965865435e-01,9.898372715717521909e-08
4.999999225854794838e-01,9.898203146064232390e-08
4.999999225586163054e-01,9.897988501782928582e-08
4.999999225136790293e-01,9.897579108346817036e-08
4.999999224967069389e-01,9.897187544648012342e-08
4.999999224781295215e-01,9.896858291223957850e-08
4.999999224683832066e-01,9.896607329978028705e-08
4.999999224566259448e-01,9.896174974978545100e-08
4.999999224472286841e-01,9.895982210173733597e-08
4.999999224437916556e-01,9.895768482529539213e-08
4.999999224411997290e-01,9.895684194508279081e-08
4.999999224405785592e-01,9.895435550985993305e-08
4.999999224402875697e-01,9.895264552783802622e-08
4.999999224398588016e-01,9.895135708680677706e-08
4.999999224392367436e-01,9.895013689390436207e-08
4.999999224379626517e-01,9.894815675241144310e-08
4.999999224351085458e-01,9.894519027480375068e-08
4.999999224314359836e-01,9.893950021404212613e-08
4.999999224267942521e-01,9.893113802243934397e-08
4.999999224219242033e-01,9.892818977526360231e-08
4.999999224160828759e-01,9.892096374220155662e-08
4.999999224105451945e-01,9.890763386178804295e-08
4.999999223704933438e-01,9.890216796790799463e-08
4.999999223307774465e-01,9.889295232998619109e-08
4.999999221947588612e-01,9.888470314964995260e-08
4.999999221052782161e-01,9.887604035285369393e-08
4.999999220635609753e-01,9.887141324833854746e-08
4.999999219189652511e-01,9.886723247227089829e-08
4.999999217588916300e-01,9.884666101980376210e-08
4.999999216652473155e-01,9.884205337156913373e-08
4.999999215611743431e-01,9.883873359090605273e-08
4.999999215260199636e-01,9.883333528223362124e-08
4.999999214477345855e-01,9.882886988666120404e-08
4.999999213912811324e-01,9.882296624968267454e-08
4.999999213370218687e-01,9.881258860367163373e-08
4.999999213095440154e-01,9.880666624534037871e-08
4.999999212635157231e-01,9.878499800458365279e-08
4.999999211769092788e-01,9.877523324485440236e-08
4.999999210448596298e-01,9.875787292647734746e-08
4.999999210094497326e-01,9.874017789743560597e-08
4.999999209740674799e-01,9.872580491858840844e-08
4.999999209054044602e-01,9.871814019108434888e-08
4.999999208845155030e-01,9.871313622027746481e-08
4.999999208515545912e-01,9.870724396748827821e-08
4.999999208014279661e-01,9.870501984582254928e-08
4.999999207351846220e-01,9.870346208076627451e-08
4.999999206606495217e-01,9.870303664910461975e-08
4.999999206391194106e-01,9.870294486702173614e-08
4.999999205867670105e-01,9.870280732153212702e-08
4.999999205347135933e-01,9.870240862750627054e-08
4.999999205019152182e-01,9.870095783014240326e-08
4.999999204664144492e-01,9.869564328231145026e-08
4.999999204419559029e-01,9.868658503283301429e-08
4.999999203979292317e-01,9.867865340611662186e-08
4.999999203640703160e-01,9.866482577583783374e-08
4.999999203458907471e-01,9.865522467933728254e-08
4.999999203206985654e-01,9.863473480419421363e-08
4.999999202891318717e-01,9.862616319090695400e-08
4.999999202716883251e-01,9.861639142912582027e-08
4.999999202273306964e-01,9.860229280919583879e-08
4.999999201950735550e-01,9.858521349734641708e-08
4.999999201811022864e-01,9.857859311000769409e-08
4.999999201619941269e-01,9.856252385856335268e-08
4.999999201353934608e-01,9.855177307529934146e-08
4.999999201075252531e-01,9.854447331702581802e-08
4.999999200754565720e-01,9.854109434913070750e-08
4.999999200526166199e-01,9.853932995306816667e-08
4.999999200155196832e-01,9.853601233535790012e-08
4.999999199957537166e-01,9.853356046757374701e-08
4.999999199584767018e-01,9.853013770103070218e-08
4.999999199447413001e-01,9.852004398663466602e-08
4.999999199143744244e-01,9.849755876324779424e-08
4.999999198865583416e-01,9.844961463278852398e-08
4.999999198652415044e-01,9.843836601509456581e-08
4.999999198506879239e-01,9.832469942368694761e-08
4.999999198217179308e-01,9.829871216555994795e-08
4.999999198003669543e-01,9.824624900872689613e-08
4.999999197864728462e-01,9.820176640827160741e-08
4.999999197514579663e-01,9.819191097246554447e-08
4.999999197192990796e-01,9.818420852725473054e-08
4.999999197001005480e-01,9.817786194757837142e-08
4.999999196738045826e-01,9.817433412137301540e-08
4.999999196636542020e-01,9.817290990848511062e-08
4.999999196309294347e-01,9.817186814424171522e-08
4.999999195939383578e-01,9.816389986777764008e-08
4.999999195697233390e-01,9.813600435439792409e-08
4.999999195494408966e-01,9.812643391337947337e-08
4.999999195255608875e-01,9.810856621712445114e-08
4.999999194933106850e-01,9.809235442272038460e-08
4.999999194566940308e-01,9.808494713446012844e-08
4.999999194229182153e-01,9.807210413051118034e-08
4.999999193884945292e-01,9.806656657289302473e-08
4.999999193714651513e-01,9.805650150632068634e-08
4.999999193643307471e-01,9.804851023072816437e-08
4.999999193509315765e-01,9.804338404439726155e-08
4.999999193336328585e-01,9.803832149328601557e-08
4.999999193116543839e-01,9.802840160679972079e-08
4.999999192825111960e-01,9.801948926876786822e-08
4.999999192695661621e-01,9.801686845460000969e-08
4.999999192279536708e-01,9.801536988697009713e-08
4.999999192149716110e-01,9.801296415272904742e-08
4.999999192013565019e-01,9.801227214765288925e-08
4.999999191686404498e-01,9.801121179116363449e-08
4.999999191498275541e-01,9.801009365683555893e-08
4.999999191417190403e-01,9.800814300115976260e-08
4.999999191356518380e-01,9.800266617188057440e-08
4.999999191320776970e-01,9.798985348215104770e-08
4.999999191304362878e-01,9.796131666919319951e-08
4.999999191297049284e-01,9.794062067215854966e-08
4.999999191290160905e-01,9.792636936375450214e-08
4.999999191285713906e-01,9.791151622597988172e-08
4.999999191277929023e-01,9.789878561356646995e-08
4.999999191248396535e-01,9.789120664045473286e-08
4.999999191218970074e-01,9.788429523915043823e-08
4.999999191169455237e-01,9.786953265762401747e-08
4.999999191088836392e-01,9.784609643455382145e-08
4.999999190926643355e-01,9.783249881289363379e-08
4.999999190744470745e-01,9.780633819296080654e-08
4.999999190460797660e-01,9.778406597048577075e-08
4.999999190211767419e-01,9.776029777695743700e-08
4.999999189909021258e-01,9.772167037551213917e-08
4.999999189561621371e-01,9.769042503977619381e-08
4.999999188971604447e-01,9.765044597226951192e-08
4.999999188624441038e-01,9.763585338617992078e-08
4.999999188144870210e-01,9.760363798719446535e-08
4.999999188007304696e-01,9.757849536732065272e-08
4.999999187233961639e-01,9.754764510984498329e-08
4.999999186741782564e-01,9.752845302784860401e-08
4.999999186556972064e-01,9.749602650015495921e-08
4.999999186140435814e-01,9.744681785134443453e-08
4.999999185763890353e-01,9.741981049461107942e-08
4.999999184876203762e-01,9.737301796773171765e-08
4.999999184400237828e-01,9.731367898805015909e-08
4.999999183624218579e-01,9.727390032268438377e-08
4.999999182702421496e-01,9.722283712524681868e-08
4.999999182354491478e-01,9.717602380806653339e-08
4.999999181636489709e-01,9.710201380927310428e-08
4.999999180561918166e-01,9.709865288333805956e-08
4.999999179596236742e-01,9.707502210267427772e-08
4.999999178902305719e-01,9.705692399050316826e-08
4.999999178303939362e-01,9.702557443413090945e-08
4.999999177370979542e-01,9.700347291821238495e-08
4.999999177057891098e-01,9.699729114821791642e-08
4.999999176754815755e-01,9.698553320038784429e-08
4.999999176401558887e-01,9.697101796141828555e-08
4.999999174763755105e-01,9.696043080984472086e-08
4.999999173499770078e-01,9.694629963063752208e-08
4.999999172658555757e-01,9.692988336213790615e-08
4.999999171334357229e-01,9.690738247542555586e-08
4.999999170704564344e-01,9.689590238580046365e-08
4.999999170175316587e-01,9.686307705557367279e-08
4.999999169613697503e-01,9.683319277695953869e-08
4.999999169116886577e-01,9.682567477867622862e-08
4.999999168650422487e-01,9.680893030927129124e-08
4.999999168128030358e-01,9.678980228938875835e-08
4.999999167481957718e-01,9.678209799532465357e-08
4.999999165774305365e-01,9.678021847037291392e-08
4.999999164365878102e-01,9.677726325225890023e-08
4.999999163252926149e-01,9.677395348356448398e-08
4.999999161755518395e-01,9.676749710445021202e-08
4.999999161079839993e-01,9.675392439349579587e-08
4.999999160342942228e-01,9.672435063539625850e-08
4.999999160033629098e-01,9.670538299707827008e-08
4.999999159491692047e-01,9.667710500072729338e-08
4.999999158536252430e-01,9.665827344738795521e-08
4.999999157842699993e-01,9.664807267326002478e-08
4.999999157188080856e-01,9.663821104014596623e-08
4.999999156531351185e-01,9.663229717778866210e-08
4.999999155974337306e-01,9.662848751116111986e-08
4.999999155570367670e-01,9.662400739011229115e-08
4.999999155106026327e-01,9.661332922363835890e-08
4.999999154916353605e-01,9.658865428584992371e-08
4.999999154715280003e-01,9.657456992351335313e-08
4.999999154486393094e-01,9.656956918630677156e-08
4.999999154413519720e-01,9.656536106998418223e-08
4.999999154315561412e-01,9.654686479987095401e-08
4.999999154227481313e-01,9.653250064826404770e-08
4.999999154177638960e-01,9.650611856180500021e-08
4.999999154159249226e-01,9.649290729728999197e-08
4.999999154143237590e-01,9.645370344857140970e-08
4.999999154122751754e-01,9.643873055681765585e-08
4.999999154114989630e-01,9.642936485401487406e-08
4.999999154098496712e-01,9.640286927636416045e-08
4.999999154034865390e-01,9.638911711671326998e-08
4.999999153944248986e-01,9.637247411171462934e-08
4.999999153652319728e-01,9.635121444376287292e-08
4.999999153283762876e-01,9.632540531973717374e-08
4.999999153062631985e-01,9.631035952265835693e-08
4.999999152888607301e-01,9.629875430334014243e-08
4.999999152693746507e-01,9.629142563590052710e-08
4.999999151934897412e-01,9.628502635038957152e-08
4.999999151616924542e-01,9.627564739031328299e-08
4.999999151297457312e-01,9.626839444164137599e-08
4.999999151063929115e-01,9.625522124388618819e-08
4.999999150929944070e-01,9.624303395511289305e-08
4.999999150730398134e-01,9.623211691339462525e-08
4.999999150576014406e-01,9.622802130972808240e-08
4.999999150395602054e-01,9.621967615834133480e-08
4.999999150284967220e-01,9.621383236657458105e-08
4.999999150142796500e-01,9.620800832996186943e-08
4.999999149929817421e-01,9.620285790584907745e-08
4.999999149683828081e-01,9.619488147827719393e-08
4.999999149546295318e-01,9.618741014363867390e-08
4.999999149228068762e-01,9.617779323373172024e-08
4.999999149011350452e-01,9.616816986641175965e-08
4.999999148923671144e-01,9.616157087523923670e-08
4.999999148768832780e-01,9.615148402447580510e-08
4.999999148602177756e-01,9.614389803645435692e-08
4.999999148440832375e-01,9.612902338000369375e-08
4.999999148269576588e-01,9.612608856856779358e-08
4.999999148127076687e-01,9.611751107832525619e-08
4.999999147975642266e-01,9.610436431437866898e-08
4.999999147842103531e-01,9.609162885309048848e-08
4.999999147770415875e-01,9.607977938079487447e-08
4.999999147743440231e-01,9.607328117033982420e-08
4.999999147632827046e-01,9.605499591703261417e-08
4.999999147526223431e-01,9.604527690968573045e-08
4.999999147365168928e-01,9.604057139420798065e-08
4.999999147222986551e-01,9.603378776484820553e-08
4.999999147130137489e-01,9.602387499697712136e-08
4.999999147053191262e-01,9.600649873588041295e-08
4.999999146981504161e-01,9.599714094868040905e-08
4.999999146893456814e-01,9.598501708594391114e-08
4.999999146841656583e-01,9.597766989171192808e-08
4.999999146821698659e-01,9.596061364492116553e-08
4.999999146804921524e-01,9.594154572655356526e-08
4.999999146793678295e-01,9.592375957333424014e-08
4.999999146788404181e-01,9.591580024123140913e-08
4.999999146777848735e-01,9.588621848961836811e-08
4.999999146753746904e-01,9.587757301724169266e-08
4.999999146737426070e-01,9.586203243670200919e-08
4.999999146726707422e-01,9.585845950730769374e-08
4.999999146712827969e-01,9.584906808263762823e-08
4.999999146696159080e-01,9.584162468198142215e-08
4.999999146665822236e-01,9.582586643380108569e-08
4.999999146655139115e-01,9.577506773194058581e-08
4.999999146642212233e-01,9.576723313808173414e-08
4.999999146636550096e-01,9.573989296256249830e-08
4.999999146634532821e-01,9.571583714010490003e-08
4.999999146633598568e-01,9.570761100566132092e-08
4.999999146632750913e-01,9.569917014255188311e-08
4.999999146631225466e-01,9.569307367315924709e-08
4.999999146628216762e-01,9.567045317048871162e-08
4.999999146624364288e-01,9.564572386503289635e-08
4.999999146622381985e-01,9.563082254325319068e-08
4.999999146621726953e-01,9.560568988582874970e-08
4.999999146621168511e-01,9.557014042912614100e-08
4.999999146620928703e-01,9.553961155587489971e-08
4.999999146620641155e-01,9.551617716925403084e-08
4.999999146619759638e-01,9.549368198802470696e-08
4.999999146617634116e-01,9.547428549715559901e-08
4.999999146611249223e-01,9.545031345554462396e-08
4.999999146595924815e-01,9.541877423583967772e-08
4.999999146565392572e-01,9.540906641006620461e-08
4.999999146506929337e-01,9.539799226070765120e-08
4.999999146395261440e-01,9.538399767953336451e-08
4.999999146360421531e-01,9.535794467412719321e-08
4.999999146025778662e-01,9.534876519542072841e-08
4.999999145971034675e-01,9.534741806229384131e-08
4.999999145700022019e-01,9.534600010531634335e-08
4.999999145671509826e-01,9.534575320386239712e-08
4.999999145584840265e-01,9.534561592732403937e-08
4.999999145538730483e-01,9.534550430196895264e-08
4.999999145508827736e-01,9.534520775964582294e-08
4.999999145499390285e-01,9.534455394528639106e-08
4.999999145496489827e-01,9.534289624339030050e-08
4.999999145495784836e-01,9.533919103041829873e-08
4.999999145495426234e-01,9.533468190486362600e-08
4.999999145494553043e-01,9.532881685113970750e-08
4.999999145493090880e-01,9.532492846751248175e-08
4.999999145490289232e-01,9.532196738774890360e-08
4.999999145488203123e-01,9.532073595893346598e-08
4.999999145487324381e-01,9.531729149309029340e-08
4.999999145487119545e-01,9.531509725712025052e-08
4.999999145487001306e-01,9.530800820324723462e-08
4.999999145486687668e-01,9.529035914600492886e-08
4.999999145485973240e-01,9.528694741192550719e-08
4.999999145484220198e-01,9.527398053881110795e-08
4.999999145479169238e-01,9.526693982558271708e-08
4.999999145464583128e-01,9.526524298325447074e-08
4.999999145423924540e-01,9.526279915322825641e-08
4.999999145354374619e-01,9.526027755763063426e-08
4.999999145248054111e-01,9.525863281282575464e-08
4.999999145156444613e-01,9.525519677128345045e-08
4.999999144852328437e-01,9.524631131137377941e-08
4.999999144689236119e-01,9.524154534011634306e-08
4.999999144409257856e-01,9.523111420770873524e-08
4.999999144364597470e-01,9.522418437503434456e-08
4.999999144198756795e-01,9.521932920977660605e-08
4.999999143988501649e-01,9.521729482216527023e-08
4.999999143775615273e-01,9.521193731762700780e-08
4.999999143618644171e-01,9.520907722805301045e-08
4.999999143176456218e-01,9.520403958296298056e-08
4.999999143089775000e-01,9.519724632965687951e-08
4.999999142786264450e-01,9.519313096453295326e-08
4.999999142410283537e-01,9.518797346992812172e-08
4.999999142051721468e-01,9.518202881552028477e-08
4.999999141427361460e-01,9.517904113986199884e-08
4.999999141235962341e-01,9.517405845784202165e-08
4.999999140726264502e-01,9.516618687247079558e-08
4.999999140038142720e-01,9.515669222946440586e-08
4.999999139538547910e-01,9.514727769278669632e-08
4.999999138409272903e-01,9.514422162298210754e-08
4.999999137666418791e-01,9.513846537458412868e-08
4.999999136159840596e-01,9.513138812385300990e-08
4.999999135645835091e-01,9.512840367399732056e-08
4.999999135391354765e-01,9.511877588333817964e-08
4.999999134803742029e-01,9.511359026374632215e-08
4.999999134099182840e-01,9.510333900662231554e-08
4.999999133427630027e-01,9.509616105717587045e-08
4.999999132516554923e-01,9.509465319893582965e-08
4.999999131711771461e-01,9.508350602113727142e-08
4.999999130789880564e-01,9.507382872472458553e-08
4.999999129841215528e-01,9.506837070991749724e-08
4.999999128552192751e-01,9.505744883284503884e-08
4.999999126874246080e-01,9.504472578250667557e-08
4.999999125146271650e-01,9.503909737104110440e-08
4.999999121767511046e-01,9.503320560728801778e-08
4.999999120846864709e-01,9.502705204159591981e-08
4.999999120171365607e-01,9.501407526713083239e-08
4.999999119259658231e-01,9.500392812966941362e-08
4.999999118154819233e-01,9.499934981329467001e-08
4.999999117597198062e-01,9.499443147338733691e-08
4.999999117093865131e-01,9.498752275019965413e-08
4.999999116662628418e-01,9.497752790834196950e-08
4.999999116119969722e-01,9.496262651463005543e-08
4.999999114202927641e-01,9.495011411579197460e-08
4.999999111746534775e-01,9.493819325778310690e-08
4.999999110814079550e-01,9.492437240551081268e-08
4.999999108906261203e-01,9.491292684235346793e-08
4.999999107905909179e-01,9.489484863822110949e-08
4.999999106283348760e-01,9.488616893446280867e-08
4.999999105748790251e-01,9.488236653181614063e-08
4.999999105453139525e-01,9.487734367569950010e-08
4.999999105201016758e-01,9.487415842208060436e-08
4.999999105049412473e-01,9.486692113755660516e-08
4.999999104886930223e-01,9.486110273274761345e-08
4.999999104846635234e-01,9.485744735449479669e-08
4.999999104822993035e-01,9.485096597324924621e-08
4.999999104810876616e-01,9.484404924878269995e-08
4.999999104798948379e-01,9.484089634209761728e-08
