# step_dp, step_pinn
5.000000000000000278e-02,5.000000000000000278e-02
5.000000000000000278e-02,5.000000000000000278e-02
5.000000000000000278e-02,6.166632477314784192e+05
7.704038822198758241e-02,1.693834861356450783e-01
2.732825103072202833e-01,2.312665093544400696e-01
5.000000000000000278e-02,5.000000000000000278e-02
4.269345960314116439e+01,5.000000000000000278e-02
5.000000000000000278e-02,5.000000000000000278e-02
5.894632859162095978e-02,1.521883177825371081e-01
6.801268885466084102e-01,5.000000000000000278e-02
5.000000000000000278e-02,2.069951715879231879e-01
5.000000000000000278e-02,5.000000000000000278e-02
5.000000000000000278e-02,5.000000000000000278e-02
5.000000000000000278e-02,5.000000000000000278e-02
5.000000000000000278e-02,5.000000000000000278e-02
5.000000000000000278e-02,5.000000000000000278e-02
5.000000000000000278e-02,5.000000000000000278e-02
5.000000000000000278e-02,5.000000000000000278e-02
5.000000000000000278e-02,5.000000000000000278e-02
5.000000000000000278e-02,5.000000000000000278e-02
5.000000000000000278e-02,5.000000000000000278e-02
5.000000000000000278e-02,5.000000000000000278e-02
5.000000000000000278e-02,5.000000000000000278e-02
5.000000000000000278e-02,5.000000000000000278e-02
5.000000000000000278e-02,5.000000000000000278e-02
5.000000000000000278e-02,5.000000000000000278e-02
5.000000000000000278e-02,5.000000000000000278e-02
5.000000000000000278e-02,5.000000000000000278e-02
5.000000000000000278e-02,5.000000000000000278e-02
5.000000000000000278e-02,5.000000000000000278e-02
5.000000000000000278e-02,5.000000000000000278e-02
5.000000000000000278e-02,5.000000000000000278e-02
5.000000000000000278e-02,5.000000000000000278e-02
5.000000000000000278e-02,5.000000000000000278e-02
5.000000000000000278e-02,5.000000000000000278e-02
5.000000000000000278e-02,5.000000000000000278e-02
5.000000000000000278e-02,5.000000000000000278e-02
5.000000000000000278e-02,5.000000000000000278e-02
5.000000000000000278e-02,5.000000000000000278e-02
5.000000000000000278e-02,5.000000000000000278e-02
5.000000000000000278e-02,4.930158969631417420e-01
5.000000000000000278e-02,3.813126488168643302e-01
5.000000000000000278e-02,5.356319397844313546e-01
5.000000000000000278e-02,5.000000000000000278e-02
5.000000000000000278e-02,5.000000000000000278e-02
5.000000000000000278e-02,5.000000000000000278e-02
5.000000000000000278e-02,2.416721089872448380e-01
5.000000000000000278e-02,5.059479853102747393e-01
5.000000000000000278e-02,5.000000000000000278e-02
5.000000000000000278e-02,5.000000000000000278e-02
5.000000000000000278e-02,5.000000000000000278e-02
5.000000000000000278e-02,5.000000000000000278e-02
4.558213377700077173e-01,5.000000000000000278e-02
5.000000000000000278e-02,5.000000000000000278e-02
5.000000000000000278e-02,5.000000000000000278e-02
5.000000000000000278e-02,5.000000000000000278e-02
5.000000000000000278e-02,5.000000000000000278e-02
5.000000000000000278e-02,5.000000000000000278e-02
5.000000000000000278e-02,5.000000000000000278e-02
5.000000000000000278e-02,5.000000000000000278e-02
5.000000000000000278e-02,5.000000000000000278e-02
3.841889525455560728e-01,5.864015513572040650e-01
5.000000000000000278e-02,5.000000000000000278e-02
5.000000000000000278e-02,4.100429949349229664e-01
4.616587350194888417e-01,5.000000000000000278e-02
5.000000000000000278e-02,5.000000000000000278e-02
5.000000000000000278e-02,5.000000000000000278e-02
5.000000000000000278e-02,5.000000000000000278e-02
5.000000000000000278e-02,3.555334000623280866e-01
5.000000000000000278e-02,5.000000000000000278e-02
5.000000000000000278e-02,5.000000000000000278e-02
5.000000000000000278e-02,5.000000000000000278e-02
1.558641400611835148e-01,5.000000000000000278e-02
3.273852440217846493e-01,5.000000000000000278e-02
5.000000000000000278e-02,5.000000000000000278e-02
5.000000000000000278e-02,5.000000000000000278e-02
5.000000000000000278e-02,5.000000000000000278e-02
2.732386512202003917e-02,5.000000000000000278e-02
6.587007464841045934e-01,5.000000000000000278e-02
5.000000000000000278e-02,5.000000000000000278e-02
5.000000000000000278e-02,5.000000000000000278e-02
5.000000000000000278e-02,5.000000000000000278e-02
5.000000000000000278e-02,1.603175196873100894e-01
5.000000000000000278e-02,5.000000000000000278e-02
5.000000000000000278e-02,5.000000000000000278e-02
5.000000000000000278e-02,5.000000000000000278e-02
5.000000000000000278e-02,5.815525808671416774e-01
2.927665219591749635e-01,5.000000000000000278e-02
5.000000000000000278e-02,5.000000000000000278e-02
5.000000000000000278e-02,5.000000000000000278e-02
3.409587189893554360e+00,5.409814403897450497e-01
5.000000000000000278e-02,5.312456082265785140e-01
3.735773109019330795e-01,5.000000000000000278e-02
5.000000000000000278e-02,5.000000000000000278e-02
4.709702959149847379e-01,5.000000000000000278e-02
5.000000000000000278e-02,5.000000000000000278e-02
5.000000000000000278e-02,5.000000000000000278e-02
5.000000000000000278e-02,5.000000000000000278e-02
5.000000000000000278e-02,5.000000000000000278e-02
5.000000000000000278e-02,5.000000000000000278e-02
5.000000000000000278e-02,5.000000000000000278e-02
5.000000000000000278e-02,5.000000000000000278e-02
5.000000000000000278e-02,5.000000000000000278e-02
5.000000000000000278e-02,5.000000000000000278e-02
5.000000000000000278e-02,5.000000000000000278e-02
5.000000000000000278e-02,5.000000000000000278e-02
5.000000000000000278e-02,5.000000000000000278e-02
7.247060684402837349e-01,5.000000000000000278e-02
5.000000000000000278e-02,5.000000000000000278e-02
1.549923533751753069e-01,5.000000000000000278e-02
6.096233160667874351e-01,5.000000000000000278e-02
5.000000000000000278e-02,5.000000000000000278e-02
5.000000000000000278e-02,5.000000000000000278e-02
5.000000000000000278e-02,5.000000000000000278e-02
5.000000000000000278e-02,5.000000000000000278e-02
5.000000000000000278e-02,5.000000000000000278e-02
5.000000000000000278e-02,5.000000000000000278e-02
5.000000000000000278e-02,5.000000000000000278e-02
5.000000000000000278e-02,5.000000000000000278e-02
5.000000000000000278e-02,5.000000000000000278e-02
5.000000000000000278e-02,5.000000000000000278e-02
5.000000000000000278e-02,5.000000000000000278e-02
5.000000000000000278e-02,5.000000000000000278e-02
5.000000000000000278e-02,5.000000000000000278e-02
5.000000000000000278e-02,5.000000000000000278e-02
5.000000000000000278e-02,5.000000000000000278e-02
5.000000000000000278e-02,5.000000000000000278e-02
5.000000000000000278e-02,5.000000000000000278e-02
5.000000000000000278e-02,5.000000000000000278e-02
5.000000000000000278e-02,5.000000000000000278e-02
5.000000000000000278e-02,5.000000000000000278e-02
5.736240186422422171e-01,4.121653882295044369e-01
5.000000000000000278e-02,5.000000000000000278e-02
5.000000000000000278e-02,2.080986748398709618e-01
5.000000000000000278e-02,5.000000000000000278e-02
5.000000000000000278e-02,5.000000000000000278e-02
5.000000000000000278e-02,5.000000000000000278e-02
5.000000000000000278e-02,3.631868762582685095e-01
5.822189864112730096e-01,5.000000000000000278e-02
5.000000000000000278e-02,5.000000000000000278e-02
5.000000000000000278e-02,4.167710010243149688e-01
5.000000000000000278e-02,5.000000000000000278e-02
5.000000000000000278e-02,5.000000000000000278e-02
5.000000000000000278e-02,2.315460283969805744e-01
5.000000000000000278e-02,5.000000000000000278e-02
4.271712526789226971e-01,5.000000000000000278e-02
2.813783678179880288e-01,4.802298866833247248e-01
5.000000000000000278e-02,5.000000000000000278e-02
5.000000000000000278e-02,5.000000000000000278e-02
5.000000000000000278e-02,5.797581219446383549e-02
4.344419266572151495e-01,4.288745238678313698e-01
5.000000000000000278e-02,5.000000000000000278e-02
5.000000000000000278e-02,5.000000000000000278e-02
2.164771926776359878e-01,4.387452550216758285e-01
5.000000000000000278e-02,5.000000000000000278e-02
5.000000000000000278e-02,1.370139474459191875e-01
5.000000000000000278e-02,4.915070003505770946e-01
5.654848198783096747e-01,5.000000000000000278e-02
5.000000000000000278e-02,5.000000000000000278e-02
5.000000000000000278e-02,5.000000000000000278e-02
5.000000000000000278e-02,5.000000000000000278e-02
5.000000000000000278e-02,5.000000000000000278e-02
5.000000000000000278e-02,5.000000000000000278e-02
5.000000000000000278e-02,5.000000000000000278e-02
5.916764486743028018e-01,1.080860823322815772e-01
5.000000000000000278e-02,3.304000362804485058e-01
5.000000000000000278e-02,5.000000000000000278e-02
5.000000000000000278e-02,4.847424380123202536e-01
5.000000000000000278e-02,5.000000000000000278e-02
5.000000000000000278e-02,5.000000000000000278e-02
5.000000000000000278e-02,5.000000000000000278e-02
5.000000000000000278e-02,5.000000000000000278e-02
5.000000000000000278e-02,5.000000000000000278e-02
5.000000000000000278e-02,3.453335927951195483e-01
5.000000000000000278e-02,5.000000000000000278e-02
5.000000000000000278e-02,5.000000000000000278e-02
5.000000000000000278e-02,5.000000000000000278e-02
4.702865372415795386e-01,5.000000000000000278e-02
5.000000000000000278e-02,5.000000000000000278e-02
5.000000000000000278e-02,5.000000000000000278e-02
5.000000000000000278e-02,5.672784753302188010e-01
5.000000000000000278e-02,5.000000000000000278e-02
5.000000000000000278e-02,5.000000000000000278e-02
5.000000000000000278e-02,5.000000000000000278e-02
5.000000000000000278e-02,5.000000000000000278e-02
5.000000000000000278e-02,5.000000000000000278e-02
5.000000000000000278e-02,6.371619191509045876e-01
5.000000000000000278e-02,5.000000000000000278e-02
5.000000000000000278e-02,6.409281058780384732e-02
5.000000000000000278e-02,8.291905771544887116e-02
5.000000000000000278e-02,6.216184334044304594e-01
5.000000000000000278e-02,5.000000000000000278e-02
5.000000000000000278e-02,5.000000000000000278e-02
5.000000000000000278e-02,5.000000000000000278e-02
5.000000000000000278e-02,5.000000000000000278e-02
5.000000000000000278e-02,5.000000000000000278e-02
5.000000000000000278e-02,5.000000000000000278e-02
5.000000000000000278e-02,5.000000000000000278e-02
4.052573592850789441e-01,6.420335521400963863e-01
5.000000000000000278e-02,5.000000000000000278e-02
5.000000000000000278e-02,5.000000000000000278e-02
5.000000000000000278e-02,5.000000000000000278e-02
5.000000000000000278e-02,6.515212940247449014e-01
3.430666849066408286e-01,5.000000000000000278e-02
1.449307051365922305e-01,5.000000000000000278e-02
5.000000000000000278e-02,5.000000000000000278e-02
5.000000000000000278e-02,5.000000000000000278e-02
5.000000000000000278e-02,5.000000000000000278e-02
1.438084043406083201e-01,5.000000000000000278e-02
1.879306747954610779e-01,5.000000000000000278e-02
8.087114899182370475e-01,5.000000000000000278e-02
5.000000000000000278e-02,5.000000000000000278e-02
5.000000000000000278e-02,5.000000000000000278e-02
5.561025166590692903e-01,1.484897523978957745e-01
5.000000000000000278e-02,5.000000000000000278e-02
5.000000000000000278e-02,5.000000000000000278e-02
1.057082213318238373e-01,5.000000000000000278e-02
1.566131621611645819e-01,3.725665711655278683e-02
3.298294189427942724e-01,5.000000000000000278e-02
5.000000000000000278e-02,5.000000000000000278e-02
5.000000000000000278e-02,5.000000000000000278e-02
5.000000000000000278e-02,5.000000000000000278e-02
6.408839822687065757e-01,1.092464566831206629e-01
5.000000000000000278e-02,1.816225469439797235e-01
4.035055634309909767e-01,1.771888624117200772e-01
5.000000000000000278e-02,5.000000000000000278e-02
5.000000000000000278e-02,5.000000000000000278e-02
5.383859408680505831e-01,5.000000000000000278e-02
5.000000000000000278e-02,1.867777572529522867e-01
5.000000000000000278e-02,1.847269791431539188e-01
7.516218280271858010e-02,5.000000000000000278e-02
2.867225641127258973e-01,5.000000000000000278e-02
5.000000000000000278e-02,5.000000000000000278e-02
5.000000000000000278e-02,5.675969732164247716e-01
5.000000000000000278e-02,5.000000000000000278e-02
4.729951539352594270e-01,5.000000000000000278e-02
4.927604273666439383e-01,5.000000000000000278e-02
5.000000000000000278e-02,5.000000000000000278e-02
5.000000000000000278e-02,5.000000000000000278e-02
5.000000000000000278e-02,5.000000000000000278e-02
5.000000000000000278e-02,5.000000000000000278e-02
5.000000000000000278e-02,2.619009445662265345e-02
5.000000000000000278e-02,1.228882535543685262e-01
5.000000000000000278e-02,2.075857367646885554e-01
5.000000000000000278e-02,5.000000000000000278e-02
5.000000000000000278e-02,5.000000000000000278e-02
5.000000000000000278e-02,5.000000000000000278e-02
5.000000000000000278e-02,1.249336070070769245e-01
5.000000000000000278e-02,1.338147565235467684e-01
7.131833619098559840e-01,5.000000000000000278e-02
5.000000000000000278e-02,5.000000000000000278e-02
5.000000000000000278e-02,5.000000000000000278e-02
1.128546559571973612e-01,5.000000000000000278e-02
5.186627932895278015e-01,5.000000000000000278e-02
5.000000000000000278e-02,5.000000000000000278e-02
5.000000000000000278e-02,5.000000000000000278e-02
5.000000000000000278e-02,9.405125131954361617e-02
5.000000000000000278e-02,2.438984145021126093e-01
5.864279567764174583e-01,5.000000000000000278e-02
5.000000000000000278e-02,2.507039054922601262e-01
5.000000000000000278e-02,5.000000000000000278e-02
2.432003633434848822e-01,5.000000000000000278e-02
2.827659538273559758e-01,3.359101773904580868e-01
5.000000000000000278e-02,5.000000000000000278e-02
5.000000000000000278e-02,5.000000000000000278e-02
5.000000000000000278e-02,5.000000000000000278e-02
6.131987637253865087e-01,2.572196917797487936e-01
5.000000000000000278e-02,5.000000000000000278e-02
5.000000000000000278e-02,5.000000000000000278e-02
3.173688377164102237e-01,5.000000000000000278e-02
5.000000000000000278e-02,5.000000000000000278e-02
5.000000000000000278e-02,5.541729860581339207e-01
4.768246030207883845e-01,5.000000000000000278e-02
5.000000000000000278e-02,5.000000000000000278e-02
5.000000000000000278e-02,5.691627413480082609e-01
5.000000000000000278e-02,5.000000000000000278e-02
1.346492657451565655e-01,5.000000000000000278e-02
2.489540360476166225e-01,4.155169101086643169e-01
3.405352720088408724e-01,5.000000000000000278e-02
5.000000000000000278e-02,5.000000000000000278e-02
5.000000000000000278e-02,5.000000000000000278e-02
5.000000000000000278e-02,5.000000000000000278e-02
5.000000000000000278e-02,5.000000000000000278e-02
5.000000000000000278e-02,5.000000000000000278e-02
4.877239181815109514e-01,5.000000000000000278e-02
5.000000000000000278e-02,5.000000000000000278e-02
5.000000000000000278e-02,5.000000000000000278e-02
5.000000000000000278e-02,5.000000000000000278e-02
5.000000000000000278e-02,5.000000000000000278e-02
5.000000000000000278e-02,5.000000000000000278e-02
5.000000000000000278e-02,5.000000000000000278e-02
5.000000000000000278e-02,5.000000000000000278e-02
5.000000000000000278e-02,5.000000000000000278e-02
6.746507660241415349e-01,5.000000000000000278e-02
5.000000000000000278e-02,5.000000000000000278e-02
5.000000000000000278e-02,5.000000000000000278e-02
5.667461673548592760e-01,5.000000000000000278e-02
5.000000000000000278e-02,5.000000000000000278e-02
5.000000000000000278e-02,5.000000000000000278e-02
5.000000000000000278e-02,5.000000000000000278e-02
5.000000000000000278e-02,1.444758424496581373e-01
5.000000000000000278e-02,5.000000000000000278e-02
5.000000000000000278e-02,5.000000000000000278e-02
5.000000000000000278e-02,5.000000000000000278e-02
5.000000000000000278e-02,6.052241995646850947e-02
2.120761398675052312e-01,2.169646837265357953e-01
5.000000000000000278e-02,7.882889274985368511e-01
5.000000000000000278e-02,5.000000000000000278e-02
5.000000000000000278e-02,5.000000000000000278e-02
3.790443864395086626e-01,5.090295482924329651e-01
5.000000000000000278e-02,5.000000000000000278e-02
5.000000000000000278e-02,5.000000000000000278e-02
5.000000000000000278e-02,8.989702164022332631e-02
3.399167893826167131e-01,5.418873665682772955e-01
3.114748388295889292e-01,5.000000000000000278e-02
5.000000000000000278e-02,5.000000000000000278e-02
5.000000000000000278e-02,5.000000000000000278e-02
5.000000000000000278e-02,5.000000000000000278e-02
5.000000000000000278e-02,5.000000000000000278e-02
5.000000000000000278e-02,5.000000000000000278e-02
7.747517174446878763e-02,5.000000000000000278e-02
1.849158754867539778e-01,5.000000000000000278e-02
5.000000000000000278e-02,5.000000000000000278e-02
5.000000000000000278e-02,5.000000000000000278e-02
5.000000000000000278e-02,5.000000000000000278e-02
5.000000000000000278e-02,5.000000000000000278e-02
5.000000000000000278e-02,5.000000000000000278e-02
9.960831166957911931e-02,5.000000000000000278e-02
2.476273745431352979e-01,5.000000000000000278e-02
5.000000000000000278e-02,5.031167106285200363e-02
5.000000000000000278e-02,1.649505704879125345e-01
5.000000000000000278e-02,7.367506087198485432e-01
3.498801262243140808e-01,5.000000000000000278e-02
2.115431647749384525e-01,5.000000000000000278e-02
5.000000000000000278e-02,5.000000000000000278e-02
5.000000000000000278e-02,5.000000000000000278e-02
5.000000000000000278e-02,5.000000000000000278e-02
5.340449497995456429e-01,5.000000000000000278e-02
5.000000000000000278e-02,5.000000000000000278e-02
5.000000000000000278e-02,3.149842692221380691e-01
7.513985579955784200e-02,5.000000000000000278e-02
4.910239666478579124e-01,5.000000000000000278e-02
5.000000000000000278e-02,6.067745333048136791e-01
5.000000000000000278e-02,5.000000000000000278e-02
2.561392486927910883e-01,5.000000000000000278e-02
5.000000000000000278e-02,5.000000000000000278e-02
5.000000000000000278e-02,5.000000000000000278e-02
5.000000000000000278e-02,5.000000000000000278e-02
1.228926476635544968e-01,5.000000000000000278e-02
5.000000000000000278e-02,8.730400591883002992e-02
5.000000000000000278e-02,5.003656810090648666e-01
5.000000000000000278e-02,5.000000000000000278e-02
5.000000000000000278e-02,5.000000000000000278e-02
5.000000000000000278e-02,5.000000000000000278e-02
1.574715876585759122e-01,5.000000000000000278e-02
4.464212377630695228e-01,5.000000000000000278e-02
5.000000000000000278e-02,5.000000000000000278e-02
5.000000000000000278e-02,5.000000000000000278e-02
2.188215934169485399e-01,7.572517640268640327e-02
5.000000000000000278e-02,1.979535047411155879e-01
5.000000000000000278e-02,7.902570059783753376e-01
5.000000000000000278e-02,5.000000000000000278e-02
5.000000000000000278e-02,5.000000000000000278e-02
5.000000000000000278e-02,5.195104973582820307e-01
5.000000000000000278e-02,5.000000000000000278e-02
5.000000000000000278e-02,5.000000000000000278e-02
5.000000000000000278e-02,5.000000000000000278e-02
5.809053310903302680e-01,5.000000000000000278e-02
5.000000000000000278e-02,5.000000000000000278e-02
5.000000000000000278e-02,5.000000000000000278e-02
4.552103394337533304e-01,5.000000000000000278e-02
5.000000000000000278e-02,5.000000000000000278e-02
5.000000000000000278e-02,5.000000000000000278e-02
5.000000000000000278e-02,5.000000000000000278e-02
1.183681120840493206e-01,5.000000000000000278e-02
2.538330594044361788e-01,5.000000000000000278e-02
5.000000000000000278e-02,5.000000000000000278e-02
5.384805946318254044e-01,5.000000000000000278e-02
5.000000000000000278e-02,3.796492614896013751e-01
5.798769643099503934e-01,5.000000000000000278e-02
5.000000000000000278e-02,5.000000000000000278e-02
5.000000000000000278e-02,5.000000000000000278e-02
5.000000000000000278e-02,5.000000000000000278e-02
4.539110216868295078e-01,3.896053760281744660e-01
5.000000000000000278e-02,2.556863652234047102e-01
5.000000000000000278e-02,5.000000000000000278e-02
5.000000000000000278e-02,5.000000000000000278e-02
5.000000000000000278e-02,5.878739723598938038e-01
8.494891125716319547e-02,5.000000000000000278e-02
1.300532654779879282e-01,5.000000000000000278e-02
2.569566830273037339e-01,1.971928546073700439e-01
5.000000000000000278e-02,5.000000000000000278e-02
5.000000000000000278e-02,5.000000000000000278e-02
5.000000000000000278e-02,5.000000000000000278e-02
1.193855019473512857e-01,5.000000000000000278e-02
1.867690933701222356e-01,5.000000000000000278e-02
5.000000000000000278e-02,5.000000000000000278e-02
5.000000000000000278e-02,5.000000000000000278e-02
5.000000000000000278e-02,5.000000000000000278e-02
4.436896242009523705e-01,5.000000000000000278e-02
5.000000000000000278e-02,5.528498797559294048e-02
5.000000000000000278e-02,1.879792472615063603e-01
3.658775084389148113e-01,7.308063573993334172e-01
5.000000000000000278e-02,5.000000000000000278e-02
5.000000000000000278e-02,5.000000000000000278e-02
9.908012357967169170e-02,5.000000000000000278e-02
1.343549758817311479e-01,5.000000000000000278e-02
2.719233389672855439e-01,5.000000000000000278e-02
5.000000000000000278e-02,5.000000000000000278e-02
5.000000000000000278e-02,5.000000000000000278e-02
5.000000000000000278e-02,5.000000000000000278e-02
2.711582717509318230e-01,4.654988796347732105e-01
5.000000000000000278e-02,5.000000000000000278e-02
1.735530045145108613e-01,5.000000000000000278e-02
5.000000000000000278e-02,5.000000000000000278e-02
1.403137828340528526e-01,5.000000000000000278e-02
3.408144409582971601e-01,2.024965071964375529e-01
5.000000000000000278e-02,5.000000000000000278e-02
5.000000000000000278e-02,5.000000000000000278e-02
5.000000000000000278e-02,5.277653110235279721e-01
6.763928293551124682e-01,5.000000000000000278e-02
5.000000000000000278e-02,5.000000000000000278e-02
5.000000000000000278e-02,5.000000000000000278e-02
2.133638481716797763e-01,5.000000000000000278e-02
5.000000000000000278e-02,5.000000000000000278e-02
4.858007635530008361e-01,5.000000000000000278e-02
5.000000000000000278e-02,6.189916093520248658e-02
5.000000000000000278e-02,1.287847064257612306e-01
5.000000000000000278e-02,2.374093795291981890e-01
5.000000000000000278e-02,5.000000000000000278e-02
5.065896454951751560e-01,5.000000000000000278e-02
3.971943345311763074e-01,5.000000000000000278e-02
5.000000000000000278e-02,5.000000000000000278e-02
5.000000000000000278e-02,5.000000000000000278e-02
5.000000000000000278e-02,5.049116435588256457e-02
5.000000000000000278e-02,1.534291856091198891e-01
5.000000000000000278e-02,1.985914001869374668e-01
5.000000000000000278e-02,5.000000000000000278e-02
5.000000000000000278e-02,5.000000000000000278e-02
5.000000000000000278e-02,5.000000000000000278e-02
3.749422776323423356e-01,1.258463885822785899e-01
5.000000000000000278e-02,1.247861860348964264e-01
5.000000000000000278e-02,2.108882009087655884e-01
5.000000000000000278e-02,5.000000000000000278e-02
6.697618609972905146e-01,5.000000000000000278e-02
5.000000000000000278e-02,5.000000000000000278e-02
5.000000000000000278e-02,5.000000000000000278e-02
5.000000000000000278e-02,5.000000000000000278e-02
5.000000000000000278e-02,5.000000000000000278e-02
5.000000000000000278e-02,5.000000000000000278e-02
5.000000000000000278e-02,2.466901997591807172e-01
5.000000000000000278e-02,5.000000000000000278e-02
7.044660437663764763e-02,5.111585428490246219e-01
2.484870256497293539e-01,5.000000000000000278e-02
5.000000000000000278e-02,5.000000000000000278e-02
5.000000000000000278e-02,5.000000000000000278e-02
5.000000000000000278e-02,5.000000000000000278e-02
5.000000000000000278e-02,5.000000000000000278e-02
5.000000000000000278e-02,5.000000000000000278e-02
9.046458437872924307e-02,5.000000000000000278e-02
2.350327052843777520e-01,5.000000000000000278e-02
5.000000000000000278e-02,5.029378532081497655e-01
5.000000000000000278e-02,5.000000000000000278e-02
5.000000000000000278e-02,5.000000000000000278e-02
5.000000000000000278e-02,1.008127308777959780e-01
5.000000000000000278e-02,2.361699068474249485e-01
9.947532128721579825e-02,5.000000000000000278e-02
7.861102002167796865e-01,5.000000000000000278e-02
5.000000000000000278e-02,5.000000000000000278e-02
5.000000000000000278e-02,1.441035452103400227e-01
5.000000000000000278e-02,1.561266504812370282e-01
5.000000000000000278e-02,2.668492234121654372e-01
5.000000000000000278e-02,5.000000000000000278e-02
5.000000000000000278e-02,5.000000000000000278e-02
5.000000000000000278e-02,5.000000000000000278e-02
5.000000000000000278e-02,4.286436047632012913e-01
5.000000000000000278e-02,5.000000000000000278e-02
5.000000000000000278e-02,5.000000000000000278e-02
5.000000000000000278e-02,3.004511562215317344e-01
5.000000000000000278e-02,5.000000000000000278e-02
1.899327320090503368e-01,5.000000000000000278e-02
5.000000000000000278e-02,5.000000000000000278e-02
5.000000000000000278e-02,5.000000000000000278e-02
5.000000000000000278e-02,2.898047068420205874e-01
5.000000000000000278e-02,5.000000000000000278e-02
5.000000000000000278e-02,5.000000000000000278e-02
2.947474252096140557e-01,5.000000000000000278e-02
5.000000000000000278e-02,5.000000000000000278e-02
5.000000000000000278e-02,5.000000000000000278e-02
5.000000000000000278e-02,5.000000000000000278e-02
5.000000000000000278e-02,5.000000000000000278e-02
5.000000000000000278e-02,5.000000000000000278e-02
5.000000000000000278e-02,5.000000000000000278e-02
5.000000000000000278e-02,5.000000000000000278e-02
5.000000000000000278e-02,5.000000000000000278e-02
5.000000000000000278e-02,5.000000000000000278e-02
5.000000000000000278e-02,6.847033111646216863e-01
2.090728710956539782e-01,5.000000000000000278e-02
5.000000000000000278e-02,5.000000000000000278e-02
5.000000000000000278e-02,5.000000000000000278e-02
5.000000000000000278e-02,5.000000000000000278e-02
6.314100777653323116e-01,5.000000000000000278e-02
5.000000000000000278e-02,3.829887035768544390e-01
5.000000000000000278e-02,5.000000000000000278e-02
5.000000000000000278e-02,5.000000000000000278e-02
5.000000000000000278e-02,5.000000000000000278e-02
5.000000000000000278e-02,5.000000000000000278e-02
5.000000000000000278e-02,3.986007959461977390e-01
5.000000000000000278e-02,5.482077981889139640e-01
5.000000000000000278e-02,5.000000000000000278e-02
5.000000000000000278e-02,5.000000000000000278e-02
5.000000000000000278e-02,5.000000000000000278e-02
5.000000000000000278e-02,5.000000000000000278e-02
4.848030984724218673e-01,5.000000000000000278e-02
5.000000000000000278e-02,5.000000000000000278e-02
5.000000000000000278e-02,5.000000000000000278e-02
5.000000000000000278e-02,5.000000000000000278e-02
5.000000000000000278e-02,5.000000000000000278e-02
5.000000000000000278e-02,5.000000000000000278e-02
5.446178457493177083e-01,5.000000000000000278e-02
6.537485692586914032e-01,5.000000000000000278e-02
5.000000000000000278e-02,5.000000000000000278e-02
3.179755454356663624e-01,5.000000000000000278e-02
3.110481126574842770e-01,5.000000000000000278e-02
7.643092086942449015e-01,5.000000000000000278e-02
5.000000000000000278e-02,5.000000000000000278e-02
5.000000000000000278e-02,5.000000000000000278e-02
5.949419694438647932e-01,5.000000000000000278e-02
5.000000000000000278e-02,5.000000000000000278e-02
5.000000000000000278e-02,5.000000000000000278e-02
5.000000000000000278e-02,5.000000000000000278e-02
5.000000000000000278e-02,5.000000000000000278e-02
5.000000000000000278e-02,5.000000000000000278e-02
5.000000000000000278e-02,5.000000000000000278e-02
3.422257236664723312e-02,4.198183046190228640e-01
1.815204064941298989e-01,5.000000000000000278e-02
6.547357388562069502e-01,5.000000000000000278e-02
5.000000000000000278e-02,5.000000000000000278e-02
5.000000000000000278e-02,5.000000000000000278e-02
5.000000000000000278e-02,5.000000000000000278e-02
5.000000000000000278e-02,5.000000000000000278e-02
5.000000000000000278e-02,5.000000000000000278e-02
5.000000000000000278e-02,5.000000000000000278e-02
6.263480854840935974e-02,5.000000000000000278e-02
5.584174664979209002e-01,5.000000000000000278e-02
5.000000000000000278e-02,5.000000000000000278e-02
5.000000000000000278e-02,5.000000000000000278e-02
5.000000000000000278e-02,5.000000000000000278e-02
5.000000000000000278e-02,5.000000000000000278e-02
5.000000000000000278e-02,5.000000000000000278e-02
5.000000000000000278e-02,5.000000000000000278e-02
5.000000000000000278e-02,5.678856541106709344e-01
5.000000000000000278e-02,2.092049362499102949e-01
5.000000000000000278e-02,9.612613500086332474e-02
1.489398697488401591e-01,7.604636588315771828e-02
4.674121602120115404e-01,3.762149517574182589e-01
5.000000000000000278e-02,5.454512937371408521e-01
5.000000000000000278e-02,5.000000000000000278e-02
5.000000000000000278e-02,4.934702965538773078e-01
4.701430127746669685e-01,5.000000000000000278e-02
5.000000000000000278e-02,5.000000000000000278e-02
2.088340436550732981e-01,5.000000000000000278e-02
3.221718611333020399e-01,5.000000000000000278e-02
5.000000000000000278e-02,6.021817835804309516e-01
5.000000000000000278e-02,5.000000000000000278e-02
5.000000000000000278e-02,5.075289942710807800e-01
6.330930917432630034e-01,5.000000000000000278e-02
5.000000000000000278e-02,5.000000000000000278e-02
5.000000000000000278e-02,5.000000000000000278e-02
5.000000000000000278e-02,5.000000000000000278e-02
5.000000000000000278e-02,5.000000000000000278e-02
5.162952001564368176e-01,5.000000000000000278e-02
5.000000000000000278e-02,5.000000000000000278e-02
5.000000000000000278e-02,5.000000000000000278e-02
1.103120750198861438e-01,5.000000000000000278e-02
7.748797546996760710e-01,5.000000000000000278e-02
5.000000000000000278e-02,5.000000000000000278e-02
5.000000000000000278e-02,4.072443422544682612e-01
5.000000000000000278e-02,5.000000000000000278e-02
5.000000000000000278e-02,5.000000000000000278e-02
5.000000000000000278e-02,5.000000000000000278e-02
5.000000000000000278e-02,5.000000000000000278e-02
5.000000000000000278e-02,5.000000000000000278e-02
5.778268288000560915e-01,5.000000000000000278e-02
5.000000000000000278e-02,5.000000000000000278e-02
5.000000000000000278e-02,5.000000000000000278e-02
1.405222552533239855e-01,5.000000000000000278e-02
3.101246330294750719e-01,5.000000000000000278e-02
5.000000000000000278e-02,5.000000000000000278e-02
5.000000000000000278e-02,5.000000000000000278e-02
5.000000000000000278e-02,5.000000000000000278e-02
3.214134283532968928e-01,5.000000000000000278e-02
5.000000000000000278e-02,5.000000000000000278e-02
5.000000000000000278e-02,5.000000000000000278e-02
5.000000000000000278e-02,5.000000000000000278e-02
6.225365113349070612e-01,5.000000000000000278e-02
5.000000000000000278e-02,5.000000000000000278e-02
5.000000000000000278e-02,8.028883493898912593e-02
5.000000000000000278e-02,5.901108980076105182e-01
5.000000000000000278e-02,5.000000000000000278e-02
5.000000000000000278e-02,5.000000000000000278e-02
5.000000000000000278e-02,5.000000000000000278e-02
5.000000000000000278e-02,5.000000000000000278e-02
6.204877044344273562e-01,5.000000000000000278e-02
5.000000000000000278e-02,6.944130396336610778e-01
5.000000000000000278e-02,5.000000000000000278e-02
5.000000000000000278e-02,5.000000000000000278e-02
5.000000000000000278e-02,5.000000000000000278e-02
5.000000000000000278e-02,5.000000000000000278e-02
5.000000000000000278e-02,5.000000000000000278e-02
5.000000000000000278e-02,5.000000000000000278e-02
4.524966990481205098e-01,5.000000000000000278e-02
5.000000000000000278e-02,5.000000000000000278e-02
5.000000000000000278e-02,5.000000000000000278e-02
5.000000000000000278e-02,4.961200521490106152e-01
3.183443493348470654e-01,3.910384241664416893e-01
1.870197382675444220e-01,5.000000000000000278e-02
5.000000000000000278e-02,5.000000000000000278e-02
5.000000000000000278e-02,5.000000000000000278e-02
5.000000000000000278e-02,5.000000000000000278e-02
5.000000000000000278e-02,5.000000000000000278e-02
5.000000000000000278e-02,5.000000000000000278e-02
5.000000000000000278e-02,5.000000000000000278e-02
1.933966018357482497e-01,5.000000000000000278e-02
8.042089208018804447e-01,5.000000000000000278e-02
5.000000000000000278e-02,5.000000000000000278e-02
5.000000000000000278e-02,5.000000000000000278e-02
3.431619701199169481e-01,5.000000000000000278e-02
5.000000000000000278e-02,5.000000000000000278e-02
5.000000000000000278e-02,5.000000000000000278e-02
5.000000000000000278e-02,1.832627247419892080e-01
3.145870466738277527e-01,5.000000000000000278e-02
5.000000000000000278e-02,5.000000000000000278e-02
6.312878391351421925e-01,3.204993208609890343e-01
5.000000000000000278e-02,5.000000000000000278e-02
5.000000000000000278e-02,6.477130588576153203e-01
1.708684881572606340e-01,5.000000000000000278e-02
5.000000000000000278e-02,5.000000000000000278e-02
5.000000000000000278e-02,5.000000000000000278e-02
5.000000000000000278e-02,4.564118829725813398e-01
4.616255695604514209e-01,5.000000000000000278e-02
5.000000000000000278e-02,5.000000000000000278e-02
6.401892211839012026e-01,5.000000000000000278e-02
5.000000000000000278e-02,5.000000000000000278e-02
5.000000000000000278e-02,5.000000000000000278e-02
7.927291300027097809e-02,5.000000000000000278e-02
1.459688707894536974e-01,5.000000000000000278e-02
2.872999952571828608e-01,5.000000000000000278e-02
5.000000000000000278e-02,2.512604643282894679e-01
5.000000000000000278e-02,5.000000000000000278e-02
5.000000000000000278e-02,5.000000000000000278e-02
4.204645817382078876e-01,5.000000000000000278e-02
5.000000000000000278e-02,5.000000000000000278e-02
5.000000000000000278e-02,5.000000000000000278e-02
5.000000000000000278e-02,5.000000000000000278e-02
5.000000000000000278e-02,3.266277848503645886e-01
3.217720186399365412e-01,5.355476751882510822e-01
5.368077912251878470e-01,5.000000000000000278e-02
5.000000000000000278e-02,5.000000000000000278e-02
5.000000000000000278e-02,5.000000000000000278e-02
4.546885923320316825e-01,5.000000000000000278e-02
5.000000000000000278e-02,5.000000000000000278e-02
5.000000000000000278e-02,5.000000000000000278e-02
5.000000000000000278e-02,5.000000000000000278e-02
5.000000000000000278e-02,5.000000000000000278e-02
5.601704668052287506e-01,2.251998256391047060e-01
5.000000000000000278e-02,6.537533258601843089e-01
5.000000000000000278e-02,5.000000000000000278e-02
5.000000000000000278e-02,5.332554713733770324e-01
5.000000000000000278e-02,5.000000000000000278e-02
5.000000000000000278e-02,5.000000000000000278e-02
5.000000000000000278e-02,5.000000000000000278e-02
5.000000000000000278e-02,9.336397244146023289e-02
5.000000000000000278e-02,1.424746871616869026e-01
5.000000000000000278e-02,2.966787026813577643e-01
5.000000000000000278e-02,5.000000000000000278e-02
5.000000000000000278e-02,5.000000000000000278e-02
5.000000000000000278e-02,5.000000000000000278e-02
5.000000000000000278e-02,1.825882529947777944e-01
5.000000000000000278e-02,2.853856174160602777e-01
5.000000000000000278e-02,5.000000000000000278e-02
5.000000000000000278e-02,5.000000000000000278e-02
5.513748157402383887e-01,5.000000000000000278e-02
5.000000000000000278e-02,5.000000000000000278e-02
1.563388532658548380e-01,5.000000000000000278e-02
4.214441665315953323e-01,2.121857451862718957e-01
5.000000000000000278e-02,5.000000000000000278e-02
5.000000000000000278e-02,5.000000000000000278e-02
3.801484890479585599e-01,3.249034868061925208e-01
5.000000000000000278e-02,4.353331516449461813e-01
3.119254348994299764e-01,5.000000000000000278e-02
5.442485588714306433e-01,5.000000000000000278e-02
5.000000000000000278e-02,5.000000000000000278e-02
5.000000000000000278e-02,5.000000000000000278e-02
5.000000000000000278e-02,2.612932596071367852e-01
5.000000000000000278e-02,5.000000000000000278e-02
5.000000000000000278e-02,4.907654725820227437e-01
5.000000000000000278e-02,5.000000000000000278e-02
5.000000000000000278e-02,5.000000000000000278e-02
5.000000000000000278e-02,5.000000000000000278e-02
5.000000000000000278e-02,6.261874434524591360e-01
5.000000000000000278e-02,5.000000000000000278e-02
5.000000000000000278e-02,5.000000000000000278e-02
5.000000000000000278e-02,5.000000000000000278e-02
5.000000000000000278e-02,5.000000000000000278e-02
5.000000000000000278e-02,5.000000000000000278e-02
2.278307970000463811e-01,5.000000000000000278e-02
5.000000000000000278e-02,5.000000000000000278e-02
5.000000000000000278e-02,5.000000000000000278e-02
4.994406222475894497e-01,5.000000000000000278e-02
5.000000000000000278e-02,5.000000000000000278e-02
5.000000000000000278e-02,5.000000000000000278e-02
5.000000000000000278e-02,5.000000000000000278e-02
5.000000000000000278e-02,5.000000000000000278e-02
3.012315690203939411e-01,5.000000000000000278e-02
5.000000000000000278e-02,5.000000000000000278e-02
5.000000000000000278e-02,6.448046725601681850e-02
5.000000000000000278e-02,6.749360622253454123e-01
5.000000000000000278e-02,5.000000000000000278e-02
5.000000000000000278e-02,5.000000000000000278e-02
2.510443674738022657e-01,1.468311395817111786e-01
5.000000000000000278e-02,5.327454641654050249e-01
5.000000000000000278e-02,5.000000000000000278e-02
6.184763536749964263e-01,5.000000000000000278e-02
5.000000000000000278e-02,5.000000000000000278e-02
5.000000000000000278e-02,5.000000000000000278e-02
5.000000000000000278e-02,5.000000000000000278e-02
5.000000000000000278e-02,5.000000000000000278e-02
5.000000000000000278e-02,5.000000000000000278e-02
5.000000000000000278e-02,5.000000000000000278e-02
5.000000000000000278e-02,5.000000000000000278e-02
5.000000000000000278e-02,5.000000000000000278e-02
5.000000000000000278e-02,6.633726359373917636e-02
5.282844166455485935e-01,4.196227386380877444e-01
5.000000000000000278e-02,1.495016256220832729e-01
5.000000000000000278e-02,5.000000000000000278e-02
7.840613468393858865e-01,5.000000000000000278e-02
5.000000000000000278e-02,5.000000000000000278e-02
5.000000000000000278e-02,5.000000000000000278e-02
5.000000000000000278e-02,5.000000000000000278e-02
5.000000000000000278e-02,5.000000000000000278e-02
2.046623242266014664e-01,5.000000000000000278e-02
5.000000000000000278e-02,5.000000000000000278e-02
5.000000000000000278e-02,5.000000000000000278e-02
3.204320478121289728e-01,3.176273859662181565e+00
5.000000000000000278e-02,4.389443449389504037e-01
5.000000000000000278e-02,5.000000000000000278e-02
5.000000000000000278e-02,2.800959565121352579e-01
5.000000000000000278e-02,6.512625416410317003e-02
5.000000000000000278e-02,1.923355260897953722e-01
5.000000000000000278e-02,5.000000000000000278e-02
1.121655628303673685e-01,5.000000000000000278e-02
8.899741883376066642e-02,5.000000000000000278e-02
2.153600744162176561e-01,5.000000000000000278e-02
7.507534381025784409e-01,5.658046952876302216e-01
5.000000000000000278e-02,5.000000000000000278e-02
5.000000000000000278e-02,5.000000000000000278e-02
5.000000000000000278e-02,5.000000000000000278e-02
5.000000000000000278e-02,5.000000000000000278e-02
5.000000000000000278e-02,5.000000000000000278e-02
5.000000000000000278e-02,5.000000000000000278e-02
5.000000000000000278e-02,5.000000000000000278e-02
5.000000000000000278e-02,5.000000000000000278e-02
5.000000000000000278e-02,5.000000000000000278e-02
2.499072374496294768e-01,5.000000000000000278e-02
5.142049184509210891e-01,5.000000000000000278e-02
5.000000000000000278e-02,5.000000000000000278e-02
5.000000000000000278e-02,5.000000000000000278e-02
5.000000000000000278e-02,2.578115303490609578e-01
5.000000000000000278e-02,5.000000000000000278e-02
5.000000000000000278e-02,5.000000000000000278e-02
5.000000000000000278e-02,5.000000000000000278e-02
5.000000000000000278e-02,5.000000000000000278e-02
5.000000000000000278e-02,5.000000000000000278e-02
5.000000000000000278e-02,5.000000000000000278e-02
5.000000000000000278e-02,2.301688711662089326e-01
2.983689362653335619e-01,5.000000000000000278e-02
5.000000000000000278e-02,3.234978019609730526e-01
2.118930094382717733e-01,5.420343149319096776e-01
1.990241544588113587e-01,5.000000000000000278e-02
6.475010819832334175e-01,5.000000000000000278e-02
4.324735505743296238e-01,5.000000000000000278e-02
2.756079177297326988e-01,3.281010046406165892e-01
5.000000000000000278e-02,5.000000000000000278e-02
4.715615146701413463e-01,5.000000000000000278e-02
5.000000000000000278e-02,5.000000000000000278e-02
5.000000000000000278e-02,3.376109565075321450e-01
3.541937426811427730e-02,5.000000000000000278e-02
4.258435302261879829e-01,5.000000000000000278e-02
5.000000000000000278e-02,4.675469018196343751e-01
5.000000000000000278e-02,5.000000000000000278e-02
5.310511290695709707e-01,5.000000000000000278e-02
5.000000000000000278e-02,5.000000000000000278e-02
5.069114684633071466e-01,5.000000000000000278e-02
2.644567387829985239e-01,5.000000000000000278e-02
5.000000000000000278e-02,5.000000000000000278e-02
5.000000000000000278e-02,1.167488626145454511e-01
5.000000000000000278e-02,5.000000000000000278e-02
2.641381134046945633e-01,5.000000000000000278e-02
5.000000000000000278e-02,5.000000000000000278e-02
5.000000000000000278e-02,5.000000000000000278e-02
3.268338258301373839e-02,1.292735230299393301e-01
6.407097027294754721e-01,5.000000000000000278e-02
5.000000000000000278e-02,5.000000000000000278e-02
5.000000000000000278e-02,5.000000000000000278e-02
3.408368696606722814e-01,4.938937859126528163e-01
5.000000000000000278e-02,5.000000000000000278e-02
5.000000000000000278e-02,5.000000000000000278e-02
1.066288787916816888e-01,4.279705433822282301e-01
1.057426195640713412e-01,5.000000000000000278e-02
2.546309514199729951e-01,5.000000000000000278e-02
5.000000000000000278e-02,1.109919228507795924e-01
3.983858023060041220e-01,5.000000000000000278e-02
3.861919754027726137e-01,5.000000000000000278e-02
5.000000000000000278e-02,5.000000000000000278e-02
5.000000000000000278e-02,5.000000000000000278e-02
5.000000000000000278e-02,5.000000000000000278e-02
5.000000000000000278e-02,5.000000000000000278e-02
5.517490060534846474e-01,5.000000000000000278e-02
5.000000000000000278e-02,5.000000000000000278e-02
5.000000000000000278e-02,5.000000000000000278e-02
5.732164065931573127e-01,5.000000000000000278e-02
5.000000000000000278e-02,5.000000000000000278e-02
5.000000000000000278e-02,5.000000000000000278e-02
5.549377744152031999e-01,6.820337741297688439e-01
5.000000000000000278e-02,5.000000000000000278e-02
5.000000000000000278e-02,5.000000000000000278e-02
5.000000000000000278e-02,5.000000000000000278e-02
5.294445047714908537e-01,5.000000000000000278e-02
5.000000000000000278e-02,5.000000000000000278e-02
6.585361323873042405e-01,4.702091050886561541e-01
5.000000000000000278e-02,5.000000000000000278e-02
5.000000000000000278e-02,5.401904691603600511e-02
5.548510940949065162e-01,4.334545830597034133e-01
5.000000000000000278e-02,5.000000000000000278e-02
5.000000000000000278e-02,5.000000000000000278e-02
5.000000000000000278e-02,5.000000000000000278e-02
5.614107669976700077e-01,3.749448632153900562e-01
5.000000000000000278e-02,5.000000000000000278e-02
5.000000000000000278e-02,1.734652048947397662e-01
5.000000000000000278e-02,5.000000000000000278e-02
5.000000000000000278e-02,5.000000000000000278e-02
5.000000000000000278e-02,5.000000000000000278e-02
5.000000000000000278e-02,5.000000000000000278e-02
5.000000000000000278e-02,5.000000000000000278e-02
5.000000000000000278e-02,5.000000000000000278e-02
2.096776320541506866e-01,5.000000000000000278e-02
5.000000000000000278e-02,5.000000000000000278e-02
2.811894620599701411e-01,1.932425902556184627e-01
5.000000000000000278e-02,5.000000000000000278e-02
5.000000000000000278e-02,5.000000000000000278e-02
7.426491885887004374e-01,5.000000000000000278e-02
5.000000000000000278e-02,5.000000000000000278e-02
5.000000000000000278e-02,5.000000000000000278e-02
5.000000000000000278e-02,5.000000000000000278e-02
5.000000000000000278e-02,5.000000000000000278e-02
5.000000000000000278e-02,5.000000000000000278e-02
3.114452228594036809e-01,5.000000000000000278e-02
5.000000000000000278e-02,1.543477799729096045e-01
5.000000000000000278e-02,7.095195284128081870e-01
5.000000000000000278e-02,5.000000000000000278e-02
2.188145860265818254e-01,5.000000000000000278e-02
5.000000000000000278e-02,6.182808634380008161e-01
5.000000000000000278e-02,5.000000000000000278e-02
1.822139815404087149e-01,3.508380919314214585e-01
5.000000000000000278e-02,5.000000000000000278e-02
5.000000000000000278e-02,5.000000000000000278e-02
5.000000000000000278e-02,5.000000000000000278e-02
5.732736639254343292e-01,4.932885524568120239e-01
5.000000000000000278e-02,5.000000000000000278e-02
5.000000000000000278e-02,5.000000000000000278e-02
5.000000000000000278e-02,5.000000000000000278e-02
2.441537862317060825e-01,5.000000000000000278e-02
7.017743926702398050e-02,2.851759450393173689e-01
5.294767830504517603e-01,5.000000000000000278e-02
5.000000000000000278e-02,5.000000000000000278e-02
5.000000000000000278e-02,5.802213513582383797e-01
5.000000000000000278e-02,5.000000000000000278e-02
6.037239038019552861e-01,5.000000000000000278e-02
5.000000000000000278e-02,5.000000000000000278e-02
5.000000000000000278e-02,5.357916951125122340e-01
5.000000000000000278e-02,5.000000000000000278e-02
5.000000000000000278e-02,5.000000000000000278e-02
4.980961624025473378e-01,5.000000000000000278e-02
5.000000000000000278e-02,5.000000000000000278e-02
5.000000000000000278e-02,5.000000000000000278e-02
5.000000000000000278e-02,5.000000000000000278e-02
5.000000000000000278e-02,5.000000000000000278e-02
5.000000000000000278e-02,5.000000000000000278e-02
5.000000000000000278e-02,5.000000000000000278e-02
5.000000000000000278e-02,6.324023725518407302e-02
5.000000000000000278e-02,2.890802681861096568e-01
5.000000000000000278e-02,5.000000000000000278e-02
5.000000000000000278e-02,5.000000000000000278e-02
5.000000000000000278e-02,5.000000000000000278e-02
5.000000000000000278e-02,3.890682099267480099e-01
5.000000000000000278e-02,5.000000000000000278e-02
5.000000000000000278e-02,5.000000000000000278e-02
5.000000000000000278e-02,1.149838066481489868e-01
5.000000000000000278e-02,5.000000000000000278e-02
5.000000000000000278e-02,5.000000000000000278e-02
5.000000000000000278e-02,5.000000000000000278e-02
5.000000000000000278e-02,5.000000000000000278e-02
5.000000000000000278e-02,5.000000000000000278e-02
5.000000000000000278e-02,5.000000000000000278e-02
5.000000000000000278e-02,5.000000000000000278e-02
5.000000000000000278e-02,5.000000000000000278e-02
5.000000000000000278e-02,5.000000000000000278e-02
5.000000000000000278e-02,5.000000000000000278e-02
5.000000000000000278e-02,5.000000000000000278e-02
5.000000000000000278e-02,1.712732885829897911e-01
5.000000000000000278e-02,5.000000000000000278e-02
5.000000000000000278e-02,5.000000000000000278e-02
5.000000000000000278e-02,5.000000000000000278e-02
5.000000000000000278e-02,5.000000000000000278e-02
5.000000000000000278e-02,5.000000000000000278e-02
3.467576915333572263e-01,5.000000000000000278e-02
5.000000000000000278e-02,3.456382010853432107e-01
5.000000000000000278e-02,5.000000000000000278e-02
2.086207943533091025e-01,5.000000000000000278e-02
5.000000000000000278e-02,5.000000000000000278e-02
5.000000000000000278e-02,5.000000000000000278e-02
5.000000000000000278e-02,5.000000000000000278e-02
5.000000000000000278e-02,5.000000000000000278e-02
5.000000000000000278e-02,5.000000000000000278e-02
5.000000000000000278e-02,5.000000000000000278e-02
5.000000000000000278e-02,5.000000000000000278e-02
5.000000000000000278e-02,5.000000000000000278e-02
5.000000000000000278e-02,4.439677061346310460e-01
5.000000000000000278e-02,5.000000000000000278e-02
5.000000000000000278e-02,5.000000000000000278e-02
5.000000000000000278e-02,5.000000000000000278e-02
5.000000000000000278e-02,5.000000000000000278e-02
5.000000000000000278e-02,5.000000000000000278e-02
5.000000000000000278e-02,5.000000000000000278e-02
5.000000000000000278e-02,5.000000000000000278e-02
5.000000000000000278e-02,5.000000000000000278e-02
5.000000000000000278e-02,5.000000000000000278e-02
5.000000000000000278e-02,5.000000000000000278e-02
5.000000000000000278e-02,5.000000000000000278e-02
5.000000000000000278e-02,5.000000000000000278e-02
5.000000000000000278e-02,5.000000000000000278e-02
1.375869050515232117e-01,5.000000000000000278e-02
6.124133943155211091e-01,5.000000000000000278e-02
4.655056825522371766e-01,4.949799935634642267e-01
5.000000000000000278e-02,5.000000000000000278e-02
4.399870241720377911e-02,5.000000000000000278e-02
2.400991926664873821e-01,5.000000000000000278e-02
7.507855617949708016e-01,5.000000000000000278e-02
5.000000000000000278e-02,5.000000000000000278e-02
1.941680325733947110e-01,1.413299766090100884e-01
5.000000000000000278e-02,2.438777873235792315e-01
9.830118435300222446e-02,5.000000000000000278e-02
3.636970367180161201e-01,4.764106823544733138e-01
5.000000000000000278e-02,5.000000000000000278e-02
5.000000000000000278e-02,5.000000000000000278e-02
5.000000000000000278e-02,2.101568745841167207e-01
5.406350271160538234e-01,3.137027563257639984e-01
5.000000000000000278e-02,5.000000000000000278e-02
5.000000000000000278e-02,5.000000000000000278e-02
5.210487645801564760e-01,5.000000000000000278e-02
5.000000000000000278e-02,5.577320814377537683e-01
5.000000000000000278e-02,5.000000000000000278e-02
5.000000000000000278e-02,5.000000000000000278e-02
2.691635748566594821e-01,1.056780115446717822e-01
7.233710061545918502e-02,5.596421900282682049e-01
1.588101433192476986e-01,5.000000000000000278e-02
6.957427580982104010e-01,5.000000000000000278e-02
5.000000000000000278e-02,5.000000000000000278e-02
5.000000000000000278e-02,5.000000000000000278e-02
5.000000000000000278e-02,5.000000000000000278e-02
5.000000000000000278e-02,5.000000000000000278e-02
5.000000000000000278e-02,4.662875649905779962e-01
6.035493246062817452e-01,5.000000000000000278e-02
5.000000000000000278e-02,5.000000000000000278e-02
5.000000000000000278e-02,1.149200933329015545e-01
5.000000000000000278e-02,1.874820102222947149e-01
5.000000000000000278e-02,5.000000000000000278e-02
4.947395048509322102e-01,5.000000000000000278e-02
2.785462208757574221e-01,5.000000000000000278e-02
5.000000000000000278e-02,1.710970843957846099e-01
5.000000000000000278e-02,2.042390485368316411e-01
5.290340187964149843e-01,7.881197952709000365e-01
5.000000000000000278e-02,5.000000000000000278e-02
5.000000000000000278e-02,5.000000000000000278e-02
5.000000000000000278e-02,5.822404872140166665e-01
5.000000000000000278e-02,5.000000000000000278e-02
2.058383402402896856e-01,5.000000000000000278e-02
5.000000000000000278e-02,5.000000000000000278e-02
5.000000000000000278e-02,5.000000000000000278e-02
5.000000000000000278e-02,1.786155447467838997e-01
5.000000000000000278e-02,1.190821474112873507e-01
3.272993651353582334e-01,5.000000000000000278e-02
5.000000000000000278e-02,5.000000000000000278e-02
5.000000000000000278e-02,5.000000000000000278e-02
5.000000000000000278e-02,5.000000000000000278e-02
5.000000000000000278e-02,5.000000000000000278e-02
5.000000000000000278e-02,5.000000000000000278e-02
5.000000000000000278e-02,5.000000000000000278e-02
5.000000000000000278e-02,2.553664850230316086e-01
5.000000000000000278e-02,3.477744827005831985e-01
