# error_dp, error_pinn
4.220583380330587830e-02,4.223250677711544443e-02
4.218034089281381266e-02,4.218034094146291824e-02
4.218034740281719625e-02,4.218034136222552355e-02
2.201883356414864948e-02,4.218127114103144976e-02
1.581442479330263245e-02,4.065204097963723284e-02
2.807224146987311736e-02,3.898246589467624368e-02
1.760245462817809289e-02,1.465637129308546352e-02
1.133306751966937920e-02,1.121731749092133752e-02
8.616194479081832128e-03,8.596625364194291144e-03
7.344354314619724357e-03,9.104251764800784172e-03
5.728974800187964025e-03,1.020957831651504027e-02
4.875553574603943771e-03,1.215356815894186489e-02
5.066543992546464897e-03,1.468351042665801132e-02
5.901474982120898799e-03,6.299800433592240602e-03
6.704367010774214992e-03,3.603463467593631675e-03
6.791668106210384075e-03,3.120549697398651220e-03
7.522985366996271309e-03,3.252123934516949928e-03
7.746131341685945013e-03,5.680083097743710528e-03
1.369675335607111952e-02,7.745008282120161708e-03
1.811093019044087912e-02,1.035252039962170079e-02
1.798344306833423584e-02,1.545986429948263338e-02
1.955711296696021825e-02,1.589403954729946486e-02
1.900884708253297237e-02,1.707367785828624654e-02
1.833338553634271048e-02,1.663459380969584123e-02
1.509783740373327188e-02,1.580440965647570556e-02
1.528281247302792391e-02,1.161360967620870925e-02
1.388203159584371939e-02,9.288621448173058071e-03
1.228514330176597516e-02,7.623472455656843914e-03
1.062732654571306098e-02,5.471600335969968934e-03
5.695314983958388658e-03,4.977450832843695501e-03
6.160990171357177449e-03,3.110662933297568718e-03
4.863130580266471388e-03,2.685912024703186914e-03
2.220971314106778751e-03,1.491614725645642797e-03
7.116474686816461580e-04,1.510835107869666627e-03
2.203080838124467020e-03,1.316032027513611147e-03
6.249326373996859016e-03,1.257577848516278898e-03
5.587021522093502286e-03,1.467648021171963054e-03
5.460466476343619688e-03,2.191595694330630492e-03
4.996378737049314914e-03,4.382423238932263605e-03
5.542842814181669214e-03,8.874223618750851431e-03
5.432612573468545945e-03,9.686484918139471115e-03
4.998902209843567382e-03,6.414024880191504692e-03
4.260258270638852748e-03,6.755991571344877912e-03
3.717915155534356249e-03,8.865247931508474233e-03
3.338098245713574767e-03,9.924021745553533724e-03
3.282755429005143090e-03,1.072856125558263422e-02
3.031110780859200705e-03,1.327034232270828638e-02
2.878062608126998653e-03,1.447829205428253357e-02
2.540969591233808132e-03,1.293734799518758173e-02
2.060197866639779194e-03,6.826699456763958562e-03
4.042904499595398630e-04,9.399056962892962663e-03
1.589736240305717179e-03,9.093930452337683004e-03
4.705029501678419622e-03,6.731020583770793743e-03
5.687650596368214184e-03,4.508244425467607119e-03
6.491594615103641469e-03,1.212949702862355615e-03
5.191694408992983747e-03,7.402299679760337633e-04
5.023670291888332126e-03,4.736008716919337148e-03
3.662723245957332299e-03,4.260655731245622559e-03
3.278706861219255787e-03,5.782601188205669859e-03
2.904269946689808698e-03,1.028569280614393538e-02
2.999483654366104542e-03,1.217072586599312646e-02
3.045160845947108685e-03,1.703752728518769313e-02
3.171643785381256155e-03,1.872267466129947169e-02
3.271478621392945752e-03,2.027858406851248615e-02
3.441557174531188149e-03,1.936810024970259114e-02
3.603971813373474994e-03,1.987685784341165079e-02
3.675500022254774794e-03,1.961424266901402522e-02
3.746353391467486041e-03,1.969809229456590330e-02
3.813766355357138364e-03,1.963146626298544611e-02
3.398796835880211770e-03,1.959546753174110437e-02
1.892164868032955409e-03,1.938001363291359108e-02
9.106589484225965968e-04,1.876186914488163493e-02
6.435227978312632905e-04,1.780605964918917025e-02
4.724594533757901955e-04,1.707502787737727110e-02
2.389480768264767971e-04,1.644924161216547789e-02
3.345586046016712904e-04,1.594989651084537802e-02
5.233692039476404425e-04,1.536091353142462861e-02
6.649805525456214733e-04,1.426051341689997184e-02
6.142358491784751266e-04,1.323924484928499373e-02
1.128557174159269772e-03,1.175415452840208874e-02
1.142075193579239869e-03,1.189859089367662111e-02
1.483442225441060748e-03,1.164000627423376552e-02
1.999397905979088171e-03,1.195487598505376968e-02
2.941455199473916055e-03,1.400334013999879335e-02
2.794623268251069347e-03,1.513156247973851398e-02
3.090694753160774799e-03,1.503587314773541413e-02
3.101707899141616185e-03,1.521169242075411099e-02
3.230887432326651470e-03,1.557488621848554695e-02
2.485447399368148364e-03,1.609813511048307361e-02
2.950650427633056978e-03,1.669790466910970467e-02
2.995880738114365446e-03,1.779126426278215128e-02
3.026530449155262394e-03,1.885098545449324925e-02
3.277846733105084509e-03,1.959109830360113505e-02
3.514068085852903745e-03,2.227679481100202502e-02
3.993116073598830702e-03,2.103206686975740702e-02
4.076563130104904342e-03,2.130524451157481125e-02
4.408742505751514669e-03,2.257867119503494460e-02
4.282132860698378146e-03,2.252007178062745071e-02
4.343991352687338707e-03,2.225263514651510885e-02
4.450912962295222250e-03,1.854594470970966080e-02
4.549097229317422900e-03,1.921233022279658989e-02
3.901096161510032075e-03,1.818183140054244196e-02
3.495217015840978384e-03,1.690902237554041745e-02
2.517570349805937045e-03,1.671354315021240933e-02
1.350428838493990258e-03,1.657262532936720420e-02
1.012559009638845176e-03,1.588762828547986977e-02
1.703702888343986994e-03,1.596900738789479302e-02
1.609588863731478171e-03,1.586089862604426332e-02
8.363142923364202648e-04,1.571022275963464623e-02
5.963669454779807130e-04,1.563728664279604233e-02
2.239641944127901733e-04,1.560988051060816298e-02
2.678353544451726070e-04,1.558939391901045975e-02
2.596215492810768129e-04,1.556225052879592688e-02
3.501514901350292856e-04,1.550063754441938571e-02
3.854544703645313678e-04,1.536450450894471208e-02
4.165805661819629120e-04,1.502008735243733073e-02
4.328301483338428094e-04,1.416360331692643158e-02
3.540572147177839871e-04,1.213123016713997006e-02
2.941486253735435216e-04,9.957818734618381976e-03
2.161919180702967774e-04,8.899510781772956500e-03
2.163836790049500358e-04,8.402220158883281706e-03
2.142731458391167296e-04,6.864823517060099529e-03
2.198980083311554280e-04,6.573739741157503744e-03
2.428058543969201471e-04,6.113050648932163295e-03
1.772515091457165686e-04,4.726303564774632718e-03
1.185608213808447316e-04,3.665541424043842166e-03
4.174133890134072039e-04,2.464944743391584998e-03
1.850539168855867605e-04,2.172389723300586790e-03
1.369339615715137637e-04,5.063222648571744089e-04
3.123919513948081208e-04,1.283665557348681553e-03
3.533677301645512104e-04,7.744350066367409286e-04
6.316176579055407091e-04,2.057770321897547190e-04
8.815013220507398380e-04,5.429629309245103536e-04
9.428104287618714737e-04,1.538100433364994425e-03
8.733691733292496409e-04,3.780234603259384658e-03
5.870514517289674924e-04,3.497192439137970874e-03
4.155579957381156514e-04,4.609099684884558103e-03
1.302528910749601557e-04,4.909283689454113989e-03
2.539774696940984592e-04,5.726843334712810110e-03
4.772152627284472512e-04,7.221701198417496484e-03
4.590094452163777307e-04,7.250391397513245538e-03
5.839754520018955800e-04,7.878595938891789358e-03
8.497550882117363077e-04,8.586893008982857817e-03
8.964686935453371371e-04,8.486187221727385654e-03
7.971428195787130886e-04,8.761689210447927770e-03
9.771725727046062879e-04,8.977736619949943861e-03
1.335122503930355779e-03,9.112951224523725344e-03
1.288548021438756406e-03,9.384014071419193026e-03
1.232179946539856174e-03,9.770712200319138854e-03
1.580003461581718123e-03,1.024798156050054677e-02
1.613207150829156422e-03,1.064014908899594929e-02
1.710010818227021816e-03,1.099917875962895877e-02
1.764538183445214271e-03,1.119078229773224492e-02
1.884842970449241220e-03,1.126475636950682001e-02
1.938118523197988798e-03,1.203241863488226093e-02
2.063869024337612514e-03,1.176347449405042676e-02
2.180418469687645921e-03,1.222809962027521409e-02
2.288409915737294516e-03,1.362245477279388876e-02
2.485383356904374407e-03,1.439955605375484865e-02
2.494945385471404077e-03,1.430309565018349043e-02
2.494269527094098316e-03,1.482086010086833272e-02
2.539777058648710027e-03,1.549714756276650805e-02
2.537738834604676922e-03,1.663169487523305165e-02
2.581678471513172268e-03,1.599826178458135795e-02
2.596507417970118220e-03,1.664302231387283434e-02
2.613961373812545303e-03,1.774770161019450024e-02
2.624232794996042301e-03,1.730429493259278209e-02
2.621699615479398254e-03,1.713440571223948106e-02
2.613123080658498291e-03,1.638484348610588087e-02
2.607070096045334406e-03,1.533035519255976017e-02
2.622571465136953450e-03,1.354490467893186383e-02
2.626186801502843667e-03,1.340846650190204332e-02
2.637148342771181413e-03,1.281860247359948787e-02
2.642959620396985367e-03,1.236760856616510654e-02
2.658616112429192622e-03,1.157371915866339980e-02
2.668738998022003941e-03,1.039439620013836441e-02
2.702111611810064078e-03,1.106105264010639327e-02
2.736774419815232035e-03,1.085470815232243355e-02
2.892864557964883697e-03,1.020825175589535651e-02
2.975402838841362946e-03,9.810550074795757608e-03
3.170524907623548452e-03,8.886518612710312542e-03
3.299645122957706005e-03,8.066358638082422872e-03
3.486285579487222088e-03,7.597585918260062188e-03
3.685652157749031484e-03,7.105203640768065383e-03
3.756619682274652244e-03,6.926175287911610044e-03
3.912529544293939440e-03,7.028594344126578783e-03
4.144876738918612524e-03,7.063012073749890332e-03
4.193105739994274980e-03,7.291948215032035066e-03
4.210412328666438865e-03,7.627340716936073690e-03
4.261862351540905702e-03,7.796286311050463526e-03
4.290889528508230223e-03,7.788102200403740349e-03
4.294473870414430676e-03,7.465345372951028534e-03
4.269807926448466150e-03,6.915918047584911771e-03
4.295002433981849610e-03,6.284658184118467258e-03
4.323663116610586797e-03,5.592709761253297773e-03
4.442851204452812584e-03,4.849709767501123210e-03
4.545805415153554747e-03,4.847436263415721633e-03
4.690507120145913193e-03,4.542206697902215207e-03
4.918952671962724052e-03,3.787523860302373716e-03
5.017524794324289272e-03,4.127379692692469820e-03
5.067856416862357057e-03,4.290380847379615149e-03
5.050403922824480210e-03,3.950031482084123170e-03
5.071251794413129607e-03,3.510813710324882028e-03
5.084550848096412723e-03,3.425837098106299279e-03
5.200270000801516732e-03,3.152525511080965515e-03
5.194365229740880233e-03,2.938242032655096706e-03
5.249987586357983231e-03,2.699426014886212050e-03
5.289703217701356708e-03,2.355385737770464716e-03
5.335425668672524012e-03,2.031021705380352694e-03
5.419031857958138063e-03,1.820142916282469457e-03
5.470123710803924746e-03,1.893370831847054035e-03
5.568984807332602593e-03,1.752231519185578354e-03
5.617354985748271821e-03,1.574135382804306210e-03
5.631795203023384766e-03,1.611887022814431766e-03
5.725400743741466264e-03,1.540089360384857284e-03
5.719229634958685610e-03,1.325710727029512457e-03
5.809966652763501847e-03,1.354958491075605384e-03
5.985136101358621424e-03,1.324946824554508462e-03
5.914763943454358006e-03,1.223239713541095014e-03
5.959876320625985199e-03,1.200021757139295171e-03
6.067701852310699445e-03,8.882849242376509658e-04
6.057905486226231734e-03,7.750652052786250650e-04
6.122466517798796047e-03,8.428419224175426197e-04
6.239073625298065424e-03,7.986552833314239722e-04
6.276146285920108578e-03,7.447296571829615510e-04
6.347281575034658535e-03,5.808391410214690112e-04
6.400810634511169134e-03,5.921211378313482546e-04
6.479845407907883388e-03,6.163834323256371737e-04
6.438929382734105179e-03,5.017024910899361067e-04
6.439168381584660025e-03,4.601774282558109496e-04
6.443444520066252644e-03,2.386140414340335886e-04
6.445842311193355177e-03,1.498469919688565587e-04
6.445944940620450779e-03,2.392148439049905835e-04
6.440410019178204742e-03,2.586748358490193627e-04
6.425683861984545116e-03,4.212364902354586902e-04
6.388242103698034240e-03,5.811214397190765614e-04
6.349253738434410856e-03,5.048998105232665101e-04
6.325374954603561056e-03,5.187405539045513055e-04
6.321528730688558140e-03,4.439928194290299881e-04
6.312059732675914803e-03,2.873653887001281662e-04
6.299780753838349866e-03,1.492146616285104134e-04
6.259650258617513972e-03,1.757822687715373123e-04
6.219028749762381229e-03,1.512212376273235472e-04
6.109620491133742684e-03,1.746526374418435799e-04
6.086699437121103305e-03,1.454265496809174958e-04
6.014226078067154424e-03,1.787618618866729442e-04
5.921898274395613095e-03,2.295436190851942631e-04
5.947041085273314584e-03,4.054433154059779339e-04
5.947327859169956182e-03,5.218145483171626178e-04
5.915467151050919810e-03,6.109286124484202690e-04
5.909508525652081706e-03,6.514244931058600207e-04
5.997663484694915580e-03,6.286489346447269450e-04
6.118041839524674883e-03,6.853007163097344159e-04
6.156633104966276020e-03,7.240659583657020918e-04
6.187666638997395448e-03,8.519106799944359699e-04
6.214929384560791310e-03,8.435671143581515655e-04
6.286328232891788201e-03,8.695001173125439494e-04
6.266177404533044594e-03,9.015596686680584426e-04
6.280612330176895027e-03,9.214967248621210114e-04
6.215110364505738345e-03,9.410877631718668045e-04
6.243726633347330968e-03,9.422216254349151518e-04
6.246627124965393324e-03,9.304991846247401884e-04
6.257033925651770898e-03,8.672888397973521233e-04
6.288765396363342301e-03,8.303476064011542767e-04
6.359353581033592648e-03,7.613787388877509520e-04
6.416333939427114851e-03,7.874921055846397606e-04
6.493655899566570626e-03,8.478029963587975894e-04
6.556609993426895135e-03,8.152792235758442784e-04
6.599442627247703932e-03,7.581630287830326640e-04
6.643518790634215382e-03,6.642306284174808416e-04
6.630549075561119332e-03,5.754590919312748288e-04
6.632586994030526505e-03,5.140782510407917311e-04
6.626187188478710466e-03,5.933485968324127540e-04
6.682232144370802394e-03,5.668708387446836500e-04
6.672840421515916984e-03,6.975170675957087984e-04
6.694599735614343607e-03,5.933114178148205138e-04
6.710903788907229307e-03,6.031852269151562673e-04
6.774525225749409608e-03,6.590025970683942953e-04
6.767908275276185090e-03,7.165139253048107481e-04
6.782740609941544097e-03,8.358051712742019723e-04
6.794448296195765638e-03,8.426924185514539411e-04
6.807434243419971040e-03,9.128796464718546850e-04
6.827483513489459796e-03,1.008463218922903701e-03
6.809987492931291256e-03,1.005134912205850762e-03
6.827169694697514911e-03,1.083021690490273015e-03
6.832701655301415614e-03,1.269986279135130666e-03
6.873707664683305525e-03,1.319655369608617674e-03
6.878052312296763053e-03,1.400285935008851405e-03
6.858169434007233695e-03,1.568662125964980598e-03
6.852151850491925919e-03,1.633754030581879109e-03
6.837773873701625919e-03,1.652887309704119140e-03
6.810931517497137259e-03,1.762062625481588618e-03
6.760868655513905916e-03,1.775176322326553306e-03
6.731970763426692837e-03,1.842724404832988758e-03
6.719206786478012193e-03,2.035307885634812103e-03
6.711884400102429912e-03,2.149192303339304919e-03
6.705975844678250392e-03,2.346991811743593011e-03
6.726621478748436196e-03,2.470088898873519945e-03
6.720542971875404295e-03,2.784146315386959100e-03
6.660109943970632558e-03,2.860648100776622647e-03
6.630673620597520544e-03,3.117419687547174321e-03
6.584360157017811119e-03,3.358357946982221121e-03
6.513419001412342792e-03,3.508676346463934000e-03
6.496106937416588553e-03,4.033983643140215229e-03
6.512739309549188393e-03,4.094048645779553401e-03
6.431355642660003050e-03,4.738192466054258131e-03
6.415708702953781990e-03,4.911979264246814011e-03
6.373935527291965143e-03,5.325407272497142790e-03
6.306252437313520504e-03,5.646070556812455080e-03
6.295009308621481517e-03,5.812119214190607230e-03
6.249917890379120058e-03,6.206584705559672552e-03
6.139499985746796340e-03,6.476695784365675036e-03
6.095541996144487537e-03,6.783253539420329090e-03
6.024468135165180968e-03,7.614830657721285805e-03
6.009754755202024144e-03,7.389926889023864728e-03
6.015319297037842114e-03,7.656540040154678067e-03
6.051632303403216111e-03,8.331443707972997076e-03
6.011034033743321674e-03,8.334070467926186360e-03
6.021359465827393585e-03,8.855447827881640643e-03
6.061870755690316331e-03,9.582210549178153333e-03
6.063106216734166602e-03,9.308960271979031115e-03
6.038763724006228177e-03,9.596882744230964338e-03
5.967420819097677895e-03,9.931464538603249764e-03
5.879899607093623699e-03,9.951849993522738497e-03
5.743695338285449183e-03,1.036014451365101230e-02
5.736933962790511862e-03,1.113675032064654485e-02
5.683088874432794604e-03,1.123621961065781640e-02
5.574892960274920040e-03,1.182914630116122315e-02
5.612299553259844469e-03,1.216239445535606707e-02
5.593901932750244312e-03,1.231669740740913566e-02
5.526466831359687533e-03,1.301901201706415212e-02
5.556262223807948049e-03,1.300162675735866934e-02
5.553225905869113403e-03,1.331158199661179077e-02
5.529657671624756132e-03,1.387168762672766863e-02
5.569734545930284282e-03,1.397643160024415049e-02
5.576145195167872548e-03,1.464682311398362094e-02
5.586282417807809757e-03,1.445627588686660032e-02
5.590891410442954540e-03,1.464408172850895778e-02
5.590129893906839280e-03,1.466541680433899701e-02
5.559006877549075090e-03,1.472155086549198875e-02
5.489340735099964078e-03,1.468860955934018185e-02
5.494014000929994986e-03,1.469232667740670746e-02
5.459962376795723590e-03,1.472247190624925012e-02
5.442207582928029752e-03,1.466822157297944032e-02
5.230564344556479749e-03,1.467636633300676598e-02
5.312357958465269148e-03,1.468506255125541157e-02
5.310046170371640964e-03,1.473269874451172204e-02
5.277683608646403270e-03,1.471003842305097613e-02
5.293194326594373271e-03,1.466832831011024955e-02
5.322411270687502777e-03,1.460714479964545301e-02
5.305626469528268614e-03,1.460452912413316533e-02
5.328758073077689145e-03,1.457180137833273201e-02
5.332114595978489427e-03,1.452112048329159098e-02
5.329922395139564256e-03,1.446303187281917750e-02
5.322029761369773473e-03,1.442560828208619764e-02
5.312681424702802961e-03,1.440460086178071801e-02
5.312956325337696642e-03,1.446651882750943710e-02
5.304855656698794115e-03,1.473911203528652410e-02
5.301469954152944648e-03,1.512245623074370826e-02
5.275900424035260064e-03,1.543094511543888561e-02
5.263215144629988448e-03,1.571769592523099973e-02
5.246892543158957443e-03,1.610497005419481847e-02
5.196194093732131765e-03,1.609754729966279482e-02
5.171263049614758210e-03,1.625680266797092932e-02
5.162940559656612263e-03,1.662989635981661565e-02
5.129294836827533871e-03,1.659839948500677065e-02
5.127146032282466591e-03,1.682328944502588935e-02
5.131098420187435796e-03,1.709347500706707296e-02
5.138611174628542923e-03,1.714687117858471402e-02
5.188237013850521481e-03,1.732625226100448224e-02
5.236014584295963815e-03,1.747410179795414256e-02
5.236844735760629553e-03,1.752540392585694856e-02
5.245319106656297532e-03,1.757826916738958883e-02
5.288088535763359709e-03,1.768986549697240326e-02
5.222922971156274824e-03,1.771871979266172181e-02
5.203803302745859533e-03,1.784013283966958199e-02
5.200326692614342522e-03,1.791864314548229781e-02
5.160892672860282505e-03,1.803085323952061461e-02
5.145310088909353999e-03,1.803661570888529658e-02
5.114596951335990786e-03,1.837154938272244839e-02
5.102278260038813421e-03,1.850275539223142016e-02
5.080039312671411067e-03,1.854142672753298152e-02
5.096959021411234629e-03,1.867958281700264622e-02
5.301226372357780922e-03,1.899665971647738691e-02
5.230628851081911730e-03,1.893882200395018145e-02
5.202899135583933382e-03,1.908233301351348540e-02
5.279845682917829949e-03,1.919252256394556391e-02
5.263738950948315329e-03,1.934389814734019386e-02
5.261136789511775859e-03,1.987263088159297794e-02
5.288339430394767976e-03,1.978007446459597099e-02
5.317823875344291143e-03,1.993272787611629834e-02
5.319903785203487258e-03,2.009866347178751456e-02
5.313156379845286603e-03,2.051996430367597143e-02
5.259992881042839172e-03,2.040734177710772090e-02
5.262510984468448359e-03,2.059298624021355106e-02
5.273689424093835378e-03,2.120448952754674238e-02
5.238867888267430446e-03,2.096639576506307071e-02
5.254242859053025010e-03,2.113014868651765313e-02
5.286781994669379793e-03,2.152040148466001848e-02
5.420470621259888301e-03,2.150365895035291283e-02
5.522600775663279171e-03,2.173867736568521961e-02
5.570680500746051124e-03,2.219999450374476532e-02
5.540247242594907584e-03,2.245857951503514235e-02
5.615406950001003948e-03,2.273825714182118804e-02
5.716735570913462038e-03,2.318111215298682831e-02
5.692008793337132236e-03,2.301212053054479609e-02
5.697785011615435526e-03,2.305406447920104254e-02
5.792933218291547275e-03,2.325599684404134823e-02
5.738114083119572745e-03,2.347287559139449309e-02
5.759579186082750685e-03,2.355059843960824115e-02
5.817791100342618871e-03,2.363888912172208007e-02
5.780368105544917562e-03,2.371273456381838701e-02
5.788612030236385715e-03,2.385653524365547937e-02
5.815962778148031295e-03,2.368053284700778055e-02
5.825011774043872999e-03,2.367981943858058283e-02
5.812870327235796115e-03,2.378530944070932768e-02
5.840407723332066703e-03,2.395925409672671619e-02
5.931359739683915444e-03,2.401125606140624633e-02
6.189553237177459512e-03,2.416594064919216217e-02
6.256110530866612444e-03,2.454950287326236255e-02
6.307663301923268316e-03,2.481558360036916974e-02
6.314449965246557786e-03,2.530311840240797791e-02
6.441516351549810525e-03,2.535917900749274506e-02
6.736574463908051244e-03,2.563569834272063502e-02
6.882486232421707907e-03,2.576312367586086616e-02
7.123048223391968865e-03,2.581461181711757272e-02
7.272830416848429999e-03,2.586006154726646147e-02
7.495600243155207607e-03,2.595099554542880035e-02
7.502017701946543139e-03,2.578679197234923226e-02
7.671908069234054106e-03,2.572801758650861484e-02
7.741835152707657146e-03,2.550495403736181832e-02
8.032001333535789683e-03,2.521664815254700404e-02
7.996732054256730504e-03,2.475863118391208317e-02
8.090646743917370362e-03,2.475862613843115775e-02
8.273134067692356625e-03,2.474813778671298981e-02
8.492391604653263398e-03,2.471389369105539066e-02
8.432541491178877080e-03,2.467910870213205210e-02
8.547642454727687189e-03,2.470241609094060362e-02
8.757063099940167947e-03,2.457634508003972776e-02
8.720025209595904173e-03,2.457506703623824409e-02
8.780771320392618401e-03,2.458883434888476521e-02
8.870661324025605129e-03,2.447079306640408819e-02
8.833513266059443009e-03,2.435958052597030077e-02
8.846586370198118721e-03,2.428382830961399105e-02
8.863389320533343954e-03,2.424892422180264379e-02
9.013206860175279264e-03,2.404363731317081185e-02
8.982590983751832098e-03,2.405139142804046601e-02
9.019721789159780567e-03,2.405097710102671246e-02
9.156657753554647838e-03,2.388873708802639190e-02
9.272223181485912680e-03,2.356474358405751673e-02
9.305377326284655637e-03,2.356353209326565376e-02
9.371319927578310519e-03,2.334157127373364532e-02
9.433888560867211698e-03,2.336063797756238528e-02
9.535363192422558615e-03,2.340777576866262880e-02
9.537620239904924177e-03,2.340348968575307886e-02
9.556360099004833700e-03,2.345034383109246071e-02
9.593295549159788771e-03,2.352189066260453737e-02
9.511822455905335691e-03,2.343788208253729660e-02
9.071229296913856446e-03,2.344940138426146459e-02
9.305414540408825028e-03,2.357641782367444691e-02
9.266144181714159808e-03,2.360898676188032466e-02
8.738591571556835261e-03,2.365057004131019061e-02
8.526032631029852732e-03,2.367201317194478349e-02
8.421411329611648913e-03,2.376368457733086040e-02
8.477162124275686855e-03,2.373382288212858016e-02
8.245441379799997930e-03,2.386630215578030428e-02
8.305531703237917229e-03,2.414177577216338952e-02
8.213853992435357979e-03,2.401130438131300962e-02
8.056407225276852532e-03,2.411139667005490067e-02
7.695443429679131413e-03,2.414280372228324451e-02
7.649673396915595072e-03,2.428530774549047741e-02
7.556071607177189745e-03,2.426685975843688794e-02
7.329623916899833357e-03,2.456250947167019222e-02
7.327271043498236915e-03,2.478425056236355228e-02
7.220990203066358915e-03,2.488967062899704458e-02
7.156966368812883728e-03,2.500147195317331886e-02
7.069162067681268938e-03,2.503424926276959922e-02
6.977535295392972223e-03,2.509294632515410989e-02
6.970551117355272379e-03,2.521380133158956233e-02
6.881611343824972984e-03,2.525510419067598239e-02
6.829733875270099612e-03,2.517982210752525013e-02
6.785557081426384085e-03,2.531748304454600751e-02
6.728068038651478094e-03,2.549668420544386194e-02
6.711915378185472243e-03,2.551683409309010026e-02
6.665880027916854488e-03,2.559903647009266828e-02
6.639041748746299376e-03,2.565923766910471401e-02
6.562671646618748085e-03,2.567812241043643945e-02
6.597263365535351899e-03,2.568351698160793728e-02
6.515972632727090423e-03,2.568343115791335216e-02
6.523632599966978571e-03,2.560143963601524408e-02
6.508676219934519079e-03,2.527843100994741840e-02
6.496077798537072678e-03,2.505893729752224630e-02
6.493363751106718748e-03,2.481174610011223358e-02
6.532448389145766553e-03,2.467958686741200669e-02
6.602281998958479947e-03,2.448200674100435570e-02
6.778211306098971822e-03,2.435912755076634698e-02
7.140908570040209978e-03,2.423374956778026959e-02
7.187259083630341029e-03,2.394741229639721358e-02
7.131778498655402636e-03,2.371542467091957915e-02
7.055672956113143331e-03,2.361553022381758515e-02
7.054214062247886156e-03,2.331526460510376444e-02
7.168114122264719786e-03,2.337489175591830545e-02
7.184746859092643045e-03,2.332763533765176700e-02
7.241506509218881456e-03,2.324269255226824038e-02
7.358936131948881458e-03,2.292897008801386000e-02
7.388058368976572685e-03,2.302749062472568206e-02
7.463816413808925347e-03,2.312069072722830118e-02
7.472366430197949563e-03,2.314499313579375384e-02
7.490186475541324440e-03,2.278240375478886304e-02
7.518428621016238177e-03,2.246950432721704291e-02
7.546049760338092820e-03,2.256302831891891791e-02
7.547110094778105606e-03,2.239316942026990317e-02
7.548209210101904793e-03,2.231405729046060174e-02
7.549329533199209200e-03,2.183580499526194610e-02
7.550583182600201053e-03,2.196116357237025765e-02
7.558609995530741164e-03,2.178781815062694541e-02
7.550125873352366533e-03,2.179432773967522260e-02
7.540409170729313153e-03,2.181355739389233619e-02
7.535291083097366178e-03,2.190503680526797656e-02
7.487662010253074395e-03,2.166818319131295217e-02
7.431563367609410331e-03,2.140950824935597754e-02
7.364198098899114343e-03,2.118961725413549824e-02
7.089246190243482862e-03,2.089175779875907663e-02
7.158834166325304428e-03,2.045706167234819656e-02
7.209301262004413381e-03,2.028984553027993534e-02
7.095935091974876763e-03,1.988112801426615214e-02
7.038321827263121014e-03,1.967231896848247244e-02
6.932836500849159402e-03,1.975689685494969039e-02
6.844687645467359589e-03,1.931106328370467418e-02
6.801197753153737438e-03,1.896881364174669501e-02
6.643230650403518338e-03,1.872408828293152874e-02
6.651648690097052875e-03,1.863218350590592834e-02
6.659164267688347585e-03,1.848326854295347446e-02
6.547850584553621678e-03,1.838466953003060553e-02
6.531947443992147488e-03,1.821682781977068677e-02
6.525002753604209650e-03,1.773110119211747382e-02
6.444266691254494327e-03,1.795453826176850523e-02
6.362082312173106616e-03,1.788169032046835541e-02
6.361975088465737088e-03,1.761671849408711840e-02
6.298515113025831939e-03,1.749065854353780078e-02
6.233718163498440552e-03,1.746216328165793585e-02
6.176636307012212633e-03,1.735522978511280789e-02
6.105761146934122335e-03,1.726801447463907971e-02
6.054376315732888821e-03,1.721213825817473342e-02
6.000253762906659384e-03,1.716519153436504852e-02
6.009771524716461810e-03,1.711040687564302845e-02
6.009530957167428557e-03,1.697868295562915755e-02
5.997141192152289843e-03,1.673443162526803279e-02
6.002540622765267092e-03,1.659237239245964224e-02
6.025293469926878802e-03,1.644907742687740440e-02
6.073844723888068529e-03,1.636682682690706464e-02
6.097567716594943024e-03,1.627665272161394477e-02
6.113454894696691670e-03,1.658255415590671397e-02
6.142430419007792811e-03,1.650032490616873057e-02
6.166633925146901285e-03,1.650931559579246408e-02
6.250873693645212122e-03,1.654220476364677561e-02
6.170518129012406497e-03,1.665785593294964728e-02
6.123025386770458364e-03,1.668344937629931760e-02
6.074989415718761755e-03,1.669652617714070114e-02
6.054497265622008594e-03,1.671714621062142178e-02
5.979379751690271604e-03,1.674986378836689632e-02
6.084137193854578102e-03,1.683998942270605384e-02
6.112299039122626003e-03,1.697843127324236839e-02
6.063215790233736358e-03,1.694445337448640537e-02
6.070422666169023387e-03,1.717163527839678586e-02
6.016139138192661516e-03,1.714097845160630212e-02
6.333213681389314627e-03,1.723266756535104041e-02
6.356774822095449806e-03,1.728958039645861131e-02
6.363177289558696707e-03,1.783986297758817507e-02
6.350930437614312266e-03,1.766272195708332507e-02
6.317473394757525812e-03,1.766865773261626360e-02
6.343432279136575376e-03,1.772781707380990945e-02
6.305689982070200074e-03,1.797366085812308195e-02
6.309793866437960613e-03,1.793788287158232589e-02
6.312579431285168623e-03,1.791323642886631998e-02
6.341919070158588689e-03,1.801106451804899283e-02
6.503027893735654694e-03,1.801446115243757196e-02
6.572352728877825338e-03,1.798881470544739028e-02
6.545398658394763203e-03,1.799613376400611628e-02
6.539061676468086934e-03,1.799863780685984072e-02
6.512648712754377442e-03,1.799747057811657350e-02
6.515658810479542547e-03,1.797188999194882994e-02
6.583890346737695208e-03,1.795853882515973179e-02
6.596644255304655487e-03,1.794736708172747774e-02
6.528455591841175742e-03,1.794661842625377979e-02
6.550796749134060563e-03,1.795989733771162847e-02
6.565007960693147737e-03,1.796159546137658658e-02
6.525130364269569883e-03,1.795890642961308140e-02
6.485465675221696417e-03,1.794499102248641939e-02
6.483404797122112144e-03,1.791722456314064071e-02
6.476282634383889909e-03,1.786651669455624133e-02
6.469311092522458603e-03,1.775983576195355393e-02
6.467277117629171602e-03,1.748544226237734936e-02
6.470302141507651775e-03,1.721956210422807138e-02
6.476283212575180762e-03,1.682237210627289883e-02
6.480423106774237801e-03,1.681118692714236168e-02
6.491394055247962612e-03,1.665180874475018918e-02
6.517438256662736601e-03,1.643938617656500595e-02
6.568267009077709967e-03,1.631690747904984001e-02
6.630883387728994487e-03,1.639729463353867267e-02
6.671769572363209048e-03,1.633936801877249045e-02
6.688810149733439084e-03,1.631097153752199963e-02
6.691981598822889336e-03,1.611860753196080534e-02
6.698874500334851302e-03,1.605057534637191474e-02
6.704469314009101934e-03,1.594970414520268179e-02
6.736044393327094044e-03,1.559828095445892591e-02
6.782733087693489614e-03,1.561857878476498665e-02
6.887647402458017647e-03,1.548636444062738080e-02
7.032226709262983343e-03,1.508204365082547495e-02
7.206386805246932023e-03,1.502180619151918285e-02
7.329025889521826286e-03,1.449694031401110687e-02
7.498716830107738512e-03,1.405635138847466728e-02
7.404951528122784114e-03,1.380369240904962165e-02
7.171715652052747247e-03,1.322958598950817188e-02
7.117527907402033081e-03,1.297431266051946031e-02
7.186218403637299225e-03,1.289798497826416881e-02
7.187433316279647454e-03,1.266409789653457664e-02
7.212597794958763159e-03,1.196214256112250289e-02
7.158125979609812096e-03,1.131361205221722774e-02
7.175235324823441875e-03,1.076420888288195411e-02
7.230499600732567464e-03,1.067419948697808686e-02
7.311356257761269552e-03,1.054511183607860850e-02
7.474500273728654567e-03,9.707154696183923834e-03
7.920807418055838406e-03,9.283775522618772230e-03
7.959586121801304551e-03,9.297777737337170612e-03
8.208608443827357729e-03,8.993112528531724617e-03
8.171764026609320414e-03,8.789292053201072652e-03
8.406540080596856118e-03,8.536944390026880020e-03
8.454531619723480371e-03,8.229890872503326654e-03
8.531019810226470046e-03,8.179979979411271251e-03
8.767217901868252714e-03,7.922963938481910121e-03
9.133554111503190687e-03,7.991328194430696169e-03
9.115269932112396445e-03,7.880319697875906582e-03
9.268731674797598546e-03,7.733029101180937531e-03
9.355138457284282311e-03,7.636852608767499481e-03
9.477081508031450288e-03,7.481935548576271536e-03
9.595327729625751159e-03,7.572437461952552171e-03
9.856288358086860019e-03,7.566726837608882608e-03
1.004394947679701673e-02,7.556545800873922317e-03
1.026060317418821081e-02,7.590142734675433579e-03
1.041645484501005879e-02,7.613713201503954399e-03
1.134956601955857021e-02,7.655970600881009669e-03
1.123122464951551921e-02,7.765509609863255683e-03
1.117788833368928668e-02,7.911403492940127097e-03
1.126307150836594259e-02,8.061838763750026754e-03
1.125720881210265020e-02,8.129831744114334943e-03
1.129902649886454710e-02,8.154175736274121150e-03
1.140899538442633615e-02,8.192394804611697126e-03
1.168510861714073569e-02,8.235973767894056233e-03
1.219290374355955740e-02,8.328957283147104401e-03
1.237289618152434892e-02,8.011647818408859992e-03
1.255742473405147691e-02,8.079038727367237813e-03
1.269125827058052540e-02,8.074165048048439694e-03
1.286851634565588758e-02,7.870668605631027034e-03
1.354494436203838859e-02,7.729364601492504962e-03
1.347931830903065578e-02,7.647082269546943284e-03
1.355431001310022573e-02,7.354011768186278185e-03
1.389559704240775004e-02,7.322673753058497534e-03
1.403978375451016281e-02,7.281944020071757021e-03
1.432021442804892568e-02,7.038825919458130582e-03
1.422872364901264439e-02,7.076404565411524572e-03
1.428587903879955691e-02,6.997089109289616159e-03
1.434678513052332904e-02,6.866243420354810160e-03
1.445357281346799916e-02,6.760304030833841522e-03
1.459306180963223717e-02,6.578206511181974858e-03
1.460311668616254797e-02,6.352409409230408074e-03
1.480595470303963657e-02,6.262273113128830580e-03
1.491891550277398004e-02,6.068106656994178873e-03
1.499723477558696609e-02,5.830868484409276048e-03
1.504253338229132389e-02,5.607933445221775955e-03
1.527866889550694163e-02,5.299086035249751629e-03
1.540348968434243106e-02,5.374275711064392669e-03
1.546853709955089973e-02,5.336049550068729108e-03
1.558187748166639172e-02,4.041861362292913443e-03
1.561066822455829846e-02,4.420314939746746406e-03
1.567867301214769665e-02,4.305469651589667775e-03
1.568760923888156203e-02,3.882742653517413153e-03
1.568267335701527265e-02,3.751207727316021104e-03
1.573179687337893443e-02,2.988264385248014937e-03
1.600675079923692332e-02,2.742109995145408305e-03
1.667902386949792620e-02,2.215718354781256224e-03
1.749453929541899475e-02,1.996849609850718296e-03
1.778583272632059536e-02,1.673684087205890882e-03
1.765088723422940722e-02,1.113718161926436755e-03
1.800017581462171404e-02,1.141171967511449715e-03
1.824677053618477957e-02,9.066452974232395512e-04
1.850426659745476460e-02,7.144644892140278444e-04
1.877008036697448354e-02,3.498486571381834295e-04
1.928063943436266262e-02,2.472431315098643227e-04
1.956228848829088748e-02,1.391729847719069932e-04
1.997003175717998111e-02,6.425620236914046917e-04
1.987944418438293906e-02,6.650129780339118692e-04
1.974595965290912650e-02,1.111829024779389420e-03
1.995991531994055837e-02,1.186566278959539722e-03
2.050114023765286370e-02,1.385143327538390428e-03
2.040208518134248653e-02,1.638173596002210838e-03
2.065696758508017011e-02,1.869332053158900050e-03
2.104345139731320785e-02,2.112167479944739631e-03
2.140126424106416486e-02,2.310658458417114321e-03
2.171036211444477004e-02,2.390337145889596601e-03
2.160741797560836869e-02,2.381546863741700569e-03
2.158791734553458866e-02,2.439742104311197653e-03
2.173758844339249152e-02,2.352856458596403865e-03
2.186022810255262502e-02,2.318415538353180063e-03
2.192343500064872913e-02,2.227261568266999774e-03
2.203913968464028816e-02,2.239899098565163466e-03
2.215665208546331588e-02,2.278900554142957151e-03
2.233701985933882195e-02,2.411007617074108125e-03
2.256343464454279094e-02,2.603038242239044588e-03
2.271487978312307018e-02,2.656942616257806748e-03
2.336978107610880942e-02,2.989880950627665443e-03
2.323120911577353231e-02,2.963108393128565179e-03
2.337608795174026324e-02,3.113740693902512964e-03
2.385131405474699706e-02,3.285918579142544770e-03
2.415236205896965221e-02,3.269549166259371354e-03
2.446089591404158534e-02,3.372000080327769607e-03
2.457128727803040494e-02,3.459864728115397397e-03
2.514112059132558169e-02,3.578964650662438875e-03
2.505907941508568257e-02,3.566003700692108817e-03
2.524831423687606824e-02,3.581656640131363183e-03
2.536344740447570717e-02,3.785200824184316130e-03
2.546075373904576125e-02,3.839408449892767021e-03
2.553365146770466762e-02,3.763254082604202289e-03
2.590718820387109475e-02,3.672457000970297258e-03
2.599217136236286682e-02,3.548754646368550147e-03
2.634210185552561187e-02,3.416059723911827120e-03
2.722327448042176704e-02,3.200900103426180827e-03
2.718034017652868478e-02,3.178512662798416502e-03
2.756885594062583045e-02,3.114304313340746609e-03
2.794661501693025685e-02,3.103737544050329169e-03
2.780912481765096186e-02,3.076329441857802993e-03
2.782694008510000136e-02,3.039669534653035871e-03
2.797920110385887851e-02,3.051257683043543962e-03
2.827888917551171777e-02,3.073165127882713198e-03
2.817260000263180006e-02,3.100588994863788181e-03
2.824983769761533689e-02,3.119167735085597373e-03
2.869845420958598570e-02,3.134048698140519309e-03
2.855166977527165417e-02,3.160237730503346384e-03
2.872623128733765505e-02,3.176157161570254336e-03
2.953024062213141510e-02,3.187249776653841137e-03
2.983358522127353349e-02,3.215045626625504232e-03
3.003783805802352422e-02,3.257278841431228249e-03
3.019695167672887051e-02,3.420434590751962947e-03
3.087599234785848301e-02,3.560674609683949811e-03
3.058668841555537560e-02,3.822274620387119352e-03
3.079237781370591787e-02,3.827511896834234935e-03
3.126806964880879391e-02,3.834051986792221065e-03
3.127758997979983996e-02,3.847343756742799097e-03
3.153722125068021687e-02,3.900903464807635793e-03
3.171289471960554718e-02,3.876884277376195943e-03
3.164991474156271523e-02,3.948302738311339037e-03
3.174696330872182892e-02,3.982830411689442657e-03
3.162845102299199906e-02,3.915945542633983423e-03
3.162531912876127144e-02,3.803578537783314142e-03
3.145560476998622568e-02,3.498799557057253543e-03
3.144736232388487679e-02,3.250036618382101151e-03
3.130154226699269349e-02,2.921589945326748781e-03
3.121003511292292504e-02,2.740360252121321928e-03
3.110257399726334276e-02,2.837632727722989596e-03
3.100562069475608709e-02,2.891201547670408951e-03
3.090542402773491931e-02,2.900645691140826300e-03
3.082414835074174728e-02,2.866765202570300663e-03
3.067243971429816848e-02,2.763914898904869504e-03
3.070086987157683370e-02,2.804082068930894688e-03
3.072299268482591925e-02,2.688387975688081091e-03
3.076234460229442663e-02,2.577988018850016841e-03
3.074841167445310428e-02,2.543162248301035402e-03
3.085372959479301680e-02,2.400197871538022054e-03
3.076627707077722942e-02,2.212944482025234506e-03
3.071489818180152959e-02,2.140643258446470187e-03
3.066667067452557432e-02,2.029374449963273694e-03
3.055448745439948502e-02,2.066329401613034057e-03
3.052279927941992793e-02,2.029972283967372733e-03
3.044190551333589984e-02,1.960899143888310443e-03
3.032392317126604911e-02,1.994493806454438779e-03
2.997108552197788947e-02,1.963075332408271371e-03
2.983618886416362220e-02,1.912769617517701614e-03
2.971443998903625788e-02,1.909505851005219995e-03
2.952922915941341014e-02,1.852361976498031592e-03
2.932565570745338315e-02,1.737805930735030098e-03
2.868213874867708846e-02,1.725694380945326338e-03
2.853485984930435870e-02,1.578102813493178266e-03
2.861493848605358922e-02,1.444204540005695038e-03
2.838417173985575623e-02,1.442605014991126195e-03
2.834858659999492728e-02,1.411089262133210023e-03
2.796152871826861064e-02,1.463012132356598634e-03
2.773918660363114755e-02,1.500464837215032508e-03
2.715178164706034611e-02,1.479257884000634510e-03
2.725386672925139697e-02,1.542597521333564361e-03
2.695644664317477235e-02,1.609756567345160599e-03
2.657107706564505734e-02,1.636856351906078614e-03
2.670684022541841909e-02,1.677118177086098401e-03
2.655710054649473156e-02,1.676427774855631563e-03
2.613551401086111614e-02,1.700166666171861948e-03
2.604928408498931661e-02,1.785136173577279170e-03
2.580611316658815851e-02,1.852610353691392341e-03
2.554891019121593304e-02,1.916280361414034574e-03
2.548818307300820124e-02,1.947590265256567924e-03
2.500819974156736486e-02,1.968824028102965362e-03
2.535764766347906388e-02,2.132605248703334060e-03
2.524858839057867940e-02,2.083115682374631159e-03
2.482017572172101269e-02,2.153206132176802446e-03
2.502540774461976467e-02,2.380195889050524486e-03
2.476055240178188024e-02,2.364998876874103810e-03
2.444345649243303067e-02,2.373387076963071572e-03
2.458275076552308633e-02,2.535919011790477209e-03
2.451822622619554207e-02,2.532249434274256618e-03
2.440331443578633644e-02,2.596280440413305506e-03
2.440579185062121542e-02,2.768885979639945129e-03
2.438439831893546295e-02,2.691916749142015276e-03
2.437740985840271268e-02,2.723508090926933869e-03
2.429566749998055691e-02,2.803909773526625827e-03
2.444481046324504386e-02,2.826130220036701581e-03
2.436945932858627234e-02,2.877624248274097095e-03
2.432930412682990026e-02,2.883178801158359835e-03
2.431799928402334984e-02,2.886193256066371237e-03
2.430716893082017840e-02,2.954272824945620036e-03
2.429693660468738164e-02,3.154070001412984017e-03
2.428076579947992600e-02,3.069056945704885190e-03
2.425712804179586818e-02,3.093385640386791483e-03
2.414612715217160505e-02,3.149798617354565133e-03
2.402110969883390623e-02,3.227328264748926569e-03
2.381748274192980325e-02,3.337587511193018403e-03
2.326555323265335970e-02,3.329657037546967895e-03
2.335460031321036356e-02,3.377299787746665047e-03
2.342169695801133225e-02,3.376604982459882175e-03
2.342573629117153389e-02,3.377911109325868605e-03
2.335046165313838309e-02,3.383487513188229451e-03
2.322787684644213660e-02,3.349915662474194176e-03
2.319065156819467496e-02,3.361440331369940429e-03
2.302820910351303929e-02,3.377577447799383608e-03
2.287668962453424590e-02,3.433558247979741091e-03
2.277916792506564161e-02,3.417010836084340055e-03
2.280650476829211917e-02,3.312795093590822047e-03
2.275446249712568744e-02,3.240500242913473515e-03
2.266144554964682686e-02,3.173375252470354933e-03
2.270980579315213382e-02,2.883372475573780808e-03
2.262025926128218012e-02,2.872788068679757011e-03
2.253589982886082532e-02,2.661975977097536580e-03
2.252798890138115601e-02,2.311204377315078350e-03
2.248780852592802137e-02,2.332928404210370208e-03
2.248905769744807825e-02,2.311446527261667473e-03
2.244126399328364579e-02,2.183185434910253457e-03
2.240609115430261186e-02,2.144718335801469849e-03
2.225862290208701841e-02,2.113130693747803518e-03
2.219215167921130549e-02,2.057303182188430050e-03
2.206559845441683279e-02,2.088825186156366247e-03
2.205378273612341317e-02,2.207279932843088724e-03
2.194938406425065575e-02,2.248855695778693899e-03
2.191683200178972529e-02,2.257526167454026924e-03
2.183000895639259850e-02,2.261453932506676985e-03
2.174897838493310837e-02,2.271621934629660701e-03
2.175767886391521619e-02,2.227965803745222441e-03
2.168233609912014262e-02,2.248537695504789716e-03
2.167344845187476471e-02,2.217445643018715710e-03
2.154352481382822149e-02,2.230141109953081516e-03
2.158820045591046399e-02,2.228115960306536244e-03
2.160561535225545560e-02,2.239680563227555276e-03
2.153991164010711848e-02,2.239533842225238918e-03
2.150241705050089103e-02,2.258828448168334960e-03
2.135239191159979746e-02,2.260913971466980456e-03
2.130772833140111289e-02,2.279258675619798974e-03
2.123246211256411831e-02,2.265600347305729741e-03
2.119843581564448409e-02,2.275686210160563286e-03
2.112255148414778766e-02,2.329607629930878759e-03
2.107810125965034476e-02,2.364298700062979295e-03
2.092031226522745799e-02,2.384233457330459452e-03
2.093604906589684525e-02,2.377502131503854334e-03
2.094487812922645256e-02,2.372943581196674742e-03
2.095044017802437028e-02,2.285636699594815417e-03
2.093294054319350464e-02,2.287410949842970040e-03
2.087994750142238218e-02,2.263783821627709560e-03
2.084416588601881171e-02,2.214749419281816963e-03
2.077282493202409902e-02,2.191270969457374124e-03
2.065483506587131868e-02,2.198267112090481704e-03
2.061085385943971574e-02,2.180611885177654100e-03
2.051309021328636198e-02,2.161677934129885292e-03
2.054779081598864798e-02,2.122196431894098415e-03
2.047234753991758818e-02,2.110262552155235932e-03
2.039749575334974530e-02,2.080985804985365298e-03
2.039870129450939082e-02,2.043363294274337400e-03
2.038713908248512841e-02,2.067518120790572383e-03
2.032955628881695162e-02,2.066713311062038077e-03
2.033281951150161387e-02,2.049473369675419189e-03
2.032084511093305151e-02,1.967745118071843012e-03
2.030993560959047303e-02,2.005024657225783560e-03
2.029677725280123676e-02,1.978773456291115646e-03
2.025406351998716020e-02,1.864642313599742434e-03
2.017044414614093881e-02,1.859942623924249567e-03
1.994158040652915451e-02,1.861238461570298994e-03
1.961412582068036703e-02,1.800224253709009755e-03
1.958558122382118849e-02,1.814799889784002741e-03
1.959708673288288600e-02,1.809753773661107934e-03
1.949713922782903702e-02,1.714783364586677144e-03
1.940935944738032132e-02,1.735301780896767896e-03
1.929328645955957072e-02,1.743963222082745923e-03
1.921174561202151909e-02,1.717983987447570509e-03
1.911465494074934823e-02,1.733676396191023532e-03
1.908327517279130928e-02,1.745850644679299273e-03
1.896732944492914019e-02,1.743706784090203821e-03
1.872079308837808556e-02,1.745568705862012363e-03
1.872292610284741546e-02,1.754404335353960086e-03
1.859415355899738873e-02,1.759182130211579776e-03
1.850233778764246578e-02,1.778166799831288301e-03
1.850025625213874356e-02,1.774262543421205578e-03
1.835649713647168751e-02,1.779393299907227732e-03
1.835816449739526013e-02,1.776685956726314561e-03
1.836297234653360907e-02,1.778615116298439295e-03
1.814752146975922437e-02,1.789085821513235197e-03
1.812734301992067337e-02,1.797170717940167013e-03
1.793671812232293036e-02,1.779104304310798234e-03
1.794490869468439928e-02,1.763188592925275236e-03
1.778116849280352713e-02,1.769565992763414081e-03
1.770776044724608686e-02,1.780388977920672544e-03
1.769602701472068260e-02,1.766997677919107538e-03
1.747607144632806406e-02,1.765335077504340440e-03
1.746548274298291570e-02,1.757339541051848846e-03
1.745589271062362308e-02,1.762108655041497249e-03
1.741065069753617092e-02,1.753686253925514690e-03
1.735747678533069646e-02,1.754437867892322646e-03
1.721169450223719241e-02,1.751770082053098190e-03
1.726753650066322962e-02,1.756357951812907627e-03
1.722547839569044462e-02,1.764450428785311166e-03
1.714212134326988449e-02,1.792671830031483454e-03
1.706900051509921412e-02,1.808027109125955696e-03
1.700663967090593892e-02,1.818986447623911328e-03
1.695428512142775276e-02,1.851196711560030564e-03
1.682208100975234391e-02,1.850974634823414344e-03
1.684288568410256814e-02,1.861579410864690719e-03
1.682319409107820019e-02,1.879352789695637157e-03
1.670464865618014397e-02,1.883328991728266000e-03
1.669135529695362288e-02,1.882315371615263808e-03
1.646881230479493863e-02,1.875952063021944826e-03
1.653174685508044042e-02,1.860009265462954711e-03
1.644887806480493583e-02,1.834727329986973049e-03
1.642282296359761501e-02,1.797552277585663877e-03
1.628831539446135013e-02,1.757182551770150114e-03
1.628842305970123333e-02,1.729089867129787305e-03
1.618781701498343828e-02,1.718278177097230059e-03
1.603200478231597489e-02,1.713849239745809938e-03
1.602861139519293904e-02,1.716441627258906899e-03
1.576322611887353425e-02,1.708076792322346833e-03
1.577326563461423428e-02,1.693831850682415811e-03
1.567142750369614201e-02,1.659833527510887717e-03
1.554411928403763750e-02,1.642031989806712897e-03
1.557797287459550956e-02,1.624712536166287094e-03
1.556182624244032212e-02,1.580243396006072608e-03
1.552414599557667800e-02,1.573040564531024950e-03
1.537506985070147790e-02,1.531470885739788859e-03
1.536997776908479926e-02,1.544273373077750854e-03
1.521400532722532242e-02,1.529996070132254435e-03
1.524004026474645029e-02,1.516503517799182212e-03
1.515562594460533041e-02,1.514113406369963161e-03
1.509922540729572750e-02,1.525526135568606393e-03
1.500083471539835622e-02,1.582485716755764561e-03
1.495593968910955036e-02,1.559804282211858621e-03
1.482672993769927096e-02,1.541525686603440089e-03
1.482920996892141824e-02,1.542753279559536984e-03
1.478577920526787104e-02,1.533980098597109969e-03
1.472634999810169647e-02,1.498647282795385069e-03
1.453734391995563369e-02,1.489452918219158093e-03
1.463601830964013015e-02,1.468333820832199571e-03
1.456597873565229975e-02,1.455263895886324587e-03
1.446345153065150581e-02,1.412107569582583474e-03
1.441172704789955676e-02,1.414901595683477030e-03
1.429514534791763089e-02,1.364314071587553094e-03
1.415224456414671331e-02,1.385860694836045948e-03
1.416414150886048315e-02,1.378939904763020830e-03
1.408913346075073639e-02,1.377558986621230325e-03
1.392782001384613652e-02,1.381337855053879323e-03
1.393857118285846824e-02,1.399889225368929546e-03
1.379140644023474360e-02,1.407002512995510950e-03
1.359454277148874381e-02,1.414827780478504536e-03
1.365500011275677314e-02,1.395833932959781665e-03
1.362806752575811825e-02,1.359163405057929510e-03
1.361768206691661709e-02,1.312669148499549712e-03
1.362646442593823566e-02,1.291114592223922353e-03
1.361044194218349185e-02,1.304576522130113884e-03
1.357837036719613741e-02,1.301402078116034589e-03
1.352248616386323744e-02,1.292514722743576825e-03
1.344121274622933453e-02,1.246548615276481123e-03
1.336853127396363597e-02,1.253878928146391928e-03
1.330072996612756582e-02,1.232429669979229377e-03
1.316367298331268948e-02,1.207123174919643707e-03
1.312552123099142674e-02,1.158983502859140761e-03
1.300518646500162766e-02,1.155825892569439231e-03
1.295850262884296056e-02,1.158486520876127624e-03
1.281761322251997494e-02,1.149132520872107790e-03
1.292557646695708003e-02,1.137272667014959261e-03
1.289048890412533913e-02,1.086391713901165533e-03
1.274324866687236678e-02,1.108198952529968872e-03
1.276176154539035955e-02,1.090260778290903310e-03
1.265337103437652773e-02,1.014884054467813691e-03
1.264306469320472699e-02,1.014858150421327080e-03
1.252708308298776212e-02,9.965105821989114071e-04
1.248901775238424848e-02,9.470856492534814519e-04
1.239764944339995581e-02,9.736341790611200125e-04
1.239073775438903624e-02,9.772109101093063351e-04
1.235025796880027081e-02,9.688078015551939868e-04
1.231489146750132033e-02,9.279780393483484571e-04
1.229404994715873646e-02,8.964918439916679145e-04
