# loss_dp, loss_pinn
5.038289915353597603e-01,2.036040995790433430e-03
5.038219132071367623e-01,2.031479884187270372e-03
5.038208787293095847e-01,2.029868931141869115e-03
5.038208778917487862e-01,2.029868886248984133e-03
5.012085002886508267e-01,2.029853390860863506e-03
5.006499405038131734e-01,5.882666843090517475e-04
5.003828455993540869e-01,5.779432185661570682e-04
5.003090969273047417e-01,2.759874361623393716e-04
5.002632605202768090e-01,2.464391579608666530e-04
5.001974974678189412e-01,1.831732539579741326e-04
5.001587697598460780e-01,1.303418886588646392e-04
5.001047700657945683e-01,1.068569232918162331e-04
5.000546539197039397e-01,7.993788611704106194e-05
5.000445074071291351e-01,6.069184605734728120e-05
5.000221875488785050e-01,3.898261732234122219e-05
5.000207101472626814e-01,2.312199575285207165e-05
5.000204741000198183e-01,2.237531237065988152e-05
5.000202295427403909e-01,2.194743092413913032e-05
5.000190444334020601e-01,2.090357633982618482e-05
5.000126463846308322e-01,1.898262576405992591e-05
5.000074829895548856e-01,1.536587860071092916e-05
5.000057730042791748e-01,1.310884503761009450e-05
5.000047810535852566e-01,1.253939151945071640e-05
5.000045802409324169e-01,1.232207020919746792e-05
5.000044367330811479e-01,1.224410439924874370e-05
5.000042168665683739e-01,1.212445029963431750e-05
5.000039475549931112e-01,1.150331655425174090e-05
5.000035929746587948e-01,1.103219897188640536e-05
5.000034815087847084e-01,1.050850062188317657e-05
5.000034104066464202e-01,1.030880558078962000e-05
5.000032822616542472e-01,1.010659997038866915e-05
5.000031676792653368e-01,9.871189862825181509e-06
5.000030811773159556e-01,9.783429329020240897e-06
5.000029397182389479e-01,9.731362666430505771e-06
5.000027077766511230e-01,9.706164526911707077e-06
5.000022329505109386e-01,9.688734968207548363e-06
5.000020161021218046e-01,9.677782612980017054e-06
5.000017098173361596e-01,9.654023890881156803e-06
5.000016726409248768e-01,9.604189742635371000e-06
5.000016155994395639e-01,9.470463987893598708e-06
5.000015776552158009e-01,9.205000032757433030e-06
5.000015658398798690e-01,9.085069895425901943e-06
5.000015468973375565e-01,8.859350373276135825e-06
5.000015299023397031e-01,8.568882330539690734e-06
5.000015202735766939e-01,8.358809265949966466e-06
5.000015133982198545e-01,8.127267749298686578e-06
5.000015120673036995e-01,7.958458004098416580e-06
5.000015107538791082e-01,7.313727112056817327e-06
5.000015052695869766e-01,6.122174253300575680e-06
5.000015013964560495e-01,5.197785844397828000e-06
5.000014969937952580e-01,4.873251742797350294e-06
5.000014475739400499e-01,3.574963272183204586e-06
5.000013434419673386e-01,3.360750534042937793e-06
5.000011420568395426e-01,2.705280520761749669e-06
5.000009048243565513e-01,2.324172560927092498e-06
5.000008162640645626e-01,2.012699102653548746e-06
5.000006913691913413e-01,1.873292807322774378e-06
5.000006835391942461e-01,1.763998695750667065e-06
5.000006180287225321e-01,1.650514739454287181e-06
5.000005886874561156e-01,1.582468324416084570e-06
5.000005749633039676e-01,1.386417320553777345e-06
5.000005629270972696e-01,1.125747696882343725e-06
5.000005520256269875e-01,8.933334822642087381e-07
5.000005479917803974e-01,7.605180427590508686e-07
5.000005428409914909e-01,5.275346748602305946e-07
5.000005336058921390e-01,4.894820741946379199e-07
5.000005185101210614e-01,4.845053797084791175e-07
5.000005039847802424e-01,4.749395576240721414e-07
5.000005002581949798e-01,4.745543102083649054e-07
5.000004955084771385e-01,4.742753801390817566e-07
5.000004904913486481e-01,4.736416288217333181e-07
5.000004656680574477e-01,4.720830440973083694e-07
5.000004272835388841e-01,4.691387351397846772e-07
5.000004153873544022e-01,4.658564590361953425e-07
5.000003969037549734e-01,4.627588515403761138e-07
5.000003754372198683e-01,4.592969071521401869e-07
5.000003525471419241e-01,4.581106220985802855e-07
5.000003281741004502e-01,4.562786256179068775e-07
5.000003272315288738e-01,4.532146169712748223e-07
5.000003262422583195e-01,4.472969417743844230e-07
5.000003246011990310e-01,4.444434687358770337e-07
5.000003207482961454e-01,4.387055768622542169e-07
5.000003130101255966e-01,4.347218735230177342e-07
5.000003023118713141e-01,4.305770118768892093e-07
5.000002866626310771e-01,4.200794973799667664e-07
5.000002765132772753e-01,4.178936884145657470e-07
5.000002564490340085e-01,4.158684641299132723e-07
5.000002450759886141e-01,4.154598869605238207e-07
5.000002399924534657e-01,4.145628567125536141e-07
5.000002353439761960e-01,4.134107868937788293e-07
5.000002252736779340e-01,4.114840619676885986e-07
5.000002221462955809e-01,4.083167784780031962e-07
5.000002184177168019e-01,4.020745792851884100e-07
5.000002135293929451e-01,3.988692383160197468e-07
5.000002064444873939e-01,3.957180415298798699e-07
5.000002001026927489e-01,3.789054173965993492e-07
5.000001914608399600e-01,3.647361791966427009e-07
5.000001884369440486e-01,3.403688954148772520e-07
5.000001862103402583e-01,3.329421947496435673e-07
5.000001840784688012e-01,3.251085345624379305e-07
5.000001777011335857e-01,3.022221319803903075e-07
5.000001687113774240e-01,2.945882355799193035e-07
5.000001548117838368e-01,2.898298462952944450e-07
5.000001410785304135e-01,2.866995778886097122e-07
5.000001231265254198e-01,2.845244783831024678e-07
5.000001182831050883e-01,2.837588377509820160e-07
5.000000947473394186e-01,2.834560620876979603e-07
5.000000532044350798e-01,2.832333410852185806e-07
5.000000262519751493e-01,2.831372441370979350e-07
5.000000116745260126e-01,2.830661486626040788e-07
5.000000069556802540e-01,2.830407465280457175e-07
5.000000002009825639e-01,2.830280911141022971e-07
4.999999961705168805e-01,2.830108939296195607e-07
4.999999937600600464e-01,2.829704460584566308e-07
4.999999930701969908e-01,2.828502050624440869e-07
4.999999926394427252e-01,2.825514975437767586e-07
4.999999920237266915e-01,2.817516833119520259e-07
4.999999913269718155e-01,2.796608392447724877e-07
4.999999908620593736e-01,2.745180947498428719e-07
4.999999904282605434e-01,2.698353169971952016e-07
4.999999901977420502e-01,2.608400487671120672e-07
4.999999901379698630e-01,2.536963169592824207e-07
4.999999901306689809e-01,2.510125300889334185e-07
4.999999901288508797e-01,2.477275779876810284e-07
4.999999901172483829e-01,2.462559645050982469e-07
4.999999898737105264e-01,2.435514298005847071e-07
4.999999878931630226e-01,2.397844576252184856e-07
4.999999831154581797e-01,2.365049457579940597e-07
4.999999802939859572e-01,2.361827965520165788e-07
4.999999741077988391e-01,2.353469291132678697e-07
4.999999685770394331e-01,2.343971950508040804e-07
4.999999618867710383e-01,2.337875752670813424e-07
4.999999557494246849e-01,2.328975045481206312e-07
4.999999524935906936e-01,2.323571435046484491e-07
4.999999510770518074e-01,2.313014319794478504e-07
4.999999494951429257e-01,2.304569934038324980e-07
4.999999468431594041e-01,2.285281949344445064e-07
4.999999447123605334e-01,2.271776143790155601e-07
4.999999422211791611e-01,2.268634297486805958e-07
4.999999409153607077e-01,2.260642182179133624e-07
4.999999404459325447e-01,2.252163957318912059e-07
4.999999401074385896e-01,2.246090608451191581e-07
4.999999393286708171e-01,2.243594981364298075e-07
4.999999390509131669e-01,2.242365221845939808e-07
4.999999387205267820e-01,2.240786573456556475e-07
4.999999385155013409e-01,2.240126055546773603e-07
4.999999380018575468e-01,2.239867838952251378e-07
4.999999376576313992e-01,2.239733394530183421e-07
4.999999370796575082e-01,2.239394831455798797e-07
4.999999362896926924e-01,2.238787862408554138e-07
4.999999354410981089e-01,2.237739628338025279e-07
4.999999344894971998e-01,2.236234671597997966e-07
4.999999335708027459e-01,2.235153226359847657e-07
4.999999332834784149e-01,2.234799590326974539e-07
4.999999326375969000e-01,2.234509394621723018e-07
4.999999321622332626e-01,2.234008997452560961e-07
4.999999316576170250e-01,2.232614212137427772e-07
4.999999310023348631e-01,2.226200398950058495e-07
4.999999308652919305e-01,2.214812477426512697e-07
4.999999301617834568e-01,2.211438760797384756e-07
4.999999299487101201e-01,2.203453355548086745e-07
4.999999298764223887e-01,2.183211769404994495e-07
4.999999297970392775e-01,2.164480109825474624e-07
4.999999297889614613e-01,2.141211066954761506e-07
4.999999297657813924e-01,2.105430679251884784e-07
4.999999297462747183e-01,2.044330900995795992e-07
4.999999297306467194e-01,1.988939514621018304e-07
4.999999297285089850e-01,1.903336755453723816e-07
4.999999297278574506e-01,1.839867739690977954e-07
4.999999297249509977e-01,1.744911882280900024e-07
4.999999297142562749e-01,1.701874658097573895e-07
4.999999296868779530e-01,1.620206150593251537e-07
4.999999296718852237e-01,1.561368620472667342e-07
4.999999296622422151e-01,1.498817068854344935e-07
4.999999296598932053e-01,1.472226879632489881e-07
4.999999296566900453e-01,1.451937869410111610e-07
4.999999296537595006e-01,1.445700155673139533e-07
4.999999296485667100e-01,1.424739897376835834e-07
4.999999296371362423e-01,1.414887546654407151e-07
4.999999296055198106e-01,1.401315196976818506e-07
4.999999294829773899e-01,1.387163476067139747e-07
4.999999294115253234e-01,1.344044632499228174e-07
4.999999292804987450e-01,1.311347428692120879e-07
4.999999289449271189e-01,1.290481471006085443e-07
4.999999288991247015e-01,1.283208420246732598e-07
4.999999286338701054e-01,1.278482678780408483e-07
4.999999285393385007e-01,1.268961623751917937e-07
4.999999284355920448e-01,1.262451163935240433e-07
4.999999284258458410e-01,1.251193842829945682e-07
4.999999284190246307e-01,1.237202107103760326e-07
4.999999284074579387e-01,1.226933675813344944e-07
4.999999283825477536e-01,1.222476133339026340e-07
4.999999283300252673e-01,1.216611042973417841e-07
4.999999283076507761e-01,1.205754620225168764e-07
4.999999282887242491e-01,1.189440706486331731e-07
4.999999282616819363e-01,1.168069009298041494e-07
4.999999282152408631e-01,1.163553633237906445e-07
4.999999281209416835e-01,1.152562781380763884e-07
4.999999279780391048e-01,1.147248664423281293e-07
4.999999277475659643e-01,1.145342377487868641e-07
4.999999276262977466e-01,1.138621829773432380e-07
4.999999275675104937e-01,1.136826949711821177e-07
4.999999273731886573e-01,1.130204906449196558e-07
4.999999273182287873e-01,1.126238057486756507e-07
4.999999272472537282e-01,1.122288768418718618e-07
4.999999271496070041e-01,1.117550705433775381e-07
4.999999271291487024e-01,1.115333093826150057e-07
4.999999270151442854e-01,1.113286469620460224e-07
4.999999269937420721e-01,1.112330041679544330e-07
4.999999269783970135e-01,1.111315743340495139e-07
4.999999269354800657e-01,1.109299707967206974e-07
4.999999269027305404e-01,1.108803394255839320e-07
4.999999268862748147e-01,1.107562009512572149e-07
4.999999268767825744e-01,1.107031996756300229e-07
4.999999268461645663e-01,1.106473788862670827e-07
4.999999268353994553e-01,1.105952396208402619e-07
4.999999268062597091e-01,1.105572756805437050e-07
4.999999267629749999e-01,1.105443862590250421e-07
4.999999267543399073e-01,1.105372852733691575e-07
4.999999267200481157e-01,1.105280260810096327e-07
4.999999267058823360e-01,1.105199724700926224e-07
4.999999266954171517e-01,1.105008915117214220e-07
4.999999266815854937e-01,1.104855349695145644e-07
4.999999266611876436e-01,1.104632700633115715e-07
4.999999266467138881e-01,1.104568940720438516e-07
4.999999266415115495e-01,1.104537055760762457e-07
4.999999266346389915e-01,1.104495459474907672e-07
4.999999266282429966e-01,1.104395567920338066e-07
4.999999266260268249e-01,1.104234986138344425e-07
4.999999266235761741e-01,1.104052798690868608e-07
4.999999266231481831e-01,1.103730989001948823e-07
4.999999266228876693e-01,1.103171333856134173e-07
4.999999266224624539e-01,1.102465771767453444e-07
4.999999266214818494e-01,1.102087283201067313e-07
4.999999266197070469e-01,1.101139205299449096e-07
4.999999266169725676e-01,1.100255028148306096e-07
4.999999266140605636e-01,1.099482300188268426e-07
4.999999266117322039e-01,1.099029272349209630e-07
4.999999266104948603e-01,1.098623921202851377e-07
4.999999266102396200e-01,1.097881971315808410e-07
4.999999266098737460e-01,1.096475169040596470e-07
4.999999266089755201e-01,1.094954445507389807e-07
4.999999266072049919e-01,1.092732874315487256e-07
4.999999266031195377e-01,1.090464285614969496e-07
4.999999265972860374e-01,1.089652829482475616e-07
4.999999265811946314e-01,1.089156692418776144e-07
4.999999265607718013e-01,1.088509071890838066e-07
4.999999265045298458e-01,1.087888088969445099e-07
4.999999264735326410e-01,1.086829722445849711e-07
4.999999264221285378e-01,1.085852454585915699e-07
4.999999263894631119e-01,1.085027628315292656e-07
4.999999263393887228e-01,1.084912450437340090e-07
4.999999262758759166e-01,1.084634326826881757e-07
4.999999262417533785e-01,1.084318824698470945e-07
4.999999261779298765e-01,1.084192934766430322e-07
4.999999261401505413e-01,1.084004645949911670e-07
4.999999261290186681e-01,1.083931740151211585e-07
4.999999260812452162e-01,1.083898436469267664e-07
4.999999260324244910e-01,1.083876346200394464e-07
4.999999259913147087e-01,1.083820216549862465e-07
4.999999259799632334e-01,1.083787274382675354e-07
4.999999259366266768e-01,1.083750653608926016e-07
4.999999259244561900e-01,1.083647020559830236e-07
4.999999259075110780e-01,1.083520930161278080e-07
4.999999258750405517e-01,1.083437448268500100e-07
4.999999258614849507e-01,1.083400349019827343e-07
4.999999258345873554e-01,1.083349723438059497e-07
4.999999258134179003e-01,1.083316466760976948e-07
4.999999258047422290e-01,1.083222320868257111e-07
4.999999257909135131e-01,1.082988062209318487e-07
4.999999257781695405e-01,1.082362700511063985e-07
4.999999257661831842e-01,1.081949111826450578e-07
4.999999257584736290e-01,1.080451119095196841e-07
4.999999257549031517e-01,1.079012314175185923e-07
4.999999257512077189e-01,1.077581426930865389e-07
4.999999257450354340e-01,1.075153306711092197e-07
4.999999257403942576e-01,1.072195069897697229e-07
4.999999257373349826e-01,1.071258608612620528e-07
4.999999257329846292e-01,1.068897208298034134e-07
4.999999257270286157e-01,1.066211147960136272e-07
4.999999257233586070e-01,1.065161066260107241e-07
4.999999257193203372e-01,1.062565142985729270e-07
4.999999257143465936e-01,1.061150152869650174e-07
4.999999257063124092e-01,1.060329713727017706e-07
4.999999256950476978e-01,1.059092132872904583e-07
4.999999256816736737e-01,1.058215214379951675e-07
4.999999256781208490e-01,1.057405702004123452e-07
4.999999256631518785e-01,1.057036174758062974e-07
4.999999256451562735e-01,1.056817833344914447e-07
4.999999256311860041e-01,1.056599855846656893e-07
4.999999256248054968e-01,1.056414241162398689e-07
4.999999256112926393e-01,1.056299309951272458e-07
4.999999255884891580e-01,1.056224598172568955e-07
4.999999255588456482e-01,1.056116322601527047e-07
4.999999255176371116e-01,1.055963152362690865e-07
4.999999254664939108e-01,1.055855327415607881e-07
4.999999254465663512e-01,1.055601923393263306e-07
4.999999254261937587e-01,1.055420033002032506e-07
4.999999254078940081e-01,1.055290957261028793e-07
4.999999253856823866e-01,1.055219068658367346e-07
4.999999253533077281e-01,1.054871060521828784e-07
4.999999253201845018e-01,1.054260759188076353e-07
4.999999252780408798e-01,1.054074214236758257e-07
4.999999252627262969e-01,1.053307645261434714e-07
4.999999252456414078e-01,1.051814832776721032e-07
4.999999251979380666e-01,1.050740011453804953e-07
4.999999251704486114e-01,1.048749502093724577e-07
4.999999251408600021e-01,1.047641823268595549e-07
4.999999251032692937e-01,1.045241745612570268e-07
4.999999250862338096e-01,1.044414238999102374e-07
4.999999250565155262e-01,1.042320764903375935e-07
4.999999250272051388e-01,1.040457283909609443e-07
4.999999249960099812e-01,1.038485820405246616e-07
4.999999249218092801e-01,1.037308477025365695e-07
4.999999248697269971e-01,1.035772812195370716e-07
4.999999248517862926e-01,1.034299242504148578e-07
4.999999248364219717e-01,1.032981260595172962e-07
4.999999248199699098e-01,1.031623289288516642e-07
4.999999247887518261e-01,1.029832285097505120e-07
4.999999247684023262e-01,1.027444312451063195e-07
4.999999247416928028e-01,1.026930944096137665e-07
4.999999247239836353e-01,1.025446590242902347e-07
4.999999246981286505e-01,1.024081943897883382e-07
4.999999246730802427e-01,1.023488880191812492e-07
4.999999246178437051e-01,1.022859428605626789e-07
4.999999245815817117e-01,1.021860861350856021e-07
4.999999245629407341e-01,1.020551719996621777e-07
4.999999245439352702e-01,1.020146643916761902e-07
4.999999245325112973e-01,1.018233508948245416e-07
4.999999245129593262e-01,1.017764353680200799e-07
4.999999244992668901e-01,1.017171134489866715e-07
4.999999244837358692e-01,1.016016571516979747e-07
4.999999244607525872e-01,1.015656028344991194e-07
4.999999244271352006e-01,1.015243450278217737e-07
4.999999244054088576e-01,1.014611163192846970e-07
4.999999243616203293e-01,1.013982140930715050e-07
4.999999243382632907e-01,1.013417299932125084e-07
4.999999243316229358e-01,1.012821740266089602e-07
4.999999243192637666e-01,1.012597033818310601e-07
4.999999242978051539e-01,1.012442050900686188e-07
4.999999242795989951e-01,1.012402837570732634e-07
4.999999242638982766e-01,1.012387365096066055e-07
4.999999242310068648e-01,1.012383152458663751e-07
4.999999242201988991e-01,1.012359968602288399e-07
4.999999242024408819e-01,1.012216086742074008e-07
4.999999241802196015e-01,1.011911038543337483e-07
4.999999241647514192e-01,1.011697265794097747e-07
4.999999241422667939e-01,1.011610144904807804e-07
4.999999241317964471e-01,1.011415061169714265e-07
4.999999241203050282e-01,1.011245681572327360e-07
4.999999240956699009e-01,1.011189059150484421e-07
4.999999240759819830e-01,1.011162535479309310e-07
4.999999240556503022e-01,1.011149554782627654e-07
4.999999240341508333e-01,1.011129027031502816e-07
4.999999240204302531e-01,1.011106191267147580e-07
4.999999240050045923e-01,1.011075641401351966e-07
4.999999239829123199e-01,1.011005627833966317e-07
4.999999239693966868e-01,1.010853965004124560e-07
4.999999239524043348e-01,1.010544261938153754e-07
4.999999239280791263e-01,1.010232304623037580e-07
4.999999238930629697e-01,1.009714477796533737e-07
4.999999238765671095e-01,1.009521925902751566e-07
4.999999238587762296e-01,1.009309797886780506e-07
4.999999238268817425e-01,1.009234715594953953e-07
4.999999238119466893e-01,1.009087219400670104e-07
4.999999237778037786e-01,1.008962260976683565e-07
4.999999237666496454e-01,1.008841032985755223e-07
4.999999237394756602e-01,1.008730284902769917e-07
4.999999237169022726e-01,1.008677403406762777e-07
4.999999236929421609e-01,1.008601771823131329e-07
4.999999236637842626e-01,1.008546392059625325e-07
4.999999236231518207e-01,1.008526587801806734e-07
4.999999236067385056e-01,1.008509839705804438e-07
4.999999235900279837e-01,1.008493382566234417e-07
4.999999235608897918e-01,1.008485913381813360e-07
4.999999235315564783e-01,1.008476300511621916e-07
4.999999235037568268e-01,1.008462723370279338e-07
4.999999234926628122e-01,1.008455380141821574e-07
4.999999234637255707e-01,1.008452324326040075e-07
4.999999234387628166e-01,1.008446138338091613e-07
4.999999234160205086e-01,1.008412277779560727e-07
4.999999234034175899e-01,1.008398572997627555e-07
4.999999233904769413e-01,1.008375006300171295e-07
4.999999233638149354e-01,1.008343668797686323e-07
4.999999232773018609e-01,1.008293742502864859e-07
4.999999232607258426e-01,1.008270357301268245e-07
4.999999232282594797e-01,1.008135957889394095e-07
4.999999232116850711e-01,1.008083300890933783e-07
4.999999231881348538e-01,1.008005752128645254e-07
4.999999231690768764e-01,1.007884087267585039e-07
4.999999231454396731e-01,1.007705960599797660e-07
4.999999231125231147e-01,1.007468927812667292e-07
4.999999230560963071e-01,1.007289388071938527e-07
4.999999230175540266e-01,1.007096064775704701e-07
4.999999229566886028e-01,1.006860141785816142e-07
4.999999229323032202e-01,1.006572851000857183e-07
4.999999228766793813e-01,1.006490907478309225e-07
4.999999228252109962e-01,1.006178986316302539e-07
4.999999228022874442e-01,1.006038218797968877e-07
4.999999227467011309e-01,1.005894079019718970e-07
4.999999226505607020e-01,1.005721053888829302e-07
4.999999226316022005e-01,1.005436847791296200e-07
4.999999225965574556e-01,1.005062238772075051e-07
4.999999225634262912e-01,1.004954634451051064e-07
4.999999225099444056e-01,1.004618163062061401e-07
4.999999224912252682e-01,1.004511537231487570e-07
4.999999224494681704e-01,1.004415400804670374e-07
4.999999224069643367e-01,1.004199496191925414e-07
4.999999223797054193e-01,1.003987302358625954e-07
4.999999223113232860e-01,1.003669419659488547e-07
4.999999222563588086e-01,1.003076723928057476e-07
4.999999222170929958e-01,1.002775341808448132e-07
4.999999221690538120e-01,1.002466221358394178e-07
4.999999221166799290e-01,1.001924919398854624e-07
4.999999220614244066e-01,1.001590872682106021e-07
4.999999220121005283e-01,1.000804388151229472e-07
4.999999219593481148e-01,9.992126742610189705e-08
4.999999219101819437e-01,9.971515375426819083e-08
4.999999218373714083e-01,9.958215571566122521e-08
4.999999216345708541e-01,9.940671611351223537e-08
4.999999215959345378e-01,9.912588356919482087e-08
4.999999215090690785e-01,9.884238686791329198e-08
4.999999214447261586e-01,9.863707766983234424e-08
4.999999213471019721e-01,9.854467464332505248e-08
4.999999211921500875e-01,9.844855493541936003e-08
4.999999211636593777e-01,9.839873713315146709e-08
4.999999210258516125e-01,9.834925890780756016e-08
4.999999209527620225e-01,9.831158674616313623e-08
4.999999208942978446e-01,9.826066909651793453e-08
4.999999208631331626e-01,9.821581667192727369e-08
4.999999208187221322e-01,9.816110024729613287e-08
4.999999207825622793e-01,9.809637534144111598e-08
4.999999207499412068e-01,9.805740275492964674e-08
4.999999207012734148e-01,9.802598200424644879e-08
4.999999206575204136e-01,9.799391854176263459e-08
4.999999206068766466e-01,9.797011302442002216e-08
4.999999205681176506e-01,9.794542838375120036e-08
4.999999204896405369e-01,9.791610657458024910e-08
4.999999204176148182e-01,9.788422836728200732e-08
4.999999203898930489e-01,9.786956812382495085e-08
4.999999203349629884e-01,9.784056538266509969e-08
4.999999203094326328e-01,9.781670221309126747e-08
4.999999203045006890e-01,9.779803423867722601e-08
4.999999202978214208e-01,9.777802804086607015e-08
4.999999202967898571e-01,9.776584813784744674e-08
4.999999202956395550e-01,9.776213383317113882e-08
4.999999202923736119e-01,9.775344285899882670e-08
4.999999202842786983e-01,9.774731636590260598e-08
4.999999202754612515e-01,9.774101789129331420e-08
4.999999202627864459e-01,9.772523744002679619e-08
4.999999202576794199e-01,9.769842873327652487e-08
4.999999202552153355e-01,9.766587106703971079e-08
4.999999202519739283e-01,9.765315321279151788e-08
4.999999202478599969e-01,9.761899403967392499e-08
4.999999202448691116e-01,9.758368939779911634e-08
4.999999202434644019e-01,9.753990171555015048e-08
4.999999202428421219e-01,9.746714205331093762e-08
4.999999202412703236e-01,9.743869869284939892e-08
4.999999202295078438e-01,9.739548099305494268e-08
4.999999202000792176e-01,9.735462831944574520e-08
4.999999201461647336e-01,9.731277823992539895e-08
4.999999200997631288e-01,9.729370768531070039e-08
4.999999198891141861e-01,9.724718022001295836e-08
4.999999198542459111e-01,9.721977197881961009e-08
4.999999197924974714e-01,9.717008984021664267e-08
4.999999196264643397e-01,9.706011168351563485e-08
4.999999195789672224e-01,9.697671676796665438e-08
4.999999194969971250e-01,9.694054566817004048e-08
4.999999194301256722e-01,9.681041122975715753e-08
4.999999193475725967e-01,9.674180747214414048e-08
4.999999192433185469e-01,9.672272320623305379e-08
4.999999191630526973e-01,9.668714993202037720e-08
4.999999191444450264e-01,9.665790946826661899e-08
4.999999190931966875e-01,9.651491253037621737e-08
4.999999190545408867e-01,9.639627956818529843e-08
4.999999190358688228e-01,9.636869271564838498e-08
4.999999190125306581e-01,9.624607391266734706e-08
4.999999189882017858e-01,9.621254699973232488e-08
4.999999189771584529e-01,9.616437402677907250e-08
4.999999189714147141e-01,9.609500774577357314e-08
4.999999189633561603e-01,9.606773796541418849e-08
4.999999189598894334e-01,9.605073318897554055e-08
4.999999189559793944e-01,9.600169581158309014e-08
4.999999189537667199e-01,9.597004906780763191e-08
4.999999189509495290e-01,9.592406021189765163e-08
4.999999189460051507e-01,9.588892855332131754e-08
4.999999189403828148e-01,9.587832804327929931e-08
4.999999189390954557e-01,9.587292876606928098e-08
4.999999189263982791e-01,9.586771324364140371e-08
4.999999189005691624e-01,9.586390697239393642e-08
4.999999187658040745e-01,9.584353910904787174e-08
4.999999187310253390e-01,9.579691334807960968e-08
4.999999186966582188e-01,9.576665127651797315e-08
4.999999186567923304e-01,9.574723879629349668e-08
4.999999185890831033e-01,9.571839250019917675e-08
4.999999185208477970e-01,9.570798405779669161e-08
4.999999184414209430e-01,9.570154385226675276e-08
4.999999181374997770e-01,9.568999183473488814e-08
4.999999180356101691e-01,9.567155715312627779e-08
4.999999179586068765e-01,9.565609318852142274e-08
4.999999178554738188e-01,9.565098000290159830e-08
4.999999178314705750e-01,9.564305859636334380e-08
4.999999177759008040e-01,9.564080766825939493e-08
4.999999177174192511e-01,9.563940249586111038e-08
4.999999176666225509e-01,9.563771901374605987e-08
4.999999176047208449e-01,9.563295287164516180e-08
4.999999175604906698e-01,9.562061627317188726e-08
4.999999175340149038e-01,9.558539241738859839e-08
4.999999175235755877e-01,9.551232842498462050e-08
4.999999175134198781e-01,9.545918707610593486e-08
4.999999175089628878e-01,9.543178080309525702e-08
4.999999175080714897e-01,9.542302804629914106e-08
4.999999175073032154e-01,9.540827874501455773e-08
4.999999175068091106e-01,9.540050731168115860e-08
4.999999175067055823e-01,9.538455556894359068e-08
4.999999175062376233e-01,9.535473876649930297e-08
4.999999175005720442e-01,9.532304435098260725e-08
4.999999174968453586e-01,9.527027490146306617e-08
4.999999174954861125e-01,9.524996700386664783e-08
4.999999174948882019e-01,9.522227184746850182e-08
4.999999174906040178e-01,9.520228131971828488e-08
4.999999174724866768e-01,9.517527868354468903e-08
4.999999174520349809e-01,9.514161908051058771e-08
4.999999174343434660e-01,9.508847091707794818e-08
4.999999174246561040e-01,9.505096394836828319e-08
4.999999174069492125e-01,9.503610360738997011e-08
4.999999173876980008e-01,9.497543667100962275e-08
4.999999173771095262e-01,9.493708851742114016e-08
4.999999173492677418e-01,9.492074453428279136e-08
4.999999173392488117e-01,9.488583773568315846e-08
4.999999173215051718e-01,9.485411249583644397e-08
4.999999173035586386e-01,9.481818545374606556e-08
4.999999172996623109e-01,9.479968605309795538e-08
4.999999172956118842e-01,9.478728742840337316e-08
4.999999172911419043e-01,9.478011704189757807e-08
4.999999172872108266e-01,9.476975773059521861e-08
4.999999172832666483e-01,9.476532217926141276e-08
4.999999172790824953e-01,9.475543813782358077e-08
4.999999172768068156e-01,9.475141019624516345e-08
4.999999172745782650e-01,9.474459433605821945e-08
4.999999172724945984e-01,9.474080156023770994e-08
4.999999172709849171e-01,9.473854687318117831e-08
4.999999172690551275e-01,9.473688578497366518e-08
4.999999172675713144e-01,9.473566214092893169e-08
4.999999172664886804e-01,9.473400387877543161e-08
4.999999172658144420e-01,9.473157140543101963e-08
4.999999172655761881e-01,9.472814202513439102e-08
4.999999172654042701e-01,9.471956988640969784e-08
4.999999172650221868e-01,9.470845726316726723e-08
4.999999172645704926e-01,9.469354097584140608e-08
4.999999172636435119e-01,9.467572648208237529e-08
4.999999172625168020e-01,9.467178172087533266e-08
4.999999172614195131e-01,9.466927114088909702e-08
4.999999172584420060e-01,9.466793374303194530e-08
4.999999172540410264e-01,9.465446424154446548e-08
4.999999172457859076e-01,9.464651540046844376e-08
4.999999172307102446e-01,9.464141114692349173e-08
4.999999172183438034e-01,9.463462725530274174e-08
4.999999171573494272e-01,9.462967726882518964e-08
4.999999171356878658e-01,9.462713911381268596e-08
4.999999171207243354e-01,9.462308967533658116e-08
4.999999171015787058e-01,9.461381442065509342e-08
4.999999170800780712e-01,9.460617396173546143e-08
4.999999170384011871e-01,9.458762595134279411e-08
4.999999169969800983e-01,9.456140407806000730e-08
4.999999169671160981e-01,9.453667940731659298e-08
4.999999169363139595e-01,9.446835989742866921e-08
4.999999168680166473e-01,9.440956799883608833e-08
4.999999168155223050e-01,9.439485814198111211e-08
4.999999167441570025e-01,9.430255535815534289e-08
4.999999166796871286e-01,9.414848133335478098e-08
4.999999166364573755e-01,9.407768083570223482e-08
4.999999166059850841e-01,9.400064914015545117e-08
4.999999164342515123e-01,9.394243509668932519e-08
4.999999163956978521e-01,9.383637202004285766e-08
4.999999162632994820e-01,9.378935320503072095e-08
4.999999161866005015e-01,9.374968568229383813e-08
4.999999161183574237e-01,9.373909439075121430e-08
4.999999160157591049e-01,9.372982811114496770e-08
4.999999159355609235e-01,9.371784638439475121e-08
4.999999158950021449e-01,9.371340129015865241e-08
4.999999158272607769e-01,9.370395180680176493e-08
4.999999156864057825e-01,9.369600235174581163e-08
4.999999156244013809e-01,9.368763796130620683e-08
4.999999155693121144e-01,9.367744807422663160e-08
4.999999155588468192e-01,9.366972099952264208e-08
4.999999155291754427e-01,9.366458246353731567e-08
4.999999155152999863e-01,9.365961301921375653e-08
4.999999154983024718e-01,9.365606604431680636e-08
4.999999154925066636e-01,9.365262838194123663e-08
4.999999154900920950e-01,9.364811446060153067e-08
4.999999154891705544e-01,9.364135169220763354e-08
4.999999154884844366e-01,9.362736520156412492e-08
4.999999154880970242e-01,9.359776744166447606e-08
4.999999154878067564e-01,9.355810300414880656e-08
4.999999154876806351e-01,9.351082617819892395e-08
4.999999154875968133e-01,9.344609050499949204e-08
4.999999154873565055e-01,9.338916407036291046e-08
4.999999154866631157e-01,9.332124320653889956e-08
4.999999154853658201e-01,9.328086451153697068e-08
4.999999154836298754e-01,9.324069107680604760e-08
4.999999154822794001e-01,9.319729205127349613e-08
4.999999154816928693e-01,9.312342965229255583e-08
4.999999154813941082e-01,9.308913425683153702e-08
4.999999154808485446e-01,9.306107221606527868e-08
4.999999154797067913e-01,9.298253823181920417e-08
4.999999154769944054e-01,9.297106509292281315e-08
4.999999154709422466e-01,9.289878042981216472e-08
4.999999154597281059e-01,9.284521501982400635e-08
4.999999154397317680e-01,9.278907991628046484e-08
4.999999154049891703e-01,9.272880345829270444e-08
4.999999153788711181e-01,9.262212242142656508e-08
4.999999153640659610e-01,9.256690676879861599e-08
4.999999152993894747e-01,9.246873788832725058e-08
4.999999152453376006e-01,9.231205011306976216e-08
4.999999152002450042e-01,9.226979976710686921e-08
4.999999151778804496e-01,9.215296322642407248e-08
4.999999151520738705e-01,9.205445165818341113e-08
4.999999151391307239e-01,9.194851003086084570e-08
4.999999151210479109e-01,9.178630694373369315e-08
4.999999151145068099e-01,9.169774812017751500e-08
4.999999151060501301e-01,9.162565175322308943e-08
4.999999150948134519e-01,9.157303762540551668e-08
4.999999150741949450e-01,9.149310955807743368e-08
4.999999150389290437e-01,9.143495612152751978e-08
4.999999150307555817e-01,9.141215773356835630e-08
4.999999149976091517e-01,9.139555679083704668e-08
4.999999149274842458e-01,9.138189591736221884e-08
4.999999148900634016e-01,9.135870997420301393e-08
4.999999148550327011e-01,9.130626092954442575e-08
4.999999148298882590e-01,9.125234728107466543e-08
4.999999147578098047e-01,9.123165861814555634e-08
4.999999147262633725e-01,9.118251445061612866e-08
4.999999146924243298e-01,9.115521186573885834e-08
4.999999146786359705e-01,9.112520518957441039e-08
4.999999146651082915e-01,9.110257276225421478e-08
4.999999146577473463e-01,9.107950471531591566e-08
4.999999146452468457e-01,9.106856949645022371e-08
4.999999146256637883e-01,9.106342411072101256e-08
4.999999146031559594e-01,9.106035008744628704e-08
4.999999145638678866e-01,9.105844269800251203e-08
4.999999145417995949e-01,9.105677075752070784e-08
4.999999145137926093e-01,9.105423077533578037e-08
4.999999144618408886e-01,9.104715674219535317e-08
4.999999144458084910e-01,9.103726351728074215e-08
4.999999144439234988e-01,9.102337807305646126e-08
4.999999144417459629e-01,9.101321220125707688e-08
4.999999144360772196e-01,9.100948031989256590e-08
4.999999144299708265e-01,9.100463198087258169e-08
4.999999144208696622e-01,9.098982643030126075e-08
4.999999143928167689e-01,9.097092034756618123e-08
4.999999143651957523e-01,9.092989709343307225e-08
4.999999143538314539e-01,9.086865696790646868e-08
4.999999143421378078e-01,9.085282202132223051e-08
4.999999143270072999e-01,9.082093657994640836e-08
4.999999142940629304e-01,9.079417626560507628e-08
4.999999142773037253e-01,9.077205173993541183e-08
4.999999142292694820e-01,9.075443681433625780e-08
4.999999141440252259e-01,9.073670714056494195e-08
4.999999140960533772e-01,9.071625534792751981e-08
4.999999140634665551e-01,9.070562521549905986e-08
4.999999140249386520e-01,9.069583631824644567e-08
4.999999139702566708e-01,9.068867320391753469e-08
4.999999139350354560e-01,9.067728577044351361e-08
4.999999139021402694e-01,9.066876974923728788e-08
4.999999138851847769e-01,9.065189701123892975e-08
4.999999138486634909e-01,9.064758738711587082e-08
4.999999138203355953e-01,9.063017776237668114e-08
4.999999138056153147e-01,9.061314620769527690e-08
4.999999137866912857e-01,9.060362132891406052e-08
4.999999137755156697e-01,9.057955838292479448e-08
4.999999137604351773e-01,9.055669934084095082e-08
4.999999137535736660e-01,9.053113403802242377e-08
4.999999137496045631e-01,9.051685621290857001e-08
4.999999137455635179e-01,9.045198715867335925e-08
4.999999137435540697e-01,9.037723039144562556e-08
4.999999137405810035e-01,9.030740916131040100e-08
4.999999137372140856e-01,9.023566492930116809e-08
4.999999137324891429e-01,9.015871973205067969e-08
4.999999137260373039e-01,9.004390145629559688e-08
4.999999137055598508e-01,8.990382624772017171e-08
4.999999136684051271e-01,8.979861008432781796e-08
4.999999136401072075e-01,8.974344813259528750e-08
4.999999136081449969e-01,8.963852625942398421e-08
4.999999135903636094e-01,8.948401662107621569e-08
4.999999135762609459e-01,8.941882066252264570e-08
4.999999135578805931e-01,8.937575021519349684e-08
4.999999135486712376e-01,8.928731258149091508e-08
4.999999135387880878e-01,8.923050489446040065e-08
4.999999135273789364e-01,8.919384921053821092e-08
4.999999135245830617e-01,8.911681161480613859e-08
4.999999135139432394e-01,8.904804758895660909e-08
4.999999135095317682e-01,8.900795259622548235e-08
4.999999135061384270e-01,8.897336750977134070e-08
4.999999135009472462e-01,8.895536672214809928e-08
4.999999134933316713e-01,8.893951068150908766e-08
4.999999134761594632e-01,8.892656695551700972e-08
4.999999134461004524e-01,8.891295626345174043e-08
4.999999134053789707e-01,8.890735079887167531e-08
4.999999133712313415e-01,8.889337256371822743e-08
4.999999133650999128e-01,8.888711325540930559e-08
4.999999133581166655e-01,8.888302548784605898e-08
4.999999133515103389e-01,8.888185547722213924e-08
4.999999133462871281e-01,8.888072165140863073e-08
4.999999133437518228e-01,8.888019108846071018e-08
4.999999133416579977e-01,8.887932229979141796e-08
4.999999133394623652e-01,8.887780993092142822e-08
4.999999133371569870e-01,8.887499520344030889e-08
4.999999133343840940e-01,8.886615694428408870e-08
4.999999133300493392e-01,8.885428485957694335e-08
4.999999133272821084e-01,8.883818929670958167e-08
4.999999133236588955e-01,8.881836439310650044e-08
4.999999133101453719e-01,8.881376524864081570e-08
4.999999132979763283e-01,8.881040929612025718e-08
4.999999132844675787e-01,8.880802271899834268e-08
4.999999132781591804e-01,8.880549782711709473e-08
4.999999132700891913e-01,8.880382845702909767e-08
4.999999132621635312e-01,8.880266811353796836e-08
4.999999132577196970e-01,8.880234223475162100e-08
4.999999132525731471e-01,8.880193350365926207e-08
4.999999132495161480e-01,8.880154128022907746e-08
4.999999132453859518e-01,8.880040244774271789e-08
4.999999132441609873e-01,8.879832251207477629e-08
4.999999132426609094e-01,8.879618072739548689e-08
4.999999132397017765e-01,8.879113823723963661e-08
4.999999132359663201e-01,8.878483403649376995e-08
4.999999132281730541e-01,8.877913204109591388e-08
4.999999132192489149e-01,8.877608886366624102e-08
4.999999131968806410e-01,8.877463647165456266e-08
4.999999131803782859e-01,8.877183492913981049e-08
4.999999131749673920e-01,8.877106370288690342e-08
4.999999131596116198e-01,8.877000653868942487e-08
4.999999131466895119e-01,8.876889290365332549e-08
4.999999131374815997e-01,8.876836388800897118e-08
4.999999131351920978e-01,8.876771512247022041e-08
4.999999131285665088e-01,8.876735334053296026e-08
4.999999131260786656e-01,8.876712227603249567e-08
4.999999131224953652e-01,8.876673151480284918e-08
4.999999131105914985e-01,8.876567282443548819e-08
4.999999130993479923e-01,8.876453290269842802e-08
4.999999130645970125e-01,8.876282236560957074e-08
4.999999130198352626e-01,8.876023488434102679e-08
4.999999129817018773e-01,8.875569810436812461e-08
4.999999129670063547e-01,8.874761176863407913e-08
4.999999129476306314e-01,8.873458274677971506e-08
4.999999129128951947e-01,8.872636009328808497e-08
4.999999128906177925e-01,8.871553470363408304e-08
4.999999128493781697e-01,8.870835536219322714e-08
4.999999128082932565e-01,8.869118322825080076e-08
4.999999127742404403e-01,8.868514973739770183e-08
4.999999127475178717e-01,8.867596967174749863e-08
4.999999127112413899e-01,8.866604116385801857e-08
4.999999127013536326e-01,8.865003382056662558e-08
4.999999126326021837e-01,8.863994386623531320e-08
4.999999125978319414e-01,8.861177882039070547e-08
4.999999125544520862e-01,8.858194240178056934e-08
4.999999125094740648e-01,8.856485259473614215e-08
4.999999124962926644e-01,8.855719774475437077e-08
4.999999124539168394e-01,8.854928581409737725e-08
4.999999124320744226e-01,8.853271683038328865e-08
4.999999124082090685e-01,8.852559148151516877e-08
4.999999123856682104e-01,8.852004224536851214e-08
4.999999123588502181e-01,8.851103596423017169e-08
4.999999123386660860e-01,8.849973450208246501e-08
4.999999123155208780e-01,8.849341601056505250e-08
4.999999122724162470e-01,8.848756814975601991e-08
4.999999122244730421e-01,8.848409300347797679e-08
4.999999121917529932e-01,8.847916900582436926e-08
4.999999121811879998e-01,8.847304811653077239e-08
4.999999121478786446e-01,8.846873344279855055e-08
4.999999121263907220e-01,8.846567284903085398e-08
4.999999120878232395e-01,8.846243011954091253e-08
4.999999120458888946e-01,8.846125944475675154e-08
4.999999119914480539e-01,8.845989558941172997e-08
4.999999119468341857e-01,8.845866248873106521e-08
4.999999118886023775e-01,8.845729515057595580e-08
4.999999118705532042e-01,8.845580784649522307e-08
4.999999118045200808e-01,8.845499548245342515e-08
4.999999117364183343e-01,8.845346529596349999e-08
4.999999116928161014e-01,8.845148180424090912e-08
4.999999116548689004e-01,8.844929626322431785e-08
4.999999116079333339e-01,8.844594790433337915e-08
4.999999115703124830e-01,8.844068331166839924e-08
4.999999115452696263e-01,8.843627420818719876e-08
4.999999115191301469e-01,8.843009949083644886e-08
4.999999114927783372e-01,8.842854460905799929e-08
4.999999114311100001e-01,8.841879005869342595e-08
4.999999114018406354e-01,8.841054267715646920e-08
4.999999113600804845e-01,8.840109835675052770e-08
4.999999113249988247e-01,8.839146204503229047e-08
4.999999112999276019e-01,8.838382173677729402e-08
4.999999112865475270e-01,8.837651670478414232e-08
4.999999112616595465e-01,8.836757854454275670e-08
4.999999112413688329e-01,8.836056867328077522e-08
4.999999112177834770e-01,8.835166291645633746e-08
4.999999111965901522e-01,8.834118844087600734e-08
4.999999111788044903e-01,8.833376556631979300e-08
4.999999111685911601e-01,8.832294660167211155e-08
4.999999111614578107e-01,8.831443820583352578e-08
4.999999111472365754e-01,8.830961723594785830e-08
4.999999111216710812e-01,8.830072906424864086e-08
4.999999111035316468e-01,8.829280353214091379e-08
4.999999110917639489e-01,8.828344211408488153e-08
4.999999110524342427e-01,8.827697322551681626e-08
4.999999109561536481e-01,8.826671402720725448e-08
4.999999109208744796e-01,8.825804594986033800e-08
4.999999109011246667e-01,8.825387249055020074e-08
4.999999108846759910e-01,8.824787726159176689e-08
4.999999108652152247e-01,8.824368557682161668e-08
4.999999108539741610e-01,8.824234893679324910e-08
4.999999108309400309e-01,8.823910499351356456e-08
4.999999108002447512e-01,8.823814458300660218e-08
4.999999107789608321e-01,8.823657482081183911e-08
4.999999107522727915e-01,8.823187696903550231e-08
4.999999107289400668e-01,8.823091538673498154e-08
4.999999107059146519e-01,8.823043335461343932e-08
4.999999106895840484e-01,8.822991925823897185e-08
4.999999106781508607e-01,8.822886575626725452e-08
4.999999106691829232e-01,8.822750066233882964e-08
4.999999106586240361e-01,8.822639388406872989e-08
4.999999106435001894e-01,8.822603566656887862e-08
4.999999106182332342e-01,8.822561641508462662e-08
4.999999105400174115e-01,8.822448652252222323e-08
4.999999104716092435e-01,8.822260680646418057e-08
4.999999104178725062e-01,8.822191261569233361e-08
4.999999102067231860e-01,8.822112980473013439e-08
4.999999101084834363e-01,8.822044435263432247e-08
4.999999100873780966e-01,8.821946436617074800e-08
4.999999100390887241e-01,8.821710464553195698e-08
4.999999100036929267e-01,8.821342027348487484e-08
4.999999099713214323e-01,8.821201414160678998e-08
4.999999099082668153e-01,8.821043074369673277e-08
4.999999098330691893e-01,8.820709069898408104e-08
4.999999098014369925e-01,8.820388859306409829e-08
4.999999097798117909e-01,8.819979245284491881e-08
4.999999097406888082e-01,8.819601013342453817e-08
4.999999097022870265e-01,8.819310865911522931e-08
4.999999096614462513e-01,8.818777628640108632e-08
4.999999096041320423e-01,8.817892878706108416e-08
4.999999095646541214e-01,8.817155772853482273e-08
4.999999095364194290e-01,8.816784770516498707e-08
4.999999095249963443e-01,8.816538798828262294e-08
4.999999094929388210e-01,8.816425787171499804e-08
4.999999094710085856e-01,8.816296069974946265e-08
4.999999094374501518e-01,8.816259402635572431e-08
4.999999094185543225e-01,8.816232672995072982e-08
4.999999093072962086e-01,8.816207962270727031e-08
4.999999092293353486e-01,8.816161881184199358e-08
4.999999091877629920e-01,8.816082206199809411e-08
4.999999091570557774e-01,8.816035672254015836e-08
4.999999091353775071e-01,8.816002732049705290e-08
4.999999090997865325e-01,8.815978691094411884e-08
4.999999090652451628e-01,8.815863708653268298e-08
4.999999090035801563e-01,8.815699416164876485e-08
4.999999089515113071e-01,8.815455639572073177e-08
4.999999089141115016e-01,8.815347274760496434e-08
4.999999089004268371e-01,8.815315166128778092e-08
4.999999088581816853e-01,8.815282564985558433e-08
4.999999088463920049e-01,8.815258130341253280e-08
4.999999088226723121e-01,8.815206291468380850e-08
4.999999088002038405e-01,8.815130836583552699e-08
4.999999087711354262e-01,8.814974104560101666e-08
4.999999087505772044e-01,8.814761657287699567e-08
4.999999087411859389e-01,8.814456668616568088e-08
4.999999087294574318e-01,8.814017519549452261e-08
4.999999087240903917e-01,8.813609027560376686e-08
4.999999087176293378e-01,8.813444853175695856e-08
4.999999087095254868e-01,8.812792081548095116e-08
4.999999087067024117e-01,8.812680485800628158e-08
4.999999087016681054e-01,8.812556138360334162e-08
4.999999086979758367e-01,8.812390580524050211e-08
4.999999086951198435e-01,8.812001889957979755e-08
4.999999086887185196e-01,8.811915839059015945e-08
4.999999086807924709e-01,8.811791750868496017e-08
4.999999086546877969e-01,8.811761943093778221e-08
4.999999086181812213e-01,8.811600739682741038e-08
4.999999085754465722e-01,8.811514845428741979e-08
4.999999085486585004e-01,8.811282183259608010e-08
4.999999085191793591e-01,8.811053108504742175e-08
4.999999084162417007e-01,8.810710571764479316e-08
4.999999084017624496e-01,8.810630378080102798e-08
4.999999083824553381e-01,8.810372575527201620e-08
4.999999083666907818e-01,8.810219232077034351e-08
4.999999083584000803e-01,8.810026557987814344e-08
4.999999083529378385e-01,8.809991247299500310e-08
4.999999083475135109e-01,8.809862594489540490e-08
4.999999083421550194e-01,8.809742734507505372e-08
4.999999083357215546e-01,8.809661334735339890e-08
4.999999083261665866e-01,8.809555031177576051e-08
4.999999083038469405e-01,8.809502571076288929e-08
4.999999082788899596e-01,8.809389767792556375e-08
4.999999082378495663e-01,8.809349355871360768e-08
4.999999081936696843e-01,8.809272095236004851e-08
4.999999081686298252e-01,8.809177508751751871e-08
4.999999081580717153e-01,8.809035200097285345e-08
4.999999081461461437e-01,8.809001206516378701e-08
4.999999081294074776e-01,8.808927950456527957e-08
4.999999081034828818e-01,8.808913742252383987e-08
4.999999080852716160e-01,8.808852267352763355e-08
4.999999080644660365e-01,8.808712666555723055e-08
4.999999080407370733e-01,8.808630511452379775e-08
4.999999079836494609e-01,8.808566883773551540e-08
4.999999079452739359e-01,8.808427832233821512e-08
4.999999078915597917e-01,8.808373322819028629e-08
4.999999078725393398e-01,8.808294138310109698e-08
4.999999078628156735e-01,8.808217856072321612e-08
4.999999078311080924e-01,8.808175448126785680e-08
4.999999078192105539e-01,8.808101489654969021e-08
4.999999077918181323e-01,8.808050070748255443e-08
4.999999077499333033e-01,8.807976290082422668e-08
4.999999077056687113e-01,8.807864252432049070e-08
4.999999076724205294e-01,8.807758803422073059e-08
4.999999076433214173e-01,8.807683259503250718e-08
4.999999075396993620e-01,8.807641293266625734e-08
4.999999075158318984e-01,8.807563762354235859e-08
4.999999074872057414e-01,8.807524888606159090e-08
4.999999074365468754e-01,8.807507215812100965e-08
4.999999074004858324e-01,8.807474686295958001e-08
4.999999073765466484e-01,8.807453308539546579e-08
4.999999073572063968e-01,8.807416060804758720e-08
4.999999073387272341e-01,8.807395837043394277e-08
4.999999073212307854e-01,8.807383451163748516e-08
4.999999073022087237e-01,8.807375545474544983e-08
4.999999072849155013e-01,8.807364593588684343e-08
4.999999072632689279e-01,8.807351075640454559e-08
4.999999072436226433e-01,8.807339608241310731e-08
4.999999072134966305e-01,8.807331760413361929e-08
4.999999072021046875e-01,8.807325209974825242e-08
4.999999071910291581e-01,8.807319953106323231e-08
4.999999071803095108e-01,8.807316820362990801e-08
4.999999071651970439e-01,8.807313406313388555e-08
4.999999071481156521e-01,8.807311624155986799e-08
4.999999071278015128e-01,8.807307587092220591e-08
4.999999071016679730e-01,8.807303053239997841e-08
4.999999070576203186e-01,8.807294344979315844e-08
4.999999070116098454e-01,8.807279022028890727e-08
4.999999070000298307e-01,8.807252130638120726e-08
4.999999069534214469e-01,8.807218855320901326e-08
4.999999068988678630e-01,8.807193589189576795e-08
4.999999068086284915e-01,8.807175478726770914e-08
4.999999066716893648e-01,8.807157166060942784e-08
4.999999066289086969e-01,8.807147106950838017e-08
4.999999065314453262e-01,8.807108197006221734e-08
4.999999064924663950e-01,8.807078918183349969e-08
4.999999064552838046e-01,8.807006442274166451e-08
4.999999064465407983e-01,8.806988737674775544e-08
4.999999064385837744e-01,8.806974326438635387e-08
4.999999064340888699e-01,8.806956186863258139e-08
4.999999064239214475e-01,8.806946921212559761e-08
4.999999063977474956e-01,8.806931041707470094e-08
4.999999063692764922e-01,8.806927477202904733e-08
4.999999062730433597e-01,8.806908455769823809e-08
4.999999061962953628e-01,8.806901666288770442e-08
4.999999061699055836e-01,8.806879830508469865e-08
4.999999061382869869e-01,8.806858125923319749e-08
4.999999061076412232e-01,8.806829761782163320e-08
4.999999060818085539e-01,8.806825455678044492e-08
4.999999060653037009e-01,8.806816361410363863e-08
4.999999060447357646e-01,8.806805810222339385e-08
4.999999060247530269e-01,8.806794686467404374e-08
4.999999060061388056e-01,8.806789201811817720e-08
4.999999059942052959e-01,8.806774579878657888e-08
4.999999059740604657e-01,8.806765011890279836e-08
4.999999059383344324e-01,8.806760120700086310e-08
4.999999059126667422e-01,8.806753390761162353e-08
4.999999058814103559e-01,8.806746746330026487e-08
4.999999057980906159e-01,8.806733416350493800e-08
4.999999057751722820e-01,8.806725437931269472e-08
4.999999057526005597e-01,8.806716027394649759e-08
4.999999056935052755e-01,8.806712544486860642e-08
4.999999056614584658e-01,8.806707573318921558e-08
4.999999056004863496e-01,8.806698934564635601e-08
4.999999054961332678e-01,8.806693854865069289e-08
4.999999053822715700e-01,8.806686707672404354e-08
4.999999053150558370e-01,8.806683713437027071e-08
4.999999052875426786e-01,8.806676618751533520e-08
4.999999052627023266e-01,8.806669789724899419e-08
4.999999052559241930e-01,8.806657988595788166e-08
4.999999052451608028e-01,8.806643224270763749e-08
4.999999052292206647e-01,8.806624167058096603e-08
4.999999052110489783e-01,8.806617616399570901e-08
4.999999051820692153e-01,8.806587379509752423e-08
4.999999051724277055e-01,8.806566975123275954e-08
4.999999051437893360e-01,8.806546410099831980e-08
4.999999051201631239e-01,8.806530211181135180e-08
4.999999050879107010e-01,8.806515937330186822e-08
4.999999050536988454e-01,8.806503528152662942e-08
4.999999050386392252e-01,8.806488565283221568e-08
4.999999050086584851e-01,8.806477784121864823e-08
4.999999049741871149e-01,8.806464396371226857e-08
4.999999049351779856e-01,8.806451704611217884e-08
4.999999048758967390e-01,8.806425632232952319e-08
4.999999048200808316e-01,8.806403925927216236e-08
4.999999047504113392e-01,8.806380232846318741e-08
4.999999046983717443e-01,8.806356499346188232e-08
4.999999046580335671e-01,8.806337529468540561e-08
4.999999046407034298e-01,8.806324804818856345e-08
4.999999046243764345e-01,8.806303617485737622e-08
4.999999046209949727e-01,8.806267126939834928e-08
4.999999046135155667e-01,8.806245660665793835e-08
4.999999046078252296e-01,8.806229538828152703e-08
