# error_dp, error_pinn
4.264956932713493548e-02,4.312989077275049959e-02
4.218038402094921591e-02,4.218039851740039425e-02
4.218037402681252407e-02,4.218037408322238002e-02
4.218037865474028036e-02,4.218033065075686011e-02
4.218033341331261371e-02,4.218024796660619496e-02
4.218022063021471812e-02,4.327545254517857487e-02
4.218020108752629227e-02,4.368341800069615311e-02
4.218020018630822682e-02,5.145637235642801233e-02
4.218020552368058340e-02,3.782095037349138961e-02
4.218018901742172366e-02,1.528286511490047246e-02
4.218068527968038550e-02,1.270712075744458158e-02
4.218291978048035323e-02,6.074257379296576359e-03
3.345786014041569195e-02,2.422431067926762802e-03
2.073516789569370550e-02,2.256180673107904041e-03
1.937860545154803174e-02,2.045504486590037866e-03
1.841175952114585887e-02,3.375026499040157009e-03
1.475174812165700768e-02,7.008107203062689458e-03
1.283635315582036876e-02,6.171300934359556095e-03
9.852720942568411050e-03,6.523893472769182536e-03
1.015328213248449345e-02,7.366717444068996042e-03
5.168578329439998779e-03,8.175026946208098153e-03
2.885065725044592966e-03,8.662393101394872535e-03
2.893855783403183335e-03,7.647712183301839071e-03
3.009015290876446494e-03,3.488856077176590020e-03
4.386674160081253070e-03,2.041671874051232110e-03
8.276306877719678823e-03,1.727667038259772742e-03
1.703269682724219830e-02,1.963807106559761154e-03
1.641430891397763908e-02,1.616163024849088170e-03
1.503381902029712891e-02,1.507828341595997485e-03
1.407814905618530975e-02,1.460459386835557833e-03
1.296452688215930966e-02,1.844220191968797993e-03
1.540407180998376938e-02,1.998438371167751432e-03
1.753303714818850792e-02,1.677881171431283222e-03
1.863153467882963654e-02,1.261069825392131458e-03
1.952193196338884718e-02,2.056177961982509454e-03
1.939233893148072790e-02,3.297865663142879235e-03
1.841339918865431829e-02,2.812988670451667481e-03
1.868432338519431662e-02,3.125492325987997994e-03
1.054998379387124714e-02,3.627752481458655642e-03
8.841973789362071734e-03,4.274275239421667510e-03
6.549882404094556354e-03,5.019413633464571943e-03
4.157522794766319897e-03,6.767214111734382725e-03
1.847173740356131784e-03,6.566221398494466281e-03
8.873843167065383411e-04,7.364955183563258630e-03
1.079532304249754097e-03,7.262810105890696137e-03
9.318557038995358690e-04,5.280699509263545206e-03
1.092082180481676124e-03,2.279428635762558060e-03
1.201694680674960953e-03,1.678091058086680258e-03
1.255005364805383827e-03,3.655071726528735798e-03
1.256369468171589839e-03,2.140718402823820962e-03
1.156417663390581479e-03,3.253802685409124505e-03
8.648103398381829128e-04,5.758167819574284106e-03
1.289328050416683590e-03,4.394099299788474695e-03
3.266757174683873177e-03,7.337724778233467582e-03
5.761560251589446964e-03,6.827884536044672402e-03
4.599859204012941502e-03,6.252488615663557951e-03
1.997800533897235546e-03,6.904766172536892441e-03
3.435259670876621152e-03,8.100480787797816745e-03
3.226986719824353166e-03,8.341240386088001613e-03
1.791674331202241241e-03,8.857927722324547212e-03
1.391168626245505675e-03,8.828363067017673191e-03
3.503447983842893250e-03,8.805585316192781481e-03
4.427665747709455014e-03,8.885886187871007771e-03
6.222437646719675142e-03,9.206400917091983951e-03
6.091229305616862634e-03,1.066159308190872332e-02
6.485246751641989167e-03,1.225493894286331514e-02
1.024275246356187198e-02,1.388122896705851726e-02
9.906286874860706707e-03,1.387623932602801390e-02
1.155567206159558401e-02,1.489623847594966945e-02
1.083930675850415179e-02,1.380151489435661218e-02
1.009406916488960783e-02,1.413902527907118407e-02
1.037118029284925420e-02,1.487653814440883550e-02
1.051163176488793122e-02,1.603368232332088791e-02
1.033238917920349664e-02,1.512024505359938452e-02
9.027045495106500103e-03,1.468873179404306221e-02
8.315239294183932733e-03,1.488629158549883112e-02
7.602766499382026567e-03,1.489428462153984285e-02
6.650996072138679743e-03,1.467378445580010994e-02
6.309377951705708726e-03,1.378802415934306420e-02
6.163729261183929255e-03,1.142181747779529195e-02
5.130532549813146548e-03,9.863044744453697971e-03
4.354919196042657432e-03,6.948613252885190404e-03
3.803827304723188165e-03,5.889617122829171950e-03
3.170445403697761018e-03,5.965583236758006426e-03
2.825201215739654281e-03,4.719835244817988280e-03
2.704339148917140386e-03,4.326897822185579723e-03
1.164027395283558043e-03,3.256685517662482807e-03
1.610757258845152114e-03,2.118862098421804129e-03
2.457670594800258866e-03,5.905875718333151309e-04
3.807849418771870782e-03,3.915416549516370030e-04
4.118658194350196394e-03,4.752399693288107078e-04
4.099633035808106576e-03,5.696833975236928645e-04
3.608915985210063571e-03,6.643753095886109671e-04
3.830281913240907426e-03,5.211690869448543486e-04
3.753166902107168534e-03,5.462215314014932845e-04
3.666612325668165261e-03,6.317102015999316892e-04
3.587487838539893652e-03,8.387958299994300064e-04
3.448041353899472441e-03,1.202279247237582078e-03
3.188033480375493996e-03,1.434946419431287973e-03
2.800237732097158195e-03,1.748401646353171628e-03
1.484236838876758094e-03,2.025738862494796521e-03
1.802481031567298780e-03,2.024047983516694474e-03
1.479471318403684926e-03,1.554411834019237470e-03
7.530005397285678085e-04,1.430105887695663379e-03
5.704469771187545670e-04,1.327269678767057596e-03
6.095279175601665258e-04,1.341658849320525931e-03
4.415315668888738403e-04,1.386451587179846328e-03
6.012289820696410875e-04,1.456818227393795549e-03
8.099631022399415804e-04,1.449038553252240827e-03
9.722839866879635397e-04,1.445097505072442425e-03
1.018785836802823131e-03,1.406538123945657703e-03
7.851402510972839508e-04,1.346398550219968931e-03
1.816940004786902064e-04,1.245761788026500351e-03
4.335535474673661333e-04,1.104645010556700065e-03
7.911747938094408801e-04,9.747083166033328715e-04
8.803271876366739693e-04,9.153373665095229346e-04
7.662255546402218153e-04,9.329778829730913259e-04
6.510265507698136242e-04,9.615894275320904577e-04
6.725335548689667523e-04,8.265523043278536451e-04
7.764283178762790239e-04,6.048332078904426409e-04
8.557273316925973535e-04,3.955794226847334752e-04
9.947001845245328610e-04,1.434414704332780642e-04
9.549838762006980031e-04,1.303688367582839279e-04
8.766212717391385235e-04,3.089603684413656836e-04
5.864856464217568137e-04,2.877921866835862720e-04
4.253260141705597045e-04,2.711507280373935051e-04
2.089692885541125002e-04,3.169914750723825032e-04
1.564297563961855706e-04,3.984512149371660173e-04
1.241571671702013308e-04,4.634697730748649647e-04
1.233450961027549779e-04,4.918099722357519282e-04
2.581884066033558723e-04,4.582428843027942745e-04
2.609185211564621267e-04,3.948361676063240279e-04
7.342828952726837338e-04,3.153336192022674202e-04
9.833415673793969268e-04,1.469970329859316153e-04
1.357103262219295885e-03,1.972502994032331058e-04
1.468226421400067611e-03,4.970591613705386755e-04
1.705422343186667727e-03,6.014301927726334882e-04
1.898954296805667723e-03,6.567243672553087610e-04
2.314456593845302685e-03,6.478565173539944282e-04
2.059191318203508828e-03,6.973841079222205339e-04
2.183897433484375747e-03,9.006748685293952845e-04
2.317773367506826589e-03,1.074043138510516211e-03
2.207573138723211304e-03,1.307659687581762872e-03
2.331371853160350577e-03,1.632425543437691614e-03
2.334092651176092933e-03,1.653288533554144162e-03
2.592144609403699163e-03,1.572200458267912710e-03
3.167488391736503466e-03,1.614742463413249137e-03
3.546248157071712516e-03,1.732221233775677136e-03
4.013482410248556988e-03,1.757950992222686269e-03
4.036777972196686076e-03,1.815212085937091937e-03
4.090242743337696961e-03,1.878384548890063045e-03
3.825042693083235187e-03,1.968269422938432895e-03
3.562635349128080806e-03,2.032592708040962832e-03
3.452276163988312295e-03,2.099501044661276558e-03
3.390622929397128522e-03,2.127692270213124917e-03
3.433716785670707164e-03,2.124015915433124201e-03
3.422907546417418029e-03,2.109847472914518508e-03
3.420538901544751924e-03,2.057947090921819194e-03
3.419316960306465793e-03,1.787762550252306858e-03
3.428278508322508099e-03,1.833921788586933676e-03
3.430283397395809952e-03,1.824873737655390623e-03
3.446857640311349735e-03,1.594538958898618006e-03
3.480810008681849057e-03,1.507200324785716540e-03
3.525354312110909674e-03,1.535964787438128280e-03
3.586733128754234640e-03,1.431769057411752056e-03
3.613835643385477411e-03,1.217204582528529262e-03
3.655853007582086141e-03,1.281267766339639963e-03
3.705022764980585043e-03,1.261183122192789663e-03
3.777497461473505996e-03,1.203074738970157142e-03
3.842743803180716840e-03,1.227934648793150684e-03
3.895040412190253938e-03,1.245786575133419000e-03
3.880286604062542326e-03,1.282528149527698610e-03
3.982972757549476696e-03,1.328695394909075672e-03
3.922491519178879747e-03,1.413755783245875756e-03
3.939212725991030409e-03,1.369390856999381893e-03
4.054140707981668430e-03,1.402564657817211968e-03
4.030214549201502697e-03,1.395271161255172638e-03
4.055888296827524046e-03,1.392143139162751618e-03
4.129654978121065877e-03,1.416977954771227611e-03
4.244453146593289185e-03,1.425593345181418777e-03
4.236994974175326348e-03,1.451465283052311714e-03
4.258201190601781407e-03,1.513455296153868061e-03
4.279813342517072364e-03,1.503196189619246349e-03
4.296395273501040120e-03,1.524452975146116992e-03
4.279366647322171285e-03,1.574152719709857569e-03
4.278664224621214589e-03,1.648403644496206728e-03
4.270631551787389645e-03,1.591063585620119437e-03
4.266300526088086069e-03,1.616732524467366519e-03
4.271570283937850369e-03,1.635236575234034432e-03
4.301420948743053981e-03,1.564523887922284265e-03
4.265240119516835668e-03,1.561340284603087878e-03
4.371243245516171112e-03,1.561238262878393915e-03
4.444618264128790026e-03,1.552682136824380926e-03
4.565865529470322301e-03,1.551024613298639977e-03
4.598120814063495244e-03,1.457124588516439103e-03
4.633537097528539137e-03,1.473866324212924411e-03
4.652273512179692927e-03,1.461149939564982368e-03
4.764641854409760839e-03,1.399733879031533554e-03
4.735139735988668636e-03,1.366648702948030552e-03
4.817793258855920975e-03,1.262770919625945138e-03
4.863353049163300114e-03,1.139519725016349553e-03
4.962933390972703099e-03,1.009496757056972801e-03
5.117501853320532285e-03,9.907668183755625416e-04
5.616786749348500266e-03,8.379844956189447074e-04
5.527776588024256761e-03,8.445795928853963011e-04
5.495504359422195145e-03,7.695204800672871296e-04
5.480979641360827700e-03,6.418287792356493085e-04
5.703676933822772119e-03,5.844742487666835509e-04
5.593339600726225831e-03,6.308502119891817080e-04
5.690800695669050342e-03,5.892019654816368305e-04
5.775939606394076345e-03,5.978105205629114047e-04
5.845815097183675903e-03,5.969182240667037691e-04
5.849037737913331640e-03,5.269576261326303253e-04
5.971246117814512852e-03,4.273802684146003786e-04
5.987667864488017966e-03,4.105845107445319788e-04
6.057955992393688344e-03,4.422896308876097930e-04
6.151897921846593772e-03,4.141054157465407165e-04
6.198100977890849683e-03,3.764330056333126833e-04
6.271370035444028858e-03,3.192317486952150440e-04
6.458106392233179012e-03,3.275204286265293247e-04
6.524562139458249879e-03,3.228306995799650001e-04
6.732241748992286515e-03,3.188312167485861446e-04
6.778514719961622678e-03,3.414757340543873084e-04
6.874390084297152780e-03,4.129399606957575089e-04
6.918392669804577025e-03,4.011813887344931832e-04
7.064376475136771756e-03,4.158320595835254363e-04
7.135923164022648507e-03,4.621717084063110327e-04
7.289074286954885622e-03,4.737127052524508879e-04
7.375462597276030881e-03,5.351456836031479383e-04
7.558390191758463175e-03,5.647739230442244641e-04
7.503998752298944933e-03,6.169026981897309751e-04
7.523201847127529776e-03,6.370406027427502008e-04
7.641115981640873162e-03,7.702110280923036862e-04
7.629778719385657201e-03,6.983405128964839496e-04
7.919384763494284954e-03,7.161841525587298897e-04
7.926393964991668498e-03,7.647434576613044901e-04
8.040708944052035040e-03,8.007829916915800827e-04
8.004297926675861541e-03,8.698375427998780024e-04
8.040420622824825947e-03,8.516404624657803769e-04
8.205183744817530142e-03,8.688554119991031026e-04
8.148005691516585144e-03,9.059098549200489143e-04
8.190824487682733801e-03,9.120585849428221401e-04
8.300608385017827634e-03,9.233272102921200259e-04
8.278376425708897438e-03,9.419151611437318050e-04
8.484813629400313889e-03,9.681875309259247711e-04
8.482550971142942264e-03,9.989452448511009809e-04
8.565233534982065813e-03,1.018007624257125402e-03
8.708818579752888173e-03,1.053444105518360277e-03
8.683005501914574722e-03,1.053123275448686206e-03
8.713552711725532085e-03,1.067430407775020853e-03
8.789170147568725264e-03,1.128747318305465793e-03
8.784900255947853190e-03,1.148508590054177084e-03
8.838169492976232638e-03,1.219456104648941478e-03
8.904141382197023127e-03,1.206522944227730312e-03
8.922745088485077927e-03,1.290677541029623286e-03
8.945085318031063479e-03,1.252805421923529382e-03
8.951923910602312823e-03,1.245824302349334564e-03
8.958784847829418668e-03,1.267328822021345164e-03
8.962264057086690577e-03,1.268653368863183716e-03
8.946780437557564497e-03,1.300203066551904171e-03
8.881084558605858645e-03,1.347537729767886525e-03
8.851653357487155455e-03,1.327885245837292149e-03
8.838820005127421761e-03,1.405083030447150556e-03
8.770014727660630990e-03,1.391245970054707940e-03
8.774747331649459040e-03,1.384087893787144981e-03
8.749281146374998305e-03,1.390887211428123429e-03
8.642380012263580630e-03,1.398703682979807747e-03
8.697153915867242291e-03,1.441843176830113864e-03
8.730140880759830468e-03,1.380121789335084920e-03
8.708295669758323032e-03,1.442708200534523894e-03
8.554902876849884014e-03,1.445396874367000945e-03
8.533702199716474909e-03,1.467156656062756697e-03
8.547587272597167649e-03,1.489612882803765821e-03
8.493312033592272450e-03,1.525192422772462088e-03
8.524401388706184454e-03,1.506661827531813108e-03
8.518939661903349517e-03,1.493738808938711903e-03
8.502797866593858611e-03,1.499741076064229099e-03
8.514338224257870721e-03,1.464748585118228266e-03
8.538040675975628116e-03,1.477880812540739112e-03
8.562117264982620213e-03,1.490430975129544656e-03
8.623227774145002245e-03,1.504064196822157366e-03
8.733444948211589037e-03,1.527898829263932886e-03
8.870320147240188038e-03,1.514787022775123011e-03
8.951961048787282840e-03,1.520055741386987800e-03
9.029574501269489739e-03,1.518244174709839885e-03
9.143344678201362555e-03,1.485414406683869095e-03
9.178603910409192934e-03,1.453873321166342276e-03
9.214247256849479248e-03,1.469601667928421623e-03
9.382966990838261662e-03,1.472921639781554640e-03
9.395902116912258767e-03,1.455164785012903533e-03
9.605438519147619855e-03,1.427261928211480315e-03
9.754101007516113864e-03,1.407294724606479325e-03
9.837356159819145990e-03,1.386530222341012105e-03
9.849734475317223695e-03,1.372150842006128598e-03
9.948916800264386365e-03,1.341811591487071824e-03
9.918154476875832432e-03,1.296926321384594830e-03
1.000164595240625280e-02,1.245982056047391416e-03
1.005159307678431084e-02,1.148656492815930278e-03
1.011939889259114850e-02,1.068705038249891407e-03
1.032276911047312271e-02,1.097372247449866908e-03
1.027936993819423758e-02,1.093382600511568154e-03
1.033817335106057382e-02,1.059870945262198676e-03
1.040058141272631569e-02,9.974737861795437976e-04
1.046429570240661050e-02,9.744406197817728071e-04
1.061418236834876620e-02,9.315763897407710551e-04
1.060802744457400859e-02,9.049342092183269414e-04
1.070660269631632661e-02,8.573559427380478574e-04
1.074468340241566296e-02,6.771313903700531016e-04
1.080492999552285643e-02,7.413549467440751217e-04
1.100607299106580450e-02,6.946925020334223299e-04
1.094352275587071391e-02,5.956117986035330348e-04
1.100419132106423246e-02,6.134660854978030761e-04
1.103523286925683217e-02,4.645727068056444047e-04
1.117355309626488595e-02,4.717437990661137864e-04
1.114069004338917243e-02,4.025916791922078413e-04
1.135167554811331199e-02,4.048106196653801199e-04
1.139025883693766360e-02,3.556020095721927577e-04
1.154069527439425744e-02,3.333667623587031090e-04
1.153915315682857434e-02,2.867169405711796006e-04
1.166384480634116184e-02,2.367948582856595002e-04
1.171912029188016194e-02,2.456840258277304991e-04
1.175133601520498422e-02,2.142648950618450420e-04
1.177909216297397602e-02,1.418997129411767619e-04
1.185614022455764964e-02,1.491255635301543230e-04
1.184564055002359020e-02,1.217791838650366407e-04
1.189961358858709038e-02,1.161946581161267322e-04
1.203562393936330119e-02,1.351227780394249043e-04
1.203842280073282728e-02,1.222662485403131925e-04
1.213121176608716358e-02,1.450525287249259353e-04
1.223841823156649258e-02,2.062215771931799190e-04
1.227539121413696345e-02,2.163976305730420870e-04
1.225835549305471714e-02,2.497614842910875210e-04
1.228049886210328019e-02,2.241074940444613478e-04
1.234303620800699351e-02,2.228424271541314615e-04
1.244835614138092850e-02,2.394689238510155232e-04
1.245848916827807171e-02,2.086882113462691310e-04
1.253981946357411552e-02,1.515021788445495492e-04
1.257387753769872475e-02,1.199456455776904854e-04
1.270396347281027918e-02,1.212187530843185422e-04
1.266968852222895812e-02,1.184140661029562335e-04
1.270848244788052098e-02,1.205155759218822404e-04
1.279687392770551511e-02,1.888535005197353341e-04
1.280192886534640972e-02,2.494721792822341723e-04
1.286576451411572397e-02,2.984655356139054240e-04
1.294982013172966441e-02,3.691936456955044162e-04
1.296662763855184128e-02,4.168047548646757611e-04
1.300403489636942599e-02,4.325353592837881639e-04
1.314538753103247637e-02,4.710619260989061616e-04
1.308445328176901200e-02,5.039001706423543560e-04
1.308176738555251288e-02,5.457679105814596887e-04
1.313617988317859232e-02,5.848359035560388207e-04
1.317665542341910599e-02,6.114299678074516147e-04
1.322254471855192036e-02,6.486318635630594848e-04
1.323663735048946459e-02,6.436352277805035922e-04
1.326297083862293738e-02,6.485200308018045524e-04
1.329793259308688011e-02,6.555974232843106561e-04
1.336017989571977073e-02,6.925299509134416262e-04
1.336845957745758963e-02,6.295225743675486206e-04
1.344083098781276644e-02,6.438594719887357366e-04
1.345401586024694632e-02,6.748655735732261027e-04
1.349387597467220992e-02,5.701419862023613403e-04
1.354077712085641205e-02,3.454950415165246726e-04
1.356514764370934586e-02,3.093733389074367762e-04
1.351851759482776416e-02,2.796118110014936937e-04
1.353838428791559641e-02,1.960542000316111517e-04
1.356631654036658322e-02,1.903696290514971369e-04
1.358400161062504538e-02,1.617960741220520230e-04
1.357186584900094660e-02,1.609620289971606380e-04
1.356702892381159500e-02,1.443755077390927396e-04
1.357678988301115261e-02,1.651208516873195107e-04
1.357438307746865538e-02,1.646354487996176392e-04
1.357791139185931042e-02,1.361306780350499395e-04
1.358348541336260734e-02,1.584974083218511679e-04
1.358133861623366662e-02,1.601631407272017876e-04
1.358155332211219597e-02,1.621895935461775955e-04
1.358268240685528774e-02,1.615457553435428392e-04
1.358400468875908124e-02,1.688374549790979859e-04
1.358820810896843589e-02,1.565272990141875159e-04
1.358990920454953601e-02,1.713625781088492204e-04
1.361965840217410802e-02,1.712051804411331027e-04
1.361447281780269435e-02,1.793945776571394181e-04
1.361600206270995039e-02,1.756856678726925573e-04
1.362241505809804257e-02,1.799843172089859696e-04
1.362321893041297527e-02,1.841346821132454402e-04
1.362398841175294258e-02,1.816125389562969587e-04
1.362698618837275902e-02,1.808023906821601878e-04
1.362922916724483048e-02,1.916456323992774208e-04
1.363794667195548233e-02,1.807348976600577984e-04
1.367363224429736512e-02,1.748858931700023446e-04
1.376804682796349544e-02,1.753922334526165222e-04
1.387163357973279429e-02,1.705379489303215381e-04
1.408120405406280973e-02,1.636373121776378580e-04
1.420172216614115114e-02,1.545294562892247578e-04
1.419675837416344184e-02,1.351512066062203802e-04
1.433436520894200254e-02,1.282429802086700195e-04
1.439189573143996245e-02,1.194495894671720017e-04
1.447627863946646110e-02,1.223057132503351657e-04
1.456375260110362793e-02,1.188367673122931161e-04
1.488621024641380991e-02,1.205161532512259552e-04
1.485365683370369096e-02,1.199139397939253001e-04
1.488210757964992213e-02,1.253749635745105831e-04
1.496249988439571528e-02,1.635203571604126882e-04
1.502441118434275601e-02,1.467446463476414816e-04
1.527355525287048266e-02,1.600923136767803761e-04
1.521644354501300138e-02,1.971017623659441457e-04
1.529232926747340314e-02,1.872966093837307767e-04
1.544699379751915055e-02,2.521240363523345003e-04
1.545956745082762221e-02,2.431669926765038590e-04
1.564551667322406497e-02,2.471402164210071144e-04
1.571286015158878183e-02,2.564662744894107547e-04
1.605774757425924848e-02,2.825391976649581317e-04
1.606366242640700631e-02,3.171588597654837979e-04
1.627385164577877311e-02,3.586511541813752735e-04
1.631133782391925441e-02,4.365290278028361045e-04
1.631325014088341741e-02,4.001081712709403946e-04
1.650770402924896588e-02,3.652077252336246075e-04
1.653899865493797805e-02,3.857882568911614194e-04
1.662552282785916338e-02,3.909634500965515863e-04
1.667954708547226411e-02,3.889692723166787236e-04
1.698565652517696964e-02,3.823983205907174865e-04
1.693931991426479711e-02,3.905121612518126610e-04
1.699609894214728495e-02,3.932855476542906231e-04
1.710399656056079548e-02,3.933224907634097684e-04
1.714806432060876976e-02,3.946519161131148792e-04
1.737586156103533910e-02,3.926409064471734329e-04
1.747398628874836587e-02,3.898486543870323395e-04
1.767444737987356948e-02,3.819516019208752874e-04
1.807190841795955003e-02,3.594336213242793382e-04
1.804995395812254710e-02,3.303151217169276316e-04
1.821852838832097032e-02,2.665610600022652122e-04
1.836756038163154039e-02,2.035795835253393867e-04
1.862058034033206924e-02,1.367398796750711281e-04
1.872839984706428998e-02,1.267466120843094887e-04
1.902560282430958843e-02,1.168906155781851875e-04
1.906968865715358286e-02,1.205298350126185903e-04
1.914386473253533796e-02,1.235586419244012876e-04
1.935656077194498892e-02,1.303403950161179082e-04
1.936958368416670864e-02,1.305811044350419696e-04
1.934595526810673968e-02,1.320443721713408358e-04
1.940339637667211001e-02,1.282832117572569707e-04
1.944372576232023669e-02,1.464144680747414941e-04
1.948903768109304033e-02,1.247736602774476324e-04
1.953153475863757260e-02,1.207561027095596824e-04
1.955928042112307919e-02,1.176093780054842866e-04
1.972074469160103177e-02,1.204913370799849323e-04
1.968410533743174262e-02,1.296583866539746232e-04
1.968304319637224215e-02,1.311106809373743408e-04
1.970922959689223875e-02,1.388155592387225557e-04
1.971333064828105844e-02,1.540105886201776351e-04
1.971051126643437110e-02,1.650143182923000443e-04
1.971866072896323596e-02,1.859883912730683026e-04
1.973034874412575926e-02,2.092450592207967437e-04
1.973717296683679887e-02,2.602956940518971318e-04
1.973586738583124264e-02,3.209589717687219004e-04
1.972636421281486960e-02,3.252709985504676350e-04
1.969483386043630394e-02,2.809432732285827407e-04
1.967110627799696296e-02,2.864355251251828982e-04
1.966498400492163248e-02,2.874147913881651742e-04
1.966123451910604253e-02,2.645067000023370923e-04
1.968879447607367605e-02,2.335678086091601345e-04
1.968823289802211496e-02,2.104980863577644889e-04
1.971208381690434802e-02,1.808125039912171440e-04
1.980503843903316102e-02,1.699078255614009639e-04
1.984549510682954987e-02,1.588171188502448931e-04
1.988489088727145998e-02,1.590067150538546710e-04
1.987384050556224510e-02,1.548946530140706717e-04
1.984832736420335739e-02,1.692394262113926327e-04
1.977877227443426353e-02,1.930781006032921733e-04
1.972417665315311791e-02,2.423046929279044437e-04
1.969121652570261435e-02,2.728408841333867792e-04
1.968466390717424699e-02,3.188174253904493675e-04
1.966210627030924585e-02,4.704552868185064938e-04
1.964548770677997103e-02,4.163060395670585816e-04
1.964406231110378542e-02,4.106340802079627207e-04
1.963575840174158413e-02,4.596991047017739344e-04
1.959517568369428808e-02,5.077116418644744313e-04
1.955933360110612140e-02,5.675779239852693633e-04
1.955514439237004964e-02,6.179367904574976618e-04
1.962676443429854992e-02,6.435323323235297424e-04
1.961415932427622646e-02,7.199213013644458706e-04
1.962029649670470055e-02,7.249765346151691974e-04
1.961925538468929295e-02,7.260595092660784540e-04
1.960152991921443669e-02,7.995525493236030215e-04
1.955988655360212450e-02,8.346000126307411915e-04
1.952743917466404425e-02,7.930864340266786678e-04
1.952647495781479822e-02,8.171424822529551029e-04
1.950827146184293953e-02,8.361240604360337201e-04
1.949035130218922107e-02,8.275940735342324868e-04
1.946527103736055489e-02,8.159256001046075049e-04
1.948138255466275170e-02,7.788501561889682109e-04
1.949310411096082107e-02,7.421967736343335498e-04
1.947973785946127689e-02,7.282177077486466600e-04
1.946844090555740689e-02,6.875822935607035823e-04
1.947585526936431929e-02,6.320990519178567397e-04
1.946985163059488169e-02,6.196303402676027515e-04
1.946959493473439731e-02,5.574276078670794676e-04
1.946591925709323379e-02,4.073375214017591907e-04
1.946357405541893765e-02,4.150068466846611745e-04
1.944779028761379688e-02,3.525040980938449618e-04
1.945332300598217115e-02,1.691296956972027131e-04
1.945733697708323939e-02,1.692225741082897307e-04
1.946502807816782171e-02,1.144057267725391770e-04
1.947025811061668318e-02,1.355486333267395870e-04
1.946471258967365919e-02,4.561153584974602803e-04
1.944291007976992752e-02,4.507203472331065743e-04
1.943516681073779312e-02,6.186644897179317858e-04
1.940043045956760248e-02,7.717591868789021184e-04
1.938093626953877810e-02,8.220586072326892301e-04
1.937704292683547699e-02,9.890958826259128433e-04
1.934524331372506831e-02,1.044061494255812484e-03
1.935585838299684960e-02,1.074557394187703602e-03
1.934213998942199697e-02,1.199726952363539944e-03
1.933132592614768969e-02,1.259890229826560182e-03
1.928829932788348953e-02,1.348290939115024496e-03
1.927327398604824008e-02,1.447072271032078276e-03
1.927237538344217863e-02,1.660014505394630680e-03
1.924866632679975847e-02,1.652716725885182512e-03
1.921062858403102883e-02,1.685559556215549632e-03
1.915625302273791380e-02,1.746521900948923333e-03
1.906524419628920219e-02,1.744685220333451730e-03
1.904618419639519250e-02,1.613443419149179769e-03
1.894523727516695885e-02,1.500564962763993333e-03
1.894447387272673797e-02,1.399949682521306341e-03
1.895961269315257075e-02,1.332441051647946734e-03
1.891415989541145315e-02,1.279497206944965604e-03
1.876719860755813457e-02,1.247247767103311150e-03
1.882428752004882896e-02,1.179276037477562005e-03
1.879690436999533615e-02,1.175405075304310556e-03
1.874967229979543001e-02,1.147834812415730312e-03
1.874451254315622969e-02,1.134468040869013924e-03
1.871585565259056491e-02,1.116547770785196155e-03
1.870007145666752538e-02,1.123420799088372269e-03
1.868709980846473828e-02,1.123146647368237355e-03
1.866564762109756623e-02,1.171215685461524754e-03
1.861241753646477107e-02,1.328044089478179002e-03
1.852461544845962829e-02,1.485056934218486864e-03
1.847868877326693318e-02,1.584026825891357137e-03
1.838019023654097889e-02,1.619784242465013326e-03
1.839143776383571002e-02,1.736621354179929350e-03
1.837082026220212758e-02,1.760016554174603657e-03
1.828339604186982048e-02,1.800489860397834095e-03
1.830930246401595712e-02,1.842059015409021989e-03
1.832199920712552707e-02,1.884680850266460227e-03
1.829317098137398998e-02,1.931182467906318112e-03
1.826188582200810248e-02,1.959789162064465989e-03
1.824432695798071380e-02,1.971126730910781680e-03
1.821021072434830454e-02,2.007836091377222017e-03
1.822883209172278599e-02,1.988261391619382170e-03
1.821898552538307736e-02,2.000070318936523085e-03
1.817957875877587379e-02,2.042486055592884070e-03
1.819252811365149047e-02,2.067321263425942520e-03
1.818411325904467982e-02,2.140064255627998051e-03
1.815986222041027567e-02,2.185815556034474780e-03
1.813136058429585043e-02,2.442430330888709870e-03
1.802294444116293512e-02,2.413669769969145097e-03
1.799350761552953593e-02,2.541628674457009109e-03
1.793034805576633473e-02,2.581621443916119665e-03
1.785681858336437763e-02,2.636738559042481594e-03
1.787243598956770804e-02,2.711464217857433284e-03
1.784675482433769819e-02,2.679054402530640921e-03
1.776298574474844544e-02,2.730683928331545125e-03
1.771498983545376563e-02,2.855182551200747751e-03
1.747531009851758382e-02,2.697413742422139458e-03
1.748460992010556284e-02,2.699228561219024509e-03
1.748253903873507945e-02,2.774696291941224340e-03
1.741870665973980700e-02,2.645011622309441889e-03
1.734922177146711389e-02,2.607864042673808166e-03
1.732639777907500622e-02,2.506058578753220505e-03
1.730302372316035175e-02,2.506102436284890229e-03
1.731190070390299304e-02,2.423707086157483696e-03
1.730970711222477865e-02,2.170786797499625869e-03
1.733361765802050175e-02,2.108791138101939657e-03
1.737884327431248738e-02,2.123152553559603650e-03
1.741846142754005164e-02,1.989198158184719845e-03
1.746786941034506047e-02,1.759649736320238788e-03
1.754686908586613331e-02,1.818781986188270153e-03
1.765567458738365875e-02,1.717645038437916544e-03
1.767879604216287051e-02,1.426129148504374534e-03
1.768322143864958784e-02,1.461786815633237674e-03
1.766052248951624840e-02,1.340058788756612633e-03
1.765559537182777999e-02,1.309591587704584358e-03
1.763707381360714657e-02,1.108820605536455558e-03
1.760369151217236472e-02,1.155053748525115874e-03
1.753925814655114476e-02,1.062237634580644706e-03
1.754707012026165622e-02,1.009128624701927318e-03
1.747403489614161864e-02,9.681912718379199860e-04
1.749257418256360344e-02,8.716718793756356469e-04
1.749184199564852299e-02,7.946667244224780297e-04
1.742077342108841465e-02,8.308185276025645966e-04
1.736692259975220268e-02,7.392556063632084191e-04
1.726329055213751684e-02,6.607947920293744072e-04
1.720821146591342693e-02,5.705634983965230051e-04
1.712669447367037162e-02,5.079544812430152956e-04
1.705043783894315268e-02,4.439921633872908257e-04
1.703952317604023534e-02,3.640984123661548770e-04
1.694906605636607028e-02,2.178386449069161289e-04
1.685370757641433195e-02,1.805235626883295035e-04
1.681143974816613068e-02,1.346775818015830779e-04
1.669151787045998828e-02,1.605860540233426811e-04
1.661190712483782625e-02,1.262177320076172558e-04
1.664024206651050844e-02,1.095732429167933997e-04
1.650446441818300553e-02,1.545955710463048263e-04
1.650938494451275121e-02,1.558263590183549166e-04
1.644807579666276304e-02,2.117965519477643655e-04
1.640627381986831460e-02,2.946549475771722063e-04
1.625382472365424769e-02,3.145134819731744131e-04
1.631731842885062941e-02,3.821244081259279261e-04
1.628260441661878027e-02,4.217845357097374471e-04
1.615888345857231789e-02,5.776139229983246219e-04
1.619918529068056084e-02,5.187607764291367503e-04
1.622025562132674292e-02,5.738294762902025744e-04
1.618453091307481273e-02,6.089432189427019951e-04
1.610231988547202939e-02,6.535740294852408283e-04
1.614993352969799206e-02,7.345346711136985880e-04
1.618906430537885716e-02,8.701863477889218001e-04
1.619882700844169771e-02,1.012981501355587075e-03
1.624449827986766681e-02,1.154608449259911717e-03
1.624204104163389992e-02,1.024406193018745142e-03
1.623728529334057813e-02,1.061939810147072066e-03
1.621784593388518950e-02,1.092161927178955921e-03
1.618052499470131605e-02,1.120240330987789254e-03
1.605075219346330587e-02,1.209483188958216391e-03
1.582516188906023594e-02,1.191356554120369783e-03
1.570394066078510675e-02,1.346288557721639660e-03
1.561145646501951520e-02,1.436940827194701457e-03
1.539129069357018584e-02,1.457823169858773766e-03
1.536394726165917976e-02,1.562259451652867753e-03
1.535585544540010207e-02,1.618628566945748372e-03
1.518281295027240282e-02,1.608648453973317337e-03
1.498291921020228346e-02,1.708193381608290535e-03
1.503639281088465368e-02,1.775282805012111213e-03
1.489038704417586755e-02,2.148762586278020730e-03
1.475269416123302715e-02,2.168892292908655619e-03
1.482686516980784644e-02,2.092133028034122259e-03
1.475048422479309507e-02,2.039273983679314086e-03
1.459973018500694900e-02,2.009966579655411093e-03
1.456982941106220626e-02,1.927576989306073983e-03
1.439085980842307738e-02,1.919426237936736621e-03
1.445436079115394387e-02,1.987979865644259360e-03
1.443562977017171650e-02,2.011375755236748282e-03
1.436749835464513382e-02,2.042876812235829703e-03
1.436985511119774628e-02,2.081157782665309011e-03
1.433191565634754985e-02,2.080126892513388566e-03
1.427669010033964792e-02,2.050749325076008361e-03
1.424459865929086737e-02,2.060298989111660102e-03
1.420081695602296371e-02,2.071399253702705355e-03
1.407825636026685708e-02,2.072015914055904719e-03
1.404484532986444503e-02,2.073748723747218664e-03
1.391624762198647586e-02,2.075677352580602899e-03
1.379217031924672397e-02,2.075046203290156072e-03
1.381598055182078032e-02,2.074624463928950984e-03
1.376264081573329474e-02,2.073081968947266662e-03
1.360321911884882287e-02,2.071333358010733327e-03
1.334761868877722135e-02,2.069202589749160118e-03
1.323647614298792061e-02,2.064453816248617690e-03
1.307557755337274488e-02,2.002538634032438852e-03
1.289050085715613345e-02,2.002022575501704021e-03
1.288584573372849457e-02,1.865518287463543675e-03
1.284467775658316470e-02,1.923076951831666128e-03
1.270373372554615445e-02,1.853612522242489629e-03
1.261964648946643092e-02,1.799154365111040651e-03
1.255949493807126047e-02,1.806641282920773287e-03
1.238850620275430865e-02,1.780818786268444217e-03
1.241543374927459031e-02,1.743566765956752664e-03
1.236531999965835744e-02,1.627328495820594368e-03
1.218576489269434723e-02,1.658597231055243667e-03
1.218832285253414714e-02,1.658717314366507309e-03
1.195643548312604922e-02,1.677628995438844653e-03
1.205244105579657103e-02,1.662516613004756932e-03
1.194941124840473608e-02,1.593691586884587313e-03
1.185566204180978946e-02,1.602346952424290845e-03
1.185239969892315677e-02,1.588549349179175455e-03
1.185914135326046094e-02,1.553239149182169100e-03
1.181127167499296422e-02,1.558130776497974011e-03
1.189019630519791600e-02,1.537531260827655231e-03
1.188205862565694382e-02,1.485037339320965022e-03
1.188471727764726232e-02,1.497708381800078904e-03
1.190659308831564997e-02,1.483922168537441747e-03
1.191603238935000017e-02,1.473662792673918840e-03
1.191891633437244281e-02,1.459566106045625221e-03
1.191232059107852348e-02,1.426462025557321319e-03
1.188054884950379489e-02,1.429275466026645042e-03
1.181520506641644402e-02,1.401296809257218104e-03
1.169717297832728771e-02,1.390920747028090562e-03
1.155778252939656733e-02,1.349210161357783464e-03
1.140154177134852787e-02,1.354408515639971564e-03
1.136135646427301714e-02,1.318632380880969479e-03
1.134607487569033214e-02,1.306938376360955965e-03
1.130654311315604579e-02,1.274343357561118131e-03
1.130776806540615374e-02,1.286619686940044041e-03
1.130493937373601952e-02,1.274948976111476727e-03
1.130385892113810672e-02,1.260196775118126037e-03
1.128803436514317325e-02,1.232917323155673052e-03
1.128758907745529283e-02,1.229487978010758778e-03
1.123271206127798676e-02,1.262493358257012113e-03
1.123151875948621460e-02,1.255275524437705860e-03
1.120357069823873369e-02,1.256355971303301476e-03
1.116889877029904853e-02,1.274306852673381561e-03
1.109481622099960270e-02,1.300609810725905343e-03
1.111651931876959411e-02,1.348780841084168836e-03
1.109987806244078744e-02,1.358012164632677737e-03
1.101808810957422176e-02,1.400399769151714413e-03
1.102576641719742179e-02,1.425491603552826074e-03
1.099948288224033774e-02,1.430689039553857114e-03
1.095286771419506748e-02,1.458051533571969515e-03
1.094559246995917105e-02,1.459614192554391622e-03
1.093736513617103202e-02,1.483406030030669839e-03
1.093260915890897737e-02,1.503790006476113340e-03
1.092093817587126182e-02,1.536715913059205196e-03
1.089826211031525750e-02,1.573086068587261103e-03
1.080412315771559981e-02,1.586951307718291243e-03
1.083941801359351170e-02,1.604273368919901382e-03
1.086262699994241208e-02,1.610099152511573718e-03
1.085250731309849587e-02,1.620656069050411706e-03
1.085500138991510148e-02,1.635008887936177571e-03
1.091528070837815591e-02,1.665326698833927100e-03
1.092284361422074697e-02,1.718925465239043958e-03
1.091018712780389942e-02,1.813605922239921618e-03
1.094444780471632260e-02,1.966634342491782855e-03
1.100509785499942904e-02,2.253886386335334901e-03
1.105201905597883241e-02,2.426758236955867468e-03
1.122471290984406421e-02,2.594439372065869033e-03
1.165044270013658456e-02,2.629850501409704971e-03
1.199389765548648269e-02,2.576954398289657989e-03
1.201466565198726355e-02,2.608684312295311575e-03
1.178568416692327842e-02,2.634055010750029069e-03
1.188037243889163500e-02,2.443100934517034202e-03
1.188266311207099649e-02,2.383855804775900263e-03
1.190153673825055346e-02,2.472119505072836905e-03
1.189426153237996969e-02,2.451832210669013194e-03
1.202558854376030786e-02,2.467165756320212084e-03
1.231643390763432870e-02,2.452288367795768184e-03
1.260805582403853355e-02,2.446403937885516418e-03
1.270768846961587047e-02,2.443210333714616184e-03
1.283650718343586419e-02,2.446353056208082095e-03
1.279264464968903059e-02,2.434543146860376241e-03
1.292909998719982481e-02,2.451011894025499366e-03
1.292559534425623963e-02,2.467546708181606388e-03
1.298316410623203548e-02,2.507106129689604373e-03
1.311362902230580121e-02,2.520382441195773322e-03
1.310730468952867565e-02,2.543538025587382609e-03
1.312220977663520506e-02,2.562416887906061261e-03
1.317875601524330642e-02,2.588671395083087193e-03
1.324502064813508698e-02,2.595091463173844221e-03
1.327681954863700955e-02,2.597283244105274332e-03
1.333040221058216443e-02,2.596577200583201610e-03
1.338127962683833064e-02,2.595333039344928806e-03
1.338408644531689437e-02,2.596043589053730408e-03
1.330872280181596978e-02,2.599010368805855769e-03
1.344257487049619997e-02,2.605492717547618162e-03
1.335851173903858900e-02,2.619339733511413977e-03
1.339323775244732027e-02,2.648537329838395599e-03
1.357626211915332302e-02,2.729737223789970371e-03
1.362401049087451528e-02,2.806902236246527991e-03
1.378113413795471927e-02,2.945625435845244770e-03
1.414441220139623159e-02,2.988277314614041537e-03
1.448116496312714177e-02,2.928228213750051680e-03
1.437635054634972716e-02,2.966124835941772071e-03
1.482049278729912802e-02,2.939890626928399076e-03
1.481610585634401261e-02,3.045240066886029974e-03
1.504207222691845806e-02,3.084727547031896125e-03
1.531622720260068966e-02,3.085108985081113069e-03
1.539778751684587645e-02,3.122215802233982169e-03
1.545789595696588255e-02,3.188323193456697562e-03
1.575890089556297030e-02,3.250563848462979279e-03
1.608793005223282599e-02,3.282561987488549077e-03
1.616054522877640592e-02,3.334491657129204107e-03
1.634480587639445051e-02,3.416756254175349998e-03
1.643354426991310013e-02,3.435928372600411014e-03
1.692657074701440015e-02,3.494539071547609482e-03
1.685026017549861449e-02,3.548623391646663332e-03
1.690091318651464752e-02,3.569313729382073575e-03
1.731342236658750880e-02,3.629297601306178539e-03
1.716214672092648483e-02,3.486912386681870115e-03
1.725556419026777130e-02,3.509409928198821416e-03
1.763629551236337370e-02,3.526593867118043343e-03
1.752913492218384148e-02,3.602812510160798096e-03
1.801621312307603862e-02,3.671098862270392484e-03
1.798951340032522647e-02,3.672541015849946876e-03
1.803730437053847543e-02,3.810528985207035837e-03
1.841894541012658107e-02,3.781078956764025428e-03
1.839679489291625239e-02,3.743255594693001894e-03
1.843181618657408968e-02,3.807390903808774256e-03
1.857438656332749058e-02,3.926048383184939199e-03
1.857770216395444873e-02,4.002346891610998950e-03
1.864747963046079968e-02,4.073686082767580957e-03
1.870653347460993210e-02,4.140364445202649596e-03
1.875381437824314226e-02,4.119472711065138085e-03
1.886786974568192138e-02,4.169767259148993502e-03
1.883076126959725219e-02,4.138022589288818144e-03
1.889445143830571078e-02,4.157597015786021651e-03
1.886804237623792430e-02,4.171837515874560372e-03
1.882410457629344475e-02,4.176396275844876209e-03
1.863872305972775686e-02,4.145040867645478043e-03
1.875720346463766869e-02,4.193575154653570933e-03
1.874662091035142128e-02,4.190324824059032428e-03
1.857044313187802484e-02,4.189695553365740607e-03
1.867461685086776665e-02,4.245830630166281053e-03
1.846060105446206689e-02,4.272035756165071946e-03
1.865894310232609279e-02,4.257436811801439298e-03
1.865318118991216023e-02,4.282374156954659589e-03
1.870996132453506960e-02,4.295228225643668574e-03
1.869846619309276092e-02,4.306827503477661523e-03
1.882303865960686245e-02,4.334537496708183550e-03
1.900043628533916451e-02,4.357730855359559854e-03
1.934067910256594483e-02,4.382212642044448769e-03
1.938453977795384989e-02,4.402886586473278747e-03
1.942243734404518543e-02,4.450097929485214571e-03
1.969577881551433374e-02,4.449049538489498710e-03
1.966472052204840462e-02,4.466523390145963300e-03
1.977915931720668555e-02,4.488199031779557292e-03
1.979967569213373843e-02,4.548008881119914963e-03
1.981732083517093526e-02,4.557228684529719340e-03
1.985076608491376932e-02,4.576443310660021496e-03
1.986294434907629608e-02,4.645132103653939332e-03
1.965689684829725198e-02,4.661999599860131190e-03
1.961321005420299177e-02,4.782643010438798747e-03
1.955085240783441952e-02,4.978245394064652503e-03
1.948866593085513826e-02,5.033620081178531713e-03
1.923408861470181017e-02,5.119283198871272395e-03
1.923064272806017730e-02,5.267540980202583406e-03
1.925081749930023997e-02,5.214797329697221963e-03
1.920636939769787208e-02,5.254456929226723576e-03
1.913128221089841971e-02,5.284466526531327903e-03
1.906440259153597758e-02,5.289966332831986910e-03
1.897632471790260816e-02,5.305122422184823348e-03
1.885239977010991566e-02,5.320759688154765368e-03
1.885409503585511182e-02,5.324478885322512893e-03
1.882276120578767892e-02,5.340481111228582121e-03
1.881762148200694790e-02,5.287575365832191017e-03
1.885286233649888232e-02,5.227756756844964374e-03
1.884777043024853799e-02,5.212603086521308896e-03
1.889906280449575593e-02,5.164561936885976590e-03
1.884657830065363665e-02,5.222947008094881889e-03
1.857832730948302466e-02,5.208411153039745403e-03
1.869743925178125529e-02,5.182114468578844814e-03
1.875123129585682877e-02,5.187345463067760676e-03
1.868440250156358506e-02,5.198901350167091200e-03
1.862374136320907314e-02,5.188538578077551457e-03
1.857123462180214346e-02,5.195858348331612066e-03
1.854513612733971889e-02,5.201994531887254442e-03
1.832999483082151451e-02,5.202248847471720866e-03
1.816891056977246177e-02,5.198220503273082854e-03
1.814832495243867694e-02,5.186328921180633107e-03
1.805371276356428425e-02,5.157922701941075258e-03
1.776988577890894344e-02,5.112354193582229617e-03
1.779145234316341362e-02,5.060457353233777274e-03
1.775737505296886773e-02,5.033401692175309104e-03
1.770710569685899488e-02,5.022414516693636879e-03
1.759044160769167656e-02,4.988657947285471059e-03
1.754096785508593020e-02,4.947987290209792006e-03
1.748478469083105877e-02,4.923426443414446498e-03
1.756854039662076455e-02,4.906760141855248496e-03
1.743997826124226574e-02,4.856770383453189177e-03
1.739028088230349517e-02,4.871715646044091040e-03
1.746477925844016135e-02,4.872670973242176906e-03
1.742988097681852366e-02,4.833537373297659007e-03
1.739182053217033438e-02,4.817581883880625408e-03
1.740351916148445699e-02,4.773930178777566549e-03
1.744429139128701386e-02,4.663588921568677034e-03
1.748089959911596977e-02,4.628749277816258424e-03
1.751995865131966007e-02,4.561602577638709972e-03
1.759234515113416650e-02,4.456058139351677487e-03
1.760517737331543375e-02,4.448871427128164510e-03
1.769959870338598529e-02,4.350571775203189093e-03
1.773309336757267901e-02,4.072695455700896597e-03
1.787925689258570983e-02,4.121155686528936608e-03
1.780821748624888262e-02,4.012015002833627282e-03
1.781183719708279156e-02,3.977805190962660671e-03
1.789757812712043997e-02,3.935361217008910041e-03
1.795408038766373518e-02,3.889518481552210229e-03
1.809677175075350211e-02,3.735917415533781920e-03
1.807903294149876619e-02,3.787335679579136201e-03
1.814580198521530130e-02,3.671721679809159672e-03
1.833123246008538931e-02,3.577204946216333645e-03
1.824687316520495761e-02,3.544535922027676131e-03
1.828351210565071217e-02,3.495241062684156970e-03
1.840115414311783992e-02,3.305613200481933786e-03
1.837977372765164236e-02,3.359566991904669106e-03
1.842472100062591406e-02,3.278961280299276353e-03
1.855981449454875351e-02,3.217246469787350509e-03
1.855865137903860845e-02,3.131001604342116724e-03
1.861983975261108024e-02,3.172623922932587409e-03
1.871820786309865217e-02,3.126898382484896537e-03
1.872489854500187026e-02,3.087303956273343072e-03
1.879685597648755868e-02,3.050891923186183335e-03
1.884390140663813953e-02,3.019676619882345325e-03
1.882765416135466843e-02,2.975260642695485777e-03
1.886056828267851024e-02,2.890256095741190051e-03
1.891432221617125528e-02,2.839543009225757239e-03
1.885663074367516928e-02,2.819443681470168959e-03
1.888703513242401960e-02,2.777152731097679537e-03
1.891770196023830411e-02,2.644767562825882379e-03
1.893163584037750591e-02,2.712982604862581963e-03
1.892096289442764603e-02,2.703682234902559430e-03
1.893419429138168755e-02,2.659224875581733382e-03
1.895519167572189828e-02,2.589804286478032506e-03
1.897749022380952610e-02,2.585819703049929957e-03
1.896773690736226758e-02,2.534244943854197657e-03
1.897318554868707846e-02,2.474752399750001532e-03
1.898463132163052264e-02,2.409601727476093184e-03
1.898900842750774615e-02,2.500963318713501481e-03
1.901503002276564228e-02,2.526344073798425516e-03
1.904411998390082711e-02,2.534639197079955643e-03
1.906095870468806075e-02,2.597105252622544137e-03
1.905229659021659416e-02,2.667793848376301402e-03
1.898343843401435402e-02,2.651179886428376049e-03
1.896372255138251139e-02,2.678004780210566180e-03
1.895023235786766347e-02,2.609743852457881499e-03
1.896379126715558999e-02,2.643040070974397512e-03
1.893078871543555503e-02,2.687944276274977558e-03
1.891392524156666755e-02,2.735983942678437905e-03
1.891267492899044791e-02,2.777559768688818952e-03
1.890546157626851048e-02,2.793600889387900816e-03
1.888359180740807955e-02,2.856318141732731939e-03
1.891056342425816508e-02,2.852937676522275534e-03
1.889665122030377564e-02,2.907237681164328950e-03
1.889108843947094954e-02,2.902534876491675263e-03
1.888235806797088079e-02,2.930607780667828562e-03
1.886505508821239088e-02,2.984533079337363653e-03
1.886861342758507781e-02,3.008786989475398157e-03
1.887261751694992856e-02,2.984057557258342798e-03
1.886212223092990220e-02,2.986036325272642660e-03
1.887641112193141901e-02,3.004215106295270513e-03
1.886466162339591607e-02,3.015008499402961704e-03
1.885079637919202106e-02,3.027068645237255499e-03
1.884822527362682229e-02,3.029275582409592452e-03
1.883267022820922509e-02,3.048912427213404819e-03
1.884480402272918631e-02,3.046882842259456946e-03
1.884252353086001905e-02,3.055339053400605350e-03
1.884096396267025825e-02,3.059521247300953529e-03
1.882066988682993408e-02,3.063031153709338573e-03
1.882577213807741859e-02,3.066462217388702359e-03
1.881795991440072743e-02,3.067286269152241958e-03
1.881624247753971996e-02,3.069226536914458625e-03
1.881216436548779902e-02,3.070438500592439883e-03
1.882714457350573301e-02,3.072897219415332039e-03
1.884680682118502343e-02,3.078269717161489279e-03
1.887257600425300622e-02,3.088088740748654807e-03
1.892192591576017519e-02,3.104739824820753821e-03
1.904288507860695673e-02,3.120271380511353745e-03
1.911685495340243249e-02,3.125890891916648703e-03
1.910282760083177600e-02,3.123580073214990861e-03
1.913840315965682770e-02,3.123012870527697334e-03
1.927276902366970024e-02,3.121598151425295214e-03
1.939500136849405670e-02,3.119733723658981231e-03
1.939062372993776220e-02,3.117158132305182950e-03
1.944448821828049373e-02,3.105130287003804185e-03
1.956727740878507968e-02,3.058832327211488417e-03
1.954602958961148065e-02,3.055842601508488871e-03
1.968896772726504152e-02,3.031700601161687724e-03
1.964586216131634921e-02,3.024674134082103692e-03
1.971820041581301072e-02,3.012450064001831462e-03
1.975002318094582973e-02,3.008017517346165456e-03
1.979266974938542756e-02,3.005825004160347143e-03
1.981446637093275606e-02,3.005555604687664990e-03
1.983411417337148028e-02,3.005296827834113942e-03
1.990763047162371138e-02,3.004971753364912932e-03
1.988984707500679114e-02,3.000129236477851440e-03
1.995801479569094677e-02,2.992914508181645367e-03
2.002623484742433596e-02,2.946430391033323225e-03
2.005054719168784458e-02,2.927876765878281631e-03
2.012667099413812874e-02,2.853780156584902368e-03
2.019125483528894094e-02,2.769606627392738867e-03
2.019946424704691448e-02,2.332734633595311569e-03
2.025578629185353224e-02,2.246506602209649445e-03
2.027140749958092000e-02,2.177212193775288768e-03
2.027505479108845238e-02,2.086127624181068497e-03
2.031732482788218760e-02,1.985503287614723712e-03
2.040427436983630743e-02,1.922201529031729132e-03
2.047737417137644386e-02,1.961914980902069571e-03
2.044262232860166381e-02,2.086896478824967933e-03
2.046338744271442717e-02,1.922700756305626259e-03
2.051352135402270682e-02,1.923308553499078477e-03
2.050951088208648188e-02,1.960382952544038535e-03
2.065570293970971430e-02,1.946671608860229023e-03
2.061420386644516670e-02,1.969192691707938141e-03
2.064370140944237278e-02,1.966300579077093387e-03
2.065526685639342344e-02,1.971060704548979227e-03
2.070666029760797819e-02,1.956379630076581031e-03
2.067460251322718670e-02,1.952201518741091294e-03
2.071432297642620407e-02,1.940215656892899793e-03
2.076427501072901707e-02,1.833859525314545953e-03
2.076468543038181153e-02,1.868143159516509871e-03
2.081341128124391052e-02,1.857350183482114067e-03
2.085230980627857805e-02,1.856200553556883182e-03
2.087706211483742261e-02,1.792813817403964049e-03
2.096540496308801557e-02,1.731350737466538997e-03
2.096679588263756361e-02,1.707074129133475662e-03
2.099652140790333327e-02,1.647146419243392329e-03
2.104314931233780897e-02,1.496217350024864334e-03
2.101659673478981777e-02,1.488235051154006890e-03
2.101849741408653646e-02,1.324734613093479785e-03
2.101257698182195863e-02,1.140665106370380511e-03
2.101768475589352314e-02,1.112750444481335225e-03
2.098702718372141840e-02,1.143812984828028283e-03
2.097004227800567874e-02,1.072624902099389866e-03
2.089730433120159936e-02,1.060072387177124790e-03
2.093425246136397175e-02,9.663905713622744642e-04
2.096514472240798219e-02,9.085573154156475345e-04
2.094043356932398514e-02,9.185551910041001673e-04
