# loss_dp, loss_pinn
5.039690188663695780e-01,2.142570107619264086e-03
5.038400241391717271e-01,2.059506498953457554e-03
5.038208848194725142e-01,2.029872479482935834e-03
5.038208844087672666e-01,2.029871723968991459e-03
5.038208839364697322e-01,2.029866628493056172e-03
5.038208677069129227e-01,2.029859785904407268e-03
5.038208564312633975e-01,2.013953100004610246e-03
5.038208547623118649e-01,2.013600728268983685e-03
5.038208545900132451e-01,1.983595499098998564e-03
5.038208540991113704e-01,8.237624701780202341e-04
5.038208519820195352e-01,2.935265188244938462e-04
5.038208047399772571e-01,1.736224715496880627e-04
5.038205930454153769e-01,5.957377342960746202e-05
5.025747088909635618e-01,1.728069361134435553e-05
5.010394861453418835e-01,1.544710333854564329e-05
5.009249268952289391e-01,1.523072549507002207e-05
5.008930053553997119e-01,1.504449249070596912e-05
5.006493461588026328e-01,1.462615200681997152e-05
5.005428300932355246e-01,1.454562916567839540e-05
5.003012018333246047e-01,1.452631542019597015e-05
5.002865123013997550e-01,1.445075964566307330e-05
5.000649559516813225e-01,1.426722865175583145e-05
5.000109217706536491e-01,1.378474117832239472e-05
5.000108341223545860e-01,1.284578570877875800e-05
5.000107712236873114e-01,1.143904591262118662e-05
5.000104414498216521e-01,1.118882640791436539e-05
5.000098603509859352e-01,1.112660781025352169e-05
5.000089866951354933e-01,1.107317851231735371e-05
5.000086383801108925e-01,1.102622229275629408e-05
5.000085337939759178e-01,1.097510810619855949e-05
5.000084705951524100e-01,1.089251545597639960e-05
5.000081770053723673e-01,1.080849712717572058e-05
5.000070531752680569e-01,1.072141609040463535e-05
5.000065199680827632e-01,1.063524347891198831e-05
5.000061837875402482e-01,1.058169565284931459e-05
5.000061477820916256e-01,1.042854232708940951e-05
5.000061396211148423e-01,1.035644876027350473e-05
5.000061173949517102e-01,1.033943345333822340e-05
5.000060179229821600e-01,1.032313682869470897e-05
5.000054761469668874e-01,1.029835940621023598e-05
5.000051061004979758e-01,1.027353236009612685e-05
5.000049348261251803e-01,1.021900993824333156e-05
5.000047009861035008e-01,1.018732046449882233e-05
5.000046519267875578e-01,1.007614878224437081e-05
5.000045710922664810e-01,1.000026296384715175e-05
5.000045485721953398e-01,9.880236723126024302e-06
5.000045321641514162e-01,9.573430427240292286e-06
5.000045275190044824e-01,9.350895862644655746e-06
5.000045252625641146e-01,9.022075685035589972e-06
5.000045231311198712e-01,8.590171698395866748e-06
5.000045175788984109e-01,8.380577206031021280e-06
5.000045061010969238e-01,7.730072443628389174e-06
5.000044702170335364e-01,7.396052691694809081e-06
5.000043664004383270e-01,6.967912085496800417e-06
5.000041632018854543e-01,6.539534292325231124e-06
5.000038850497536824e-01,6.373594588336187071e-06
5.000037773194860868e-01,6.095441194512346774e-06
5.000037008877326050e-01,5.785340217050240060e-06
5.000033655121410847e-01,5.629030797943047129e-06
5.000032947306816133e-01,5.568581654318833448e-06
5.000031364810603174e-01,5.512346782474408983e-06
5.000029982091325209e-01,5.508201420291451874e-06
5.000028889186799441e-01,5.500879141117159654e-06
5.000028521752735156e-01,5.476734443314921043e-06
5.000028362177943997e-01,5.414109627428774698e-06
5.000027759376990399e-01,5.225672565889582067e-06
5.000026542104640814e-01,5.107362395698131829e-06
5.000025918549133586e-01,4.755656291483946347e-06
5.000020649984810994e-01,4.639603575943567981e-06
5.000018171579093673e-01,4.584845462949881044e-06
5.000017302700586752e-01,4.539095940870143788e-06
5.000016703377732075e-01,4.511384125095889665e-06
5.000016323687881403e-01,4.469575007024472500e-06
5.000015693557693375e-01,4.406831278270917617e-06
5.000014474441241141e-01,4.342154444749555583e-06
5.000013465878481167e-01,4.263751476175515710e-06
5.000012107543563289e-01,4.151628590018160320e-06
5.000011143827867155e-01,4.120437007845813708e-06
5.000009156553800738e-01,3.980838942494622438e-06
5.000008507420055093e-01,3.664623102290039094e-06
5.000008237835331659e-01,3.032264829116298434e-06
5.000007524844605200e-01,2.563817578153841452e-06
5.000007253188021306e-01,2.056538350684313803e-06
5.000007048564101275e-01,1.955660010156778347e-06
5.000006917095645154e-01,1.773331470328103979e-06
5.000006889672156118e-01,1.601370180319640446e-06
5.000006856929101184e-01,1.537383816361915200e-06
5.000006748955606595e-01,1.428160958868393192e-06
5.000006553629383621e-01,1.238908612531472744e-06
5.000006241060559464e-01,8.998255497777154555e-07
5.000005778074274598e-01,6.383593733181490776e-07
5.000005250904673293e-01,4.531397535899971438e-07
5.000005022447607805e-01,3.965324501492215408e-07
5.000004754629197024e-01,3.829136971903470401e-07
5.000004675482908612e-01,3.802238377061461638e-07
5.000004583304867856e-01,3.790731712125465935e-07
5.000004518860317049e-01,3.777761011656606159e-07
5.000004449402318807e-01,3.744664465633097484e-07
5.000004297154772015e-01,3.691915394349089179e-07
5.000004014513876882e-01,3.638931930082511068e-07
5.000003455152478571e-01,3.505467139261021098e-07
5.000002728843185862e-01,3.241870918931266032e-07
5.000002553232718583e-01,2.919989556606709174e-07
5.000002060566167694e-01,2.743464165231362177e-07
5.000001767672991315e-01,2.633337723055602941e-07
5.000001640220925747e-01,2.592438715499720311e-07
5.000001484151467279e-01,2.573014434671096607e-07
5.000001432432730208e-01,2.557506974875483372e-07
5.000001385172467838e-01,2.552214472466594218e-07
5.000001347793094908e-01,2.550572536662545667e-07
5.000001304066040708e-01,2.547009259249603404e-07
5.000001226102759322e-01,2.540822289571610393e-07
5.000001117670225259e-01,2.528587768472771138e-07
5.000000947462526213e-01,2.502914547007688664e-07
5.000000901070125181e-01,2.452355277010800296e-07
5.000000885888449265e-01,2.363391422478110512e-07
5.000000850637046357e-01,2.187671273141125867e-07
5.000000840293731263e-01,2.153319864420230989e-07
5.000000827854921281e-01,2.075789794259317736e-07
5.000000821926223749e-01,2.024385653222862830e-07
5.000000816233951539e-01,1.985006062953001024e-07
5.000000813378346898e-01,1.946937964821228792e-07
5.000000812940312844e-01,1.908553125601655107e-07
5.000000811301487103e-01,1.896875302838865995e-07
5.000000808577291789e-01,1.894208447624759535e-07
5.000000774356491151e-01,1.891006412453665339e-07
5.000000736796804679e-01,1.889443258527943748e-07
5.000000680657031848e-01,1.888242313690859658e-07
5.000000639983455120e-01,1.885826457352250462e-07
5.000000465483839251e-01,1.881758794716751289e-07
5.000000377691256048e-01,1.876328744485070587e-07
5.000000286635499780e-01,1.873479446244677875e-07
5.000000205614864024e-01,1.871057311851595080e-07
5.000000152789224606e-01,1.866818529231457888e-07
5.000000087031931661e-01,1.853267997892095164e-07
5.000000049375057376e-01,1.827756057418307850e-07
4.999999991237151775e-01,1.775727017445992399e-07
4.999999946643533533e-01,1.705874699945720823e-07
4.999999923098270571e-01,1.545276367684246060e-07
4.999999889929029329e-01,1.508767917955239915e-07
4.999999857892883925e-01,1.475893367243085539e-07
4.999999839645690725e-01,1.451397552823803228e-07
4.999999833004027394e-01,1.416988627280069307e-07
4.999999818956109010e-01,1.374442015230054805e-07
4.999999807260949725e-01,1.355395524209478967e-07
4.999999786304646920e-01,1.346901047546265534e-07
4.999999747112753301e-01,1.334749421222698384e-07
4.999999676224021750e-01,1.326362777117435177e-07
4.999999621577005393e-01,1.321690045397623076e-07
4.999999572263303382e-01,1.319224689442595036e-07
4.999999558742173056e-01,1.317263343243147195e-07
4.999999497668318749e-01,1.315810827426425936e-07
4.999999452740578887e-01,1.313860285152885809e-07
4.999999424230494594e-01,1.312155909302370435e-07
4.999999418566427600e-01,1.311025229101802784e-07
4.999999411078313027e-01,1.310704864476781524e-07
4.999999408053235617e-01,1.309604836485280575e-07
4.999999407743308533e-01,1.309056415982218521e-07
4.999999407724486922e-01,1.307577983795776921e-07
4.999999407716951838e-01,1.304567235114896489e-07
4.999999407687926722e-01,1.299771158145889848e-07
4.999999407623870740e-01,1.280715708216393086e-07
4.999999407461571677e-01,1.273565018410124322e-07
4.999999407266906282e-01,1.264764179104820721e-07
4.999999406965529025e-01,1.256773337167215982e-07
4.999999406593389484e-01,1.246439105094352130e-07
4.999999406335295937e-01,1.241939969223089958e-07
4.999999405779891326e-01,1.233227961013557240e-07
4.999999404801535041e-01,1.230728698691625640e-07
4.999999403022392652e-01,1.228896269540113065e-07
4.999999400117828285e-01,1.225578473269070511e-07
4.999999395285404935e-01,1.221821337303733572e-07
4.999999385529044216e-01,1.216249497814413686e-07
4.999999376587084265e-01,1.207754111583138756e-07
4.999999370933010945e-01,1.205033332469283889e-07
4.999999367844648601e-01,1.196441818133491243e-07
4.999999366595386241e-01,1.190351696517552695e-07
4.999999364879308406e-01,1.186578665712174532e-07
4.999999363553631060e-01,1.183735445553513933e-07
4.999999361440748968e-01,1.181497091109616328e-07
4.999999359395133069e-01,1.180268920462579853e-07
4.999999358463991239e-01,1.179307889183512264e-07
4.999999358026158136e-01,1.178450633363664425e-07
4.999999357087928642e-01,1.177371241904871919e-07
4.999999356494294611e-01,1.175565817419579019e-07
4.999999355910079712e-01,1.173112711558125720e-07
4.999999355738216633e-01,1.170984834990164899e-07
4.999999355696365111e-01,1.167269086239929404e-07
4.999999355689461189e-01,1.164331023365601975e-07
4.999999355671131962e-01,1.162851148067046518e-07
4.999999355578924609e-01,1.158520321376882043e-07
4.999999355181680705e-01,1.155512187910986735e-07
4.999999353421649140e-01,1.152676097478321357e-07
4.999999352267568975e-01,1.150351054565897563e-07
4.999999351171710571e-01,1.148933128998920007e-07
4.999999349800575144e-01,1.148214823341363736e-07
4.999999347203322175e-01,1.145361197448930779e-07
4.999999343823097187e-01,1.144090026390706981e-07
4.999999339622021033e-01,1.143034586071901634e-07
4.999999336266724437e-01,1.142133667103122964e-07
4.999999331644393585e-01,1.139824887460616217e-07
4.999999329790185132e-01,1.135469210188199559e-07
4.999999326413532286e-01,1.129403326447306992e-07
4.999999321631771743e-01,1.128447496220125221e-07
4.999999318125465386e-01,1.118842315300109900e-07
4.999999314839763676e-01,1.109473300258914812e-07
4.999999312648130134e-01,1.104482369295471315e-07
4.999999306216338923e-01,1.100466596732666923e-07
4.999999298731747088e-01,1.095484254464451947e-07
4.999999297263690856e-01,1.091964788979952609e-07
4.999999292656985839e-01,1.089912494214138232e-07
4.999999290597046397e-01,1.088784179299586717e-07
4.999999288437961820e-01,1.085475497893847902e-07
4.999999286540658394e-01,1.084167738313475326e-07
4.999999284199415084e-01,1.081882559605998567e-07
4.999999282964788239e-01,1.080044351459512498e-07
4.999999280599545237e-01,1.078569523325507687e-07
4.999999277472630399e-01,1.077019884083524431e-07
4.999999275613802308e-01,1.075305760309438695e-07
4.999999273918434017e-01,1.074435828901603427e-07
4.999999271814736246e-01,1.073477282367032599e-07
4.999999269894089271e-01,1.072580068903384747e-07
4.999999267277154824e-01,1.070891501869587550e-07
4.999999266390759423e-01,1.066719245100941790e-07
4.999999265635933221e-01,1.062401392932110211e-07
4.999999264492310247e-01,1.058839643382501391e-07
4.999999263399647065e-01,1.055781219432581364e-07
4.999999261650620030e-01,1.054208530488456613e-07
4.999999260162655834e-01,1.052945858592618342e-07
4.999999258487438092e-01,1.051735027073707993e-07
4.999999257696755572e-01,1.049584543466853427e-07
4.999999257124729812e-01,1.048208224945232842e-07
4.999999256690946248e-01,1.047752471461384285e-07
4.999999256466184372e-01,1.047237405336013506e-07
4.999999256043067275e-01,1.046182348659774274e-07
4.999999254760633116e-01,1.044826871195364256e-07
4.999999254486834355e-01,1.044136267866572372e-07
4.999999254431680140e-01,1.042611261198014583e-07
4.999999254189111397e-01,1.041738773114108499e-07
4.999999254073634880e-01,1.041362722416635631e-07
4.999999253968693824e-01,1.041084873631775403e-07
4.999999253767582474e-01,1.040840932573883921e-07
4.999999253660228349e-01,1.040684382514766604e-07
4.999999253604151539e-01,1.040522409427615484e-07
4.999999253528550902e-01,1.040310522608243444e-07
4.999999253373376140e-01,1.039908756456295338e-07
4.999999253318476722e-01,1.039325291053728379e-07
4.999999253249727271e-01,1.038629380509290819e-07
4.999999253195782645e-01,1.038433828133560901e-07
4.999999253135509747e-01,1.037945632606220988e-07
4.999999253083786677e-01,1.037211832547769573e-07
4.999999253060523619e-01,1.036429896333426384e-07
4.999999253029122070e-01,1.035311250004351823e-07
4.999999252982700870e-01,1.033841074482253103e-07
4.999999252962686880e-01,1.030470375197570169e-07
4.999999252955331652e-01,1.027899161182644960e-07
4.999999252952155304e-01,1.026588951186682001e-07
4.999999252949370865e-01,1.024426298878596743e-07
4.999999252942785022e-01,1.023651447898866618e-07
4.999999252926172755e-01,1.022977478119226401e-07
4.999999252887569745e-01,1.022280848054628674e-07
4.999999252812783457e-01,1.020331476356763249e-07
4.999999252730453758e-01,1.019093657059426594e-07
4.999999252579843678e-01,1.017021009930595862e-07
4.999999252527034810e-01,1.016149517329726499e-07
4.999999252496231117e-01,1.014516904711593518e-07
4.999999252446430398e-01,1.013864560625078073e-07
4.999999252322948062e-01,1.011809716496799734e-07
4.999999252118748072e-01,1.010394501379157575e-07
4.999999251707288317e-01,1.008557651824236804e-07
4.999999251262274846e-01,1.006703491449715381e-07
4.999999250743929480e-01,1.006276561364392357e-07
4.999999250477570323e-01,1.005672580180852777e-07
4.999999250279607566e-01,1.004791243781879777e-07
4.999999250163938980e-01,1.004345792948446719e-07
4.999999250114744997e-01,1.003320581212384859e-07
4.999999250086224478e-01,1.001207349630409799e-07
4.999999250021829877e-01,9.996186329737943537e-08
4.999999249945392132e-01,9.980238893996666313e-08
4.999999249887033814e-01,9.972119818041556962e-08
4.999999249854317207e-01,9.961269244697169054e-08
4.999999249761152287e-01,9.954976618515630641e-08
4.999999249647040234e-01,9.950389556682761094e-08
4.999999249403631607e-01,9.941123508013545257e-08
4.999999248931029650e-01,9.930916782257963848e-08
4.999999248416094888e-01,9.924864484064970353e-08
4.999999248244407779e-01,9.919075594717952131e-08
4.999999248104906036e-01,9.906644087029303095e-08
4.999999247900646648e-01,9.891469718644902008e-08
4.999999247632688215e-01,9.877429448148217017e-08
4.999999247494298360e-01,9.861955252929747695e-08
4.999999247001913893e-01,9.847599803250872137e-08
4.999999246929927033e-01,9.839941413629589898e-08
4.999999246793319641e-01,9.834663536997860467e-08
4.999999246625503879e-01,9.830779622755112350e-08
4.999999246508896045e-01,9.826293034915752446e-08
4.999999246427150323e-01,9.816404986808246755e-08
4.999999246294590249e-01,9.800434710661238100e-08
4.999999246235972139e-01,9.786287406721885429e-08
4.999999246159630428e-01,9.772016945449198723e-08
4.999999246086592186e-01,9.757339549973301418e-08
4.999999245972139850e-01,9.742638109726666677e-08
4.999999245892503552e-01,9.734805985436525639e-08
4.999999245834168549e-01,9.729719106286299255e-08
4.999999245782278390e-01,9.725149562395126703e-08
4.999999245709013107e-01,9.720213791115800646e-08
4.999999245636691514e-01,9.718493546907119809e-08
4.999999245547591675e-01,9.715179542950882758e-08
4.999999245520796443e-01,9.712851432480660867e-08
4.999999245476868248e-01,9.705712040328059714e-08
4.999999245437860007e-01,9.702930665556126842e-08
4.999999245361349542e-01,9.701444322944262044e-08
4.999999245316486540e-01,9.700130618727105144e-08
4.999999245300014716e-01,9.698509984485259813e-08
4.999999245274147075e-01,9.697133792980633711e-08
4.999999245245408952e-01,9.695277697985082631e-08
4.999999245158717187e-01,9.693921409242480811e-08
4.999999245124027158e-01,9.693698703905753183e-08
4.999999245096597988e-01,9.693081672546322225e-08
4.999999245043391660e-01,9.692218572653795309e-08
4.999999245000823489e-01,9.692012303485576956e-08
4.999999244960733336e-01,9.691605304970373397e-08
4.999999244951353061e-01,9.691123547546519504e-08
4.999999244942699428e-01,9.690634627126999623e-08
4.999999244926223163e-01,9.689951148694972592e-08
4.999999244916738528e-01,9.689000152675243205e-08
4.999999244878823856e-01,9.688646536612029439e-08
4.999999244842059931e-01,9.687659649050594514e-08
4.999999244815728217e-01,9.686175005988960064e-08
4.999999244787855512e-01,9.683505957500038408e-08
4.999999244756396788e-01,9.681506346473516209e-08
4.999999244736567094e-01,9.670850619325759859e-08
4.999999244699924184e-01,9.667937608657277826e-08
4.999999244668885678e-01,9.663676774290415184e-08
4.999999244634927287e-01,9.655900576272360511e-08
4.999999244610823235e-01,9.651802803354786493e-08
4.999999244564379275e-01,9.645626985058649861e-08
4.999999244505014540e-01,9.637951122788792102e-08
4.999999244480541893e-01,9.635569362717535901e-08
4.999999244412186017e-01,9.622821241243268477e-08
4.999999244391779563e-01,9.620187892411564299e-08
4.999999244350801786e-01,9.614625553948181357e-08
4.999999244312219870e-01,9.607130743571679446e-08
4.999999244272835819e-01,9.601597302441778832e-08
4.999999244206845272e-01,9.598755151390517074e-08
4.999999244146769994e-01,9.596426459090744529e-08
4.999999244046557378e-01,9.595892484438597735e-08
4.999999244005927101e-01,9.593107795721019068e-08
4.999999243977155672e-01,9.592076781471492557e-08
4.999999243964436402e-01,9.591700001710741645e-08
4.999999243875772326e-01,9.590547521296687346e-08
4.999999243814566841e-01,9.590091681791121928e-08
4.999999243770611446e-01,9.589879706276665889e-08
4.999999243679691951e-01,9.589833355469518878e-08
4.999999243657867742e-01,9.589763487174743500e-08
4.999999243600311560e-01,9.589728101461825534e-08
4.999999243530104387e-01,9.589688165802979411e-08
4.999999243417047046e-01,9.589554743860305528e-08
4.999999243356235690e-01,9.589120236777870109e-08
4.999999243287301387e-01,9.588251208450100173e-08
4.999999243214026112e-01,9.587739721822605104e-08
4.999999243166602936e-01,9.585611397123505043e-08
4.999999243037706598e-01,9.581997300170526433e-08
4.999999242991016168e-01,9.579519802372763824e-08
4.999999242898578999e-01,9.578500158356678751e-08
4.999999242819782030e-01,9.577579330676285540e-08
4.999999242766687835e-01,9.576759415747488361e-08
4.999999242742328986e-01,9.575134261842116825e-08
4.999999242704681879e-01,9.571807975127812837e-08
4.999999242676547162e-01,9.569047953322892803e-08
4.999999242657232612e-01,9.568509561367399388e-08
4.999999242608537120e-01,9.567895208401766514e-08
4.999999242586183890e-01,9.565923456875334681e-08
4.999999242575665082e-01,9.563942620335598474e-08
4.999999242557672252e-01,9.562975661443280799e-08
4.999999242500033914e-01,9.562332370554780869e-08
4.999999242476734218e-01,9.561750706271598832e-08
4.999999242470282712e-01,9.560869816103354540e-08
4.999999242457591198e-01,9.560130455374944480e-08
4.999999242444033154e-01,9.559254063237664018e-08
4.999999242418332601e-01,9.558571489963692382e-08
4.999999242414052136e-01,9.557338064521311372e-08
4.999999242402604072e-01,9.555959435842283834e-08
4.999999242401306776e-01,9.554972538702495785e-08
4.999999242397996091e-01,9.553875341726396434e-08
4.999999242397242805e-01,9.553565402666059183e-08
4.999999242396335752e-01,9.553159445570391854e-08
4.999999242387919152e-01,9.552947714731109097e-08
4.999999242374417729e-01,9.552666619667223436e-08
4.999999242318630133e-01,9.552250024249355577e-08
4.999999242210659833e-01,9.551994181631500170e-08
4.999999242091508478e-01,9.551525521644726947e-08
4.999999241848084308e-01,9.551244171609224170e-08
4.999999241693378615e-01,9.550934830663712715e-08
4.999999241491937529e-01,9.550478455976110564e-08
4.999999241353522139e-01,9.550116886359065791e-08
4.999999241113620707e-01,9.549949132841666479e-08
4.999999240927402999e-01,9.549644301050831974e-08
4.999999240760979458e-01,9.549392759837927334e-08
4.999999240524273247e-01,9.549265988147629864e-08
4.999999240360117336e-01,9.549117457968479882e-08
4.999999240209609397e-01,9.548889539179496259e-08
4.999999240047964255e-01,9.548780503503322498e-08
4.999999239938309747e-01,9.548603120910315130e-08
4.999999239755924529e-01,9.548496389116932860e-08
4.999999239664953965e-01,9.548435837003395129e-08
4.999999239471567547e-01,9.548363469762596278e-08
4.999999239329901979e-01,9.548283965880059433e-08
4.999999239158281483e-01,9.548222916728443227e-08
4.999999238811086988e-01,9.548186013250578703e-08
4.999999238674033841e-01,9.548147481259793984e-08
4.999999238165949711e-01,9.548017662209928022e-08
4.999999237992066026e-01,9.547776320890780247e-08
4.999999237604038638e-01,9.547338817764640877e-08
4.999999237287762188e-01,9.547022056694640014e-08
4.999999237037984767e-01,9.546311900792852696e-08
4.999999236864940966e-01,9.545947514390797007e-08
4.999999236364824351e-01,9.545535866929678642e-08
4.999999236057405261e-01,9.545388722708274632e-08
4.999999235936012920e-01,9.545183339176722010e-08
4.999999235635751993e-01,9.545051828815455774e-08
4.999999235347865056e-01,9.544901918427255967e-08
4.999999235119781393e-01,9.544777320678586808e-08
4.999999234825219241e-01,9.544636342902936083e-08
4.999999234717372731e-01,9.544577627407746951e-08
4.999999234290354311e-01,9.544518684679513456e-08
4.999999233879183769e-01,9.544419467313555440e-08
4.999999233060659631e-01,9.544255964939315299e-08
4.999999232115046044e-01,9.543921976902888788e-08
4.999999231574848157e-01,9.543178034434480682e-08
4.999999230637127701e-01,9.542160416813380191e-08
4.999999229818525848e-01,9.541032828509905178e-08
4.999999228658957851e-01,9.540335883934887513e-08
4.999999227339979591e-01,9.539934337877596137e-08
4.999999223895839617e-01,9.539171947164305719e-08
4.999999222878664940e-01,9.538967283615045044e-08
4.999999221819487749e-01,9.538781933211788516e-08
4.999999221037694230e-01,9.538413211599285530e-08
4.999999220471146311e-01,9.537781684641047372e-08
4.999999219931832162e-01,9.537046048253147002e-08
4.999999219503472037e-01,9.536165691176810205e-08
4.999999219064504286e-01,9.535861955824408641e-08
4.999999218315190896e-01,9.535385606945785491e-08
4.999999216743193919e-01,9.535309750951002592e-08
4.999999215632074945e-01,9.535190474023599084e-08
4.999999214371150247e-01,9.534933783020075542e-08
4.999999212986738772e-01,9.534844933772551124e-08
4.999999212552629912e-01,9.534767387753029526e-08
4.999999212474324772e-01,9.534729885019785519e-08
4.999999212389790726e-01,9.534689293422864177e-08
4.999999212310154428e-01,9.534649213109839639e-08
4.999999212245767044e-01,9.534567834722218668e-08
4.999999212175618712e-01,9.534437322289472136e-08
4.999999212128135584e-01,9.534105326290747300e-08
4.999999212057851805e-01,9.533493954116035369e-08
4.999999211871076765e-01,9.532936205455388068e-08
4.999999211194466331e-01,9.531561887960000946e-08
4.999999210704983987e-01,9.530940215888673051e-08
4.999999210378081038e-01,9.529572024847748422e-08
4.999999209309279324e-01,9.527440285151782700e-08
4.999999208832114350e-01,9.526594508869563881e-08
4.999999208511293203e-01,9.526062875694421277e-08
4.999999207595764994e-01,9.525541702747567644e-08
4.999999206709568877e-01,9.525066050841019977e-08
4.999999206501353211e-01,9.524750038860957725e-08
4.999999206365751681e-01,9.524533726599794703e-08
4.999999206299746146e-01,9.524121790381278708e-08
4.999999206159296827e-01,9.523497743459263518e-08
4.999999205863890905e-01,9.523174766095856005e-08
4.999999205547936976e-01,9.521833617622744197e-08
4.999999205276907110e-01,9.521405984218824677e-08
4.999999205085713383e-01,9.520714229885030911e-08
4.999999204881984127e-01,9.520337419644882006e-08
4.999999204799497332e-01,9.519575502153217199e-08
4.999999204635362515e-01,9.519240614269911128e-08
4.999999204344086623e-01,9.518737635295439863e-08
4.999999203937864900e-01,9.518248960191274149e-08
4.999999203449477791e-01,9.517185729736672941e-08
4.999999202890255678e-01,9.515455824623641394e-08
4.999999202381705810e-01,9.515008094543481685e-08
4.999999202002944898e-01,9.513983785037664414e-08
4.999999201908388313e-01,9.512359077024363387e-08
4.999999201840225060e-01,9.511565318361787141e-08
4.999999201753562161e-01,9.509184764612691274e-08
4.999999201556459827e-01,9.507693202091967873e-08
4.999999201496561074e-01,9.504584018088014521e-08
4.999999201412773653e-01,9.503015592121513098e-08
4.999999201297108398e-01,9.499523530396132347e-08
4.999999201139496696e-01,9.496453721018816033e-08
4.999999201097923840e-01,9.492610681055217774e-08
4.999999200853079140e-01,9.488673866349743509e-08
4.999999200665832255e-01,9.483816349291398982e-08
4.999999200569517077e-01,9.481087155611342954e-08
4.999999200510928943e-01,9.477125634703099755e-08
4.999999200342373773e-01,9.475962845511429330e-08
4.999999200268633315e-01,9.473034526292971668e-08
4.999999200061043814e-01,9.468308677145032711e-08
4.999999200049202175e-01,9.466091175959697650e-08
4.999999200033262703e-01,9.462074920864466292e-08
4.999999200023257373e-01,9.459630470217173128e-08
4.999999200008476974e-01,9.456971348370679066e-08
4.999999199984637710e-01,9.452610633021252173e-08
4.999999199909455072e-01,9.449266281651211606e-08
4.999999199752458434e-01,9.447672237705158491e-08
4.999999199489288393e-01,9.443439216664515913e-08
4.999999199202543321e-01,9.440327017179646815e-08
4.999999198943842482e-01,9.438183034718563282e-08
4.999999198594964334e-01,9.436049919731818074e-08
4.999999198341539830e-01,9.434926655526060873e-08
4.999999198296020131e-01,9.434064472647243494e-08
4.999999198214334362e-01,9.433435371084415729e-08
4.999999198161825253e-01,9.432989253156527051e-08
4.999999198126909850e-01,9.432578889871384757e-08
4.999999198070701478e-01,9.432196833925317832e-08
4.999999197887482483e-01,9.431746095037218228e-08
4.999999197660316419e-01,9.430827843435116564e-08
4.999999197400033513e-01,9.430034423220933893e-08
4.999999197119668337e-01,9.427312530750283430e-08
4.999999196616262132e-01,9.418391613879642466e-08
4.999999196549014258e-01,9.417077032048193286e-08
4.999999195833334520e-01,9.412299108121884828e-08
4.999999195365799065e-01,9.402703095920454286e-08
4.999999195064223079e-01,9.399324860977372440e-08
4.999999194752912657e-01,9.396556054447776921e-08
4.999999194575251993e-01,9.394530315512289994e-08
4.999999194308828443e-01,9.393193141376791665e-08
4.999999194191894203e-01,9.392222377098213428e-08
4.999999193958832855e-01,9.391678218438236670e-08
4.999999193863716718e-01,9.391403122295935719e-08
4.999999193811580089e-01,9.391063523984136182e-08
4.999999193779494089e-01,9.390919583977191942e-08
4.999999193744780190e-01,9.390736499531104626e-08
4.999999193735462644e-01,9.390489730245009720e-08
4.999999193723990709e-01,9.390151570934274247e-08
4.999999193701184508e-01,9.389465109167119880e-08
4.999999193617247761e-01,9.388292478197207849e-08
4.999999193511162621e-01,9.387288546884764141e-08
4.999999193189074154e-01,9.386477439619381243e-08
4.999999192994702968e-01,9.386086233191140709e-08
4.999999192502573298e-01,9.385624716699233327e-08
4.999999192106621138e-01,9.385541009923331842e-08
4.999999191548643029e-01,9.385479746172992215e-08
4.999999191381123143e-01,9.385419338169923773e-08
4.999999191201024984e-01,9.385336382049545130e-08
4.999999190966034623e-01,9.385205510333588866e-08
4.999999190822219663e-01,9.385020217406263841e-08
4.999999190690155304e-01,9.384798128334423861e-08
4.999999190642402391e-01,9.384695425837024658e-08
4.999999190575031283e-01,9.384586243315502804e-08
4.999999190542158689e-01,9.384483080344642808e-08
4.999999190519450742e-01,9.384347193613607841e-08
4.999999190481172473e-01,9.384209210053237218e-08
4.999999190465829746e-01,9.383866564873416967e-08
4.999999190431941853e-01,9.383634241804228875e-08
4.999999190401754889e-01,9.382846925745459770e-08
4.999999190253910375e-01,9.381353346592317369e-08
4.999999190231357860e-01,9.378910090070329643e-08
4.999999190175939967e-01,9.378006304404952513e-08
4.999999190063521004e-01,9.376031934197369004e-08
4.999999189980752767e-01,9.373333848767749043e-08
4.999999189888679751e-01,9.370654090593023731e-08
4.999999189719414039e-01,9.368272612564283678e-08
4.999999189628435703e-01,9.365138631801046654e-08
4.999999189411209466e-01,9.359822241332361006e-08
4.999999189306381653e-01,9.352534850806367982e-08
4.999999189214853201e-01,9.347019062281975622e-08
4.999999189151070333e-01,9.334576639033592237e-08
4.999999189107297570e-01,9.324856103890907957e-08
4.999999189083688123e-01,9.320757275746562451e-08
4.999999189065451044e-01,9.311304239328851624e-08
4.999999189050006732e-01,9.303403833818472347e-08
4.999999189030278623e-01,9.297565383329229617e-08
4.999999189006550937e-01,9.289794105456848313e-08
4.999999188942414463e-01,9.285822146177012700e-08
4.999999188825097751e-01,9.276653157934571274e-08
4.999999188496573321e-01,9.273266518629465596e-08
4.999999188104555237e-01,9.265156203184915426e-08
4.999999187936560174e-01,9.257549815794779545e-08
4.999999187640044584e-01,9.249994807828843405e-08
4.999999187502351394e-01,9.240311377129285915e-08
4.999999187475885898e-01,9.230691159901288791e-08
4.999999187419873481e-01,9.228440895416553419e-08
4.999999187342888396e-01,9.217467744504581060e-08
4.999999187251690791e-01,9.209228085427659927e-08
4.999999187064825823e-01,9.196688530161663888e-08
4.999999186910789040e-01,9.189990657816343342e-08
4.999999186758845582e-01,9.184682104010183621e-08
4.999999186653971694e-01,9.175215618124868915e-08
4.999999186623774738e-01,9.168452698403468116e-08
4.999999186434192500e-01,9.161833348376809488e-08
4.999999186343746516e-01,9.146529570810567723e-08
4.999999186266599893e-01,9.139337750310156608e-08
4.999999186079364111e-01,9.122655908895344328e-08
4.999999185987944461e-01,9.101881316208295654e-08
4.999999185925441125e-01,9.088663165643397396e-08
4.999999185855267259e-01,9.085690835220143595e-08
4.999999185776939359e-01,9.078851626302094651e-08
4.999999185624066644e-01,9.068504939609830844e-08
4.999999185376749478e-01,9.063290465173561539e-08
4.999999185163639392e-01,9.054075151187226701e-08
4.999999184617135439e-01,9.048231681794976395e-08
4.999999184258550056e-01,9.041919512887634400e-08
4.999999183914637935e-01,9.036577226740366604e-08
4.999999183538700320e-01,9.028854075513799305e-08
4.999999183299829730e-01,9.021911300942519537e-08
4.999999183164357541e-01,9.019203207137760184e-08
4.999999183114535173e-01,9.015712640385961664e-08
4.999999182983099200e-01,9.010607682859151539e-08
4.999999182925431995e-01,9.008550348825798164e-08
4.999999182876079251e-01,9.006618004341567801e-08
4.999999182804100162e-01,9.005808544870055196e-08
4.999999182770025197e-01,9.003615139108877497e-08
4.999999182657589580e-01,9.001421706806285031e-08
4.999999182493547467e-01,9.000337653755297202e-08
4.999999182274714182e-01,8.998284870042650976e-08
4.999999181986806152e-01,8.996485907882397614e-08
4.999999181868687859e-01,8.995015663509920741e-08
4.999999181712020402e-01,8.994075229230475526e-08
4.999999181680970239e-01,8.992113069052836041e-08
4.999999181653169700e-01,8.990765364314072032e-08
4.999999181611325949e-01,8.990153665100956928e-08
4.999999181541573412e-01,8.989619025075727560e-08
4.999999181331188924e-01,8.988876087483372798e-08
4.999999181055087560e-01,8.987647536910794038e-08
4.999999180914043162e-01,8.982228259484994305e-08
4.999999180293356327e-01,8.978807760943807253e-08
4.999999179929238702e-01,8.975808913354928335e-08
4.999999179710189479e-01,8.969866298057860306e-08
4.999999179605852384e-01,8.964113426035385189e-08
4.999999179283222128e-01,8.960042894606826352e-08
4.999999179130294458e-01,8.950999702650556791e-08
4.999999178754956919e-01,8.942579859387623122e-08
4.999999178460191596e-01,8.914107286335829010e-08
4.999999178312124481e-01,8.912342950007702009e-08
4.999999178087877749e-01,8.892093781854453170e-08
4.999999177866873978e-01,8.881871385561988995e-08
4.999999177617853729e-01,8.873907388886202641e-08
4.999999177349322421e-01,8.867404612512554520e-08
4.999999177199302425e-01,8.860302026310650809e-08
4.999999177102351089e-01,8.855970869099145887e-08
4.999999176970967851e-01,8.853003385881471223e-08
4.999999176904438847e-01,8.848140635765031852e-08
4.999999176863724193e-01,8.845680553666356150e-08
4.999999176776298571e-01,8.844689937806088930e-08
4.999999176699438386e-01,8.841991696713375546e-08
4.999999176606639839e-01,8.840922966846306732e-08
4.999999176450180549e-01,8.840032932214656137e-08
4.999999176297748593e-01,8.839260324660321877e-08
4.999999176066027284e-01,8.838820441522028480e-08
4.999999175769115345e-01,8.838643616494942415e-08
4.999999175376397820e-01,8.838632188209614864e-08
4.999999175149031916e-01,8.838621053346165681e-08
4.999999174784895972e-01,8.838595576166060604e-08
4.999999174426300041e-01,8.838568546323959608e-08
4.999999174107241373e-01,8.838529136681929473e-08
4.999999173762785243e-01,8.838431092153921474e-08
4.999999173528845153e-01,8.838165105402104308e-08
4.999999173490666249e-01,8.837480832511334800e-08
4.999999173366030947e-01,8.835747843737135368e-08
4.999999173276555298e-01,8.834580590556438950e-08
4.999999173195471824e-01,8.832947670004271671e-08
4.999999173139491604e-01,8.832245444765766121e-08
4.999999173070921454e-01,8.831638842842471137e-08
4.999999173016051457e-01,8.831339611389620444e-08
4.999999172982251272e-01,8.831100973085857551e-08
4.999999172908600187e-01,8.830828819240853496e-08
4.999999172830617011e-01,8.830477684413359682e-08
4.999999172673584291e-01,8.830311681030246587e-08
4.999999172382558199e-01,8.830031084285883783e-08
4.999999172182966189e-01,8.829644936559135743e-08
4.999999171862608005e-01,8.829368073134637873e-08
4.999999171765677763e-01,8.829118151667037890e-08
4.999999171630704620e-01,8.828917075091473073e-08
4.999999171412636279e-01,8.828817184561235498e-08
4.999999171283940336e-01,8.828707206510084616e-08
4.999999171117343044e-01,8.828586472270266885e-08
4.999999171028178813e-01,8.828511182091211056e-08
4.999999170978127738e-01,8.828402946889017334e-08
4.999999170942272531e-01,8.828337614942399487e-08
4.999999170932715731e-01,8.828299126493056224e-08
4.999999170924044334e-01,8.828244530633172415e-08
4.999999170914819491e-01,8.828170077658915407e-08
4.999999170890189193e-01,8.828059921567662057e-08
4.999999170849384056e-01,8.827900034880999996e-08
4.999999170777281177e-01,8.827841288600419572e-08
4.999999170680170524e-01,8.827695830237318306e-08
4.999999170604462195e-01,8.827381273711646598e-08
4.999999170590219144e-01,8.826841778783064871e-08
4.999999170563079742e-01,8.826633415943416449e-08
4.999999170551274186e-01,8.825659897352238071e-08
4.999999170545776916e-01,8.824783041954475192e-08
4.999999170541858939e-01,8.823030135149917474e-08
4.999999170531379544e-01,8.822799236040522505e-08
4.999999170506239654e-01,8.821662335428354483e-08
4.999999170468126808e-01,8.820750269809235286e-08
4.999999170439234364e-01,8.820125756304429615e-08
4.999999170362110501e-01,8.818940070372952257e-08
4.999999170329423870e-01,8.818434439853557398e-08
4.999999170304912921e-01,8.817663337585680317e-08
4.999999170281436145e-01,8.816592807840207141e-08
4.999999170251585578e-01,8.815577450189583309e-08
4.999999170223405343e-01,8.814938086098130955e-08
4.999999170193819564e-01,8.814426598286307801e-08
4.999999170167666040e-01,8.814344129525924321e-08
4.999999170153140993e-01,8.814264359698533968e-08
4.999999170145139060e-01,8.814180208800287764e-08
4.999999170139772242e-01,8.814049684418411711e-08
4.999999170137709448e-01,8.813796749927073712e-08
4.999999170137143789e-01,8.813552446146921058e-08
4.999999170126923631e-01,8.813164253441063226e-08
4.999999170113715308e-01,8.812924992275083493e-08
4.999999170067413456e-01,8.812812082398645655e-08
4.999999170034316598e-01,8.812772951433348314e-08
4.999999169946022226e-01,8.812732971241021040e-08
4.999999169892584971e-01,8.812683152344369135e-08
4.999999169861117920e-01,8.812619307861560584e-08
4.999999169816797817e-01,8.812475030401715446e-08
4.999999169772851859e-01,8.812192453012953498e-08
4.999999169732001203e-01,8.811607325275269236e-08
4.999999169684263833e-01,8.810425230511276236e-08
4.999999169570988888e-01,8.808110501665870627e-08
4.999999169508220209e-01,8.807565446547907104e-08
4.999999169299791379e-01,8.806457366513479333e-08
4.999999169295502588e-01,8.806160488545793931e-08
4.999999167797136157e-01,8.805855654591314346e-08
4.999999167681628554e-01,8.805235112411804326e-08
4.999999167313878834e-01,8.803862722712059077e-08
4.999999167140071199e-01,8.801854673641904348e-08
4.999999166644197302e-01,8.801335638251087051e-08
4.999999166243754845e-01,8.800583058942207022e-08
4.999999165845462334e-01,8.800489273469376487e-08
4.999999165113830912e-01,8.800077827211064162e-08
4.999999164248341565e-01,8.799896561598145534e-08
4.999999163547305114e-01,8.799701885054271053e-08
4.999999163017357362e-01,8.799453031723950504e-08
4.999999162858918544e-01,8.799316270373795286e-08
4.999999162549536025e-01,8.799269174418917468e-08
4.999999162414042186e-01,8.799211007188301436e-08
4.999999162152184429e-01,8.799183911610537002e-08
4.999999162076788628e-01,8.799120951785112922e-08
4.999999161996994124e-01,8.799039029990196200e-08
4.999999161971595552e-01,8.799007350217606507e-08
4.999999161954607474e-01,8.798985871895675822e-08
4.999999161921079294e-01,8.798965183957672833e-08
4.999999161878740939e-01,8.798959945918549127e-08
4.999999161822252236e-01,8.798955591118523366e-08
4.999999161684532401e-01,8.798952581033705127e-08
4.999999161473879239e-01,8.798948551937987118e-08
4.999999160952366961e-01,8.798944738484607265e-08
4.999999160313322588e-01,8.798937058562916984e-08
4.999999160000677678e-01,8.798920900452582781e-08
4.999999158936770938e-01,8.798878142505894143e-08
4.999999158208858208e-01,8.798761697778703128e-08
4.999999157856163112e-01,8.798508248729871271e-08
4.999999157325554222e-01,8.797936435254762633e-08
4.999999156708702097e-01,8.796703448497878611e-08
4.999999156540739786e-01,8.796382652384290413e-08
4.999999155655223682e-01,8.795131498971991420e-08
4.999999154431679638e-01,8.794404473794828296e-08
4.999999154031178339e-01,8.793264235721333750e-08
4.999999152856410833e-01,8.792046243001511306e-08
4.999999152137167835e-01,8.791211974212965866e-08
4.999999151735207703e-01,8.790914677664205769e-08
4.999999151520951868e-01,8.790398061951051187e-08
4.999999151049926982e-01,8.789973896216117789e-08
4.999999150503580125e-01,8.789802543268051848e-08
4.999999150226687172e-01,8.789607461559703540e-08
4.999999149773608487e-01,8.789347316988466033e-08
4.999999149075243787e-01,8.789210374992789265e-08
4.999999148892811940e-01,8.789076809324146111e-08
4.999999148289618334e-01,8.788921829733672542e-08
4.999999147770928243e-01,8.788790788352603106e-08
4.999999147515937770e-01,8.788644237972719851e-08
4.999999147329921012e-01,8.788460381354723179e-08
4.999999146974637432e-01,8.787807299672510718e-08
4.999999146803212891e-01,8.787464407040236440e-08
4.999999146701634700e-01,8.786836495902450683e-08
4.999999146490446411e-01,8.786184695261084627e-08
4.999999146379279225e-01,8.785118443464598634e-08
4.999999146189799126e-01,8.784107926811088311e-08
4.999999146096537617e-01,8.783046738099196500e-08
4.999999145969531433e-01,8.782016179013134174e-08
4.999999145914016951e-01,8.780903427379557168e-08
4.999999145865396399e-01,8.779861934183798506e-08
4.999999145841820813e-01,8.778629140626538986e-08
4.999999145808998735e-01,8.777470462968469179e-08
4.999999145779291942e-01,8.777256494806494065e-08
4.999999145769983278e-01,8.776871730791291646e-08
4.999999145735544714e-01,8.776089109750536640e-08
4.999999145652208599e-01,8.775614450811476409e-08
4.999999145641806919e-01,8.775165178673425510e-08
4.999999145622271990e-01,8.774843819405805399e-08
4.999999145616221274e-01,8.774452742851772737e-08
4.999999145598459371e-01,8.774207398874761354e-08
4.999999145536242473e-01,8.773753969582946295e-08
4.999999145256913691e-01,8.773626323759270207e-08
4.999999145157081326e-01,8.773229795969796399e-08
4.999999145069045081e-01,8.773048755815298113e-08
4.999999144846079546e-01,8.772804213548801199e-08
4.999999144646482541e-01,8.772633403164861327e-08
4.999999144421496400e-01,8.772468885235871275e-08
4.999999144322497258e-01,8.772368064378577935e-08
4.999999144270382834e-01,8.772310363642781395e-08
4.999999144213749247e-01,8.772265270461030526e-08
4.999999144135680584e-01,8.772216487948838670e-08
4.999999144024011577e-01,8.772176720228639489e-08
4.999999143866441509e-01,8.772128077148532932e-08
4.999999143706244098e-01,8.772038465978773539e-08
4.999999143664981549e-01,8.771980194040542576e-08
4.999999143532393719e-01,8.771894693324325472e-08
4.999999143461777429e-01,8.771786728187985836e-08
4.999999143413304536e-01,8.771738444406150316e-08
4.999999143359900033e-01,8.771675116600773800e-08
4.999999143340815300e-01,8.771600962190254404e-08
4.999999143227363829e-01,8.771475322752466222e-08
4.999999142924920204e-01,8.771370609872589148e-08
4.999999142686952225e-01,8.771209439894152828e-08
4.999999142491988735e-01,8.770903865781739413e-08
4.999999142328489521e-01,8.770601615116292564e-08
4.999999142205301395e-01,8.770305692238395854e-08
4.999999142089671111e-01,8.770105473948100128e-08
4.999999142059041723e-01,8.770056309812279994e-08
4.999999141988716866e-01,8.769866183002102948e-08
4.999999141941536274e-01,8.769810738475318859e-08
4.999999141865146823e-01,8.769774582150053895e-08
4.999999141714499551e-01,8.769761149191192303e-08
4.999999141390253921e-01,8.769751416821618336e-08
4.999999141253317347e-01,8.769745752048103132e-08
4.999999141089598864e-01,8.769741889396376255e-08
4.999999140993666158e-01,8.769733783412317181e-08
4.999999140936535191e-01,8.769692165084076629e-08
4.999999140787781404e-01,8.769566184590722165e-08
4.999999140631785632e-01,8.769511852801042516e-08
4.999999140299404843e-01,8.769282116947426176e-08
4.999999140067445946e-01,8.769244028200868444e-08
4.999999139643314661e-01,8.769119610007736340e-08
4.999999139108980417e-01,8.768999438919254575e-08
4.999999138935444787e-01,8.768948471634099857e-08
4.999999138878129523e-01,8.768907303509785443e-08
4.999999138573208990e-01,8.768894252588278754e-08
4.999999138541629251e-01,8.768887840322681125e-08
4.999999138352976269e-01,8.768883456130920468e-08
4.999999137975567054e-01,8.768879060091304990e-08
4.999999137683839301e-01,8.768868782219427656e-08
4.999999137456515585e-01,8.768852748021125085e-08
4.999999136833452873e-01,8.768823319557876495e-08
4.999999136351296336e-01,8.768780395576926414e-08
4.999999136275124489e-01,8.768743967329362607e-08
4.999999136095090724e-01,8.768734797984270835e-08
4.999999135973839381e-01,8.768719827914668244e-08
4.999999135751513890e-01,8.768692868052360737e-08
4.999999135575709519e-01,8.768655634682992261e-08
4.999999135406977269e-01,8.768616303359773804e-08
4.999999135141114937e-01,8.768601428251050812e-08
4.999999134871896400e-01,8.768586354771223068e-08
4.999999134774427700e-01,8.768566796530400371e-08
4.999999134378963483e-01,8.768539594259530779e-08
4.999999134184704430e-01,8.768480019171776463e-08
4.999999134027500736e-01,8.768457248407301952e-08
4.999999133819144626e-01,8.768385677173020943e-08
4.999999133622504144e-01,8.768269631464227395e-08
4.999999133405405027e-01,8.768183108592900399e-08
4.999999133097554616e-01,8.767914634043606827e-08
4.999999132621686937e-01,8.767858284863002085e-08
4.999999132521311118e-01,8.767607355120292891e-08
4.999999132060227724e-01,8.767322479966139775e-08
4.999999131878348213e-01,8.767102804730667133e-08
4.999999131814300002e-01,8.766678899541285571e-08
4.999999131594725088e-01,8.766127422669118408e-08
4.999999131528555241e-01,8.765993731511818847e-08
4.999999131314848411e-01,8.765802801229728934e-08
4.999999131189087342e-01,8.765597555063478720e-08
4.999999131044752798e-01,8.765252987514989776e-08
4.999999130835939276e-01,8.764841608265332148e-08
4.999999130628681177e-01,8.764487023660648424e-08
4.999999130530560221e-01,8.763574645004914192e-08
4.999999130286272853e-01,8.763314537408692417e-08
4.999999130136578707e-01,8.763009793783462013e-08
4.999999130012875437e-01,8.762472733701612684e-08
4.999999129852985558e-01,8.762172487148449226e-08
4.999999129700710143e-01,8.761910700612521584e-08
4.999999129569115408e-01,8.761704354531222137e-08
4.999999129357522998e-01,8.761512195264662298e-08
4.999999129191355918e-01,8.761327541342240523e-08
4.999999128968924955e-01,8.761220445637011834e-08
4.999999128917066438e-01,8.761166060632840645e-08
4.999999128625653433e-01,8.761118163534583236e-08
4.999999128593099473e-01,8.761044695888111170e-08
4.999999128453699315e-01,8.760977166746749938e-08
4.999999128314369101e-01,8.760808210949872086e-08
4.999999128067618148e-01,8.760649001877729219e-08
4.999999127903546614e-01,8.760486752947840596e-08
4.999999127678595445e-01,8.760334599743312435e-08
4.999999127576973956e-01,8.760229858234387458e-08
4.999999127525336373e-01,8.759931830529438241e-08
4.999999127369358920e-01,8.759782676539849798e-08
4.999999127294640355e-01,8.759684991115227760e-08
4.999999127160604795e-01,8.759633719670753724e-08
4.999999126938327043e-01,8.759591695282090245e-08
4.999999126822861628e-01,8.759444635672879919e-08
4.999999126661176518e-01,8.759267166529584104e-08
4.999999126565489171e-01,8.759131893521313563e-08
4.999999126485143996e-01,8.758725561508663367e-08
4.999999126327761556e-01,8.758274320269352013e-08
4.999999126202958055e-01,8.757790499570602399e-08
4.999999126078939482e-01,8.757300175727503939e-08
4.999999125895955299e-01,8.756769046666185122e-08
4.999999125709530534e-01,8.755863797831792242e-08
4.999999125612282769e-01,8.755587193954973898e-08
4.999999125527194166e-01,8.755087012826601973e-08
4.999999125416108026e-01,8.754880769804261793e-08
4.999999125292363678e-01,8.754681160637721431e-08
4.999999125208940409e-01,8.754432705494700210e-08
4.999999125133566813e-01,8.754090229195567828e-08
4.999999125071887263e-01,8.753957729425781902e-08
4.999999125006248102e-01,8.753637496373492715e-08
4.999999124909477732e-01,8.753390280033843959e-08
4.999999124843785836e-01,8.753266558690219022e-08
4.999999124812853357e-01,8.753114846594899836e-08
4.999999124765391878e-01,8.752925099353438550e-08
4.999999124706407394e-01,8.752781613762261339e-08
4.999999124618634827e-01,8.752684539910426319e-08
4.999999124489296065e-01,8.752518251840564032e-08
4.999999124431260267e-01,8.752417349837276118e-08
4.999999124347794810e-01,8.752290492330064561e-08
4.999999124294682851e-01,8.752214359754760859e-08
4.999999124267519579e-01,8.752136429468709370e-08
4.999999124235222636e-01,8.752111271756735201e-08
4.999999124122448402e-01,8.752080343784266619e-08
4.999999124065335199e-01,8.752054856960920401e-08
4.999999123996315409e-01,8.752032173957761165e-08
4.999999123965197523e-01,8.752025205609150755e-08
4.999999123927553191e-01,8.752022211839002349e-08
4.999999123879309004e-01,8.752020213605956115e-08
4.999999123836270654e-01,8.752019188989920372e-08
4.999999123805495271e-01,8.752018432419800717e-08
4.999999123777155163e-01,8.752017717590444293e-08
4.999999123700988868e-01,8.752015890442782988e-08
4.999999123609090157e-01,8.752011143250244550e-08
4.999999123564860537e-01,8.752001089253308431e-08
4.999999123481748686e-01,8.751981779896320885e-08
4.999999123473534146e-01,8.751958997289854610e-08
4.999999123321779981e-01,8.751939719066877265e-08
4.999999123145030810e-01,8.751933336347357171e-08
4.999999123042568883e-01,8.751932653462208549e-08
4.999999122918951655e-01,8.751932351141011607e-08
4.999999122866655710e-01,8.751932258550697972e-08
4.999999122806493279e-01,8.751931849079960257e-08
4.999999122772256221e-01,8.751929888227710153e-08
4.999999122740104163e-01,8.751925302874633513e-08
4.999999122695775733e-01,8.751920976757409160e-08
4.999999122642482252e-01,8.751915820613341704e-08
4.999999122575785604e-01,8.751914990600133185e-08
4.999999122544084851e-01,8.751913903260540075e-08
4.999999122504896198e-01,8.751913281499192104e-08
4.999999122446530109e-01,8.751912627267311233e-08
4.999999122404799046e-01,8.751911917303878511e-08
4.999999122390233475e-01,8.751911054870010127e-08
4.999999122372026927e-01,8.751909373017016493e-08
4.999999122361349357e-01,8.751904753920068940e-08
4.999999122329481516e-01,8.751893568431462939e-08
4.999999122313429356e-01,8.751869706073942611e-08
4.999999122289602305e-01,8.751850203233402473e-08
4.999999122264461859e-01,8.751722232234422472e-08
4.999999122244119798e-01,8.751578183376579141e-08
4.999999122238004690e-01,8.751200070740336073e-08
4.999999122226679305e-01,8.751116845113862421e-08
4.999999122215263991e-01,8.750885693399637739e-08
4.999999122197929524e-01,8.750809530676774437e-08
4.999999122192613221e-01,8.750633630018456305e-08
4.999999122179016320e-01,8.750505045810694118e-08
4.999999122167154697e-01,8.750414905158691220e-08
4.999999122154500375e-01,8.750337615634784298e-08
4.999999122144059838e-01,8.750143763102711235e-08
4.999999122140666996e-01,8.750074950229114641e-08
4.999999122133959584e-01,8.749919806620509948e-08
4.999999122111727368e-01,8.749670498125257463e-08
4.999999122107798843e-01,8.749588898968357459e-08
4.999999122091165482e-01,8.749531376818360392e-08
4.999999122087330772e-01,8.749416547188487939e-08
4.999999122084107794e-01,8.749306222551607806e-08
4.999999122070977742e-01,8.749216140420211262e-08
4.999999122037912525e-01,8.748936103369936070e-08
4.999999122028573328e-01,8.748870801113628263e-08
4.999999121982403039e-01,8.748757123169666566e-08
4.999999121939199265e-01,8.748709804043097961e-08
4.999999121921662182e-01,8.748656450490646776e-08
4.999999121843028971e-01,8.748538699982492209e-08
4.999999121795353219e-01,8.748492302315067188e-08
4.999999121721654949e-01,8.748401762886132093e-08
4.999999121661311552e-01,8.748277262936575239e-08
4.999999121597077378e-01,8.748161364155609618e-08
4.999999121524904555e-01,8.748031956549329631e-08
4.999999121446686567e-01,8.747861139535594059e-08
4.999999121258553725e-01,8.747831423301855043e-08
4.999999121043058325e-01,8.747760509794904444e-08
4.999999120854724532e-01,8.747711547249184254e-08
4.999999120765014071e-01,8.747689561016398132e-08
4.999999120682704357e-01,8.747666622181017778e-08
4.999999120611046677e-01,8.747582793830767218e-08
4.999999120436713351e-01,8.747546578612208021e-08
