# s_error_dp, s_error_pinn
4.225990607206551314e-02,4.242797068815953171e-02
4.218038402094921591e-02,4.218039851740039425e-02
4.218037402681252407e-02,4.218037408322238002e-02
4.218037865474028036e-02,4.218033065075686011e-02
4.218033341331261371e-02,4.218024796660619496e-02
4.218022063021471812e-02,4.175635337692622240e-02
4.218020108752629227e-02,4.154915399117110886e-02
4.218020018630822682e-02,3.954495753625698190e-02
4.218020552368058340e-02,2.334977694150048438e-02
4.218018901742172366e-02,1.505659112961808127e-02
4.218068527968038550e-02,1.157528019144435892e-02
4.218291978048035323e-02,4.853661977459649245e-03
3.313471452469207018e-02,2.422431067926762802e-03
2.018822215943026285e-02,2.256180673107904041e-03
1.882073077706531219e-02,2.045504486590037866e-03
1.830793999656558924e-02,2.024972709787667760e-03
1.463947425703114591e-02,2.232551721933139291e-03
1.283635315582036876e-02,1.966451180014773623e-03
9.852720942568411050e-03,2.033446218510106228e-03
1.015328213248449345e-02,2.369115130312017016e-03
4.672942651655636812e-03,1.959840991190104405e-03
1.830187137089035049e-03,1.789675045109567677e-03
1.788099985234039993e-03,1.930885072722965260e-03
1.775098472706705937e-03,1.483915121935340010e-03
2.110731254001245623e-03,1.861057487379833052e-03
1.750928000103102976e-03,1.727667038259772742e-03
1.494534297829233768e-03,1.865050158042151889e-03
1.614572082506082577e-03,1.616163024849088170e-03
1.699224154070531553e-03,1.507828341595997485e-03
1.516616178001753889e-03,1.460459386835557833e-03
1.918724123311889903e-03,1.844220191968797993e-03
1.792179098746496304e-03,1.705671280675622251e-03
1.318359154706338519e-03,1.677881171431283222e-03
1.632137103832083640e-03,1.261069825392131458e-03
1.116607469756847933e-03,1.616107679410486511e-03
1.160231094600234830e-03,1.190128483648729939e-03
1.778477024227164208e-03,1.189444824796998717e-03
1.559024418156584445e-03,1.170630264527851641e-03
1.337393049438130111e-03,1.326104669292206984e-03
1.037470417006944789e-03,1.746824093575139293e-03
1.257331459594778888e-03,1.445124288194501137e-03
1.522005387094100366e-03,1.596136396735765720e-03
1.503092976691269020e-03,1.484813905181378395e-03
8.873843167065383411e-04,1.794968160143845318e-03
1.079532304249754097e-03,1.904685776248090257e-03
9.318557038995358690e-04,1.570763140166581660e-03
1.092082180481676124e-03,1.872681027113882058e-03
1.201694680674960953e-03,1.678091058086680258e-03
1.255005364805383827e-03,1.486570054598129178e-03
1.256369468171589839e-03,1.686907249412983832e-03
1.156417663390581479e-03,1.250589488763893592e-03
8.648103398381829128e-04,1.274002915379517185e-03
1.289328050416683590e-03,1.854735115184425300e-03
8.302814456367098132e-04,1.713668591809804293e-03
7.657199233114818414e-04,1.647990118306938249e-03
1.353605049895733074e-03,1.243558695250392924e-03
1.219320789479770269e-03,1.606165362736403091e-03
8.867236959799538586e-04,1.236794864802835290e-03
8.237032026581202768e-04,1.215643432646391995e-03
1.405648089390785149e-03,1.219264819780167645e-03
1.391168626245505675e-03,1.209034021797049299e-03
9.362727621350167007e-04,1.197491047175487655e-03
1.462762351932282842e-03,1.204986542579650167e-03
8.791449201918937091e-04,1.306402548547822094e-03
7.882117927660555259e-04,1.292162789324889432e-03
1.034097260045089076e-03,1.395721923434496345e-03
1.325669875109965852e-03,1.011519055295855571e-03
1.514091724676394374e-03,9.445792076816129793e-04
5.111769256606361542e-04,1.132657420510638051e-03
6.955961217541292794e-04,9.412341298117757977e-04
1.330617353639026784e-03,8.492615204736801314e-04
1.070003640676600240e-03,1.082197815589199929e-03
9.374929759014371915e-04,1.195860503120154024e-03
1.085032592037449544e-03,1.202175232210380253e-03
6.881041004118266776e-04,8.820905259237061483e-04
4.466205173620578744e-04,9.923131319202116093e-04
9.826651690473810988e-04,9.935755270772241108e-04
1.045153348163035999e-03,8.760021541135111977e-04
7.245692072550215159e-04,7.098390066829625379e-04
5.849952534280744706e-04,6.353705848666461181e-04
6.182794456913792095e-04,1.488743013860150928e-03
1.350239977299698023e-03,1.456203317442747534e-03
1.012115578676600191e-03,7.400084223487268537e-04
4.550173248758574958e-04,7.544518051015848504e-04
3.243455097585460018e-04,1.218407265787423664e-03
3.553495247531034671e-04,1.539780136993878406e-03
1.164027395283558043e-03,7.532827183500554130e-04
1.301109689812877121e-03,1.017858409257710794e-03
5.070801978600670114e-04,5.905875718333151309e-04
1.011394547736425755e-03,3.915416549516370030e-04
1.311982304394023174e-03,4.752399693288107078e-04
1.291526158873796803e-03,5.696833975236928645e-04
8.152037053496071937e-04,6.643753095886109671e-04
1.026819617950177569e-03,5.211690869448543486e-04
9.523497838418913631e-04,5.462215314014932845e-04
8.697956714614285892e-04,6.317102015999316892e-04
7.951070133418769491e-04,8.387958299994300064e-04
6.657844859897099491e-04,1.202279247237582078e-03
4.402895304322857807e-04,1.434946419431287973e-03
2.631319414271684250e-04,1.103043513825011134e-03
1.379531017717995720e-03,8.276124455348721556e-04
1.057486156719696958e-03,8.266123965711366130e-04
1.375450207716891931e-03,1.286109336939296899e-03
7.530005397285678085e-04,1.407902146575030914e-03
5.704469771187545670e-04,1.327269678767057596e-03
6.095279175601665258e-04,1.341658849320525931e-03
4.415315668888738403e-04,1.386451587179846328e-03
6.012289820696410875e-04,1.378206312960596333e-03
8.099631022399415804e-04,1.386059186863926491e-03
9.722839866879635397e-04,1.390255941552458359e-03
1.018785836802823131e-03,1.406538123945657703e-03
7.851402510972839508e-04,1.346398550219968931e-03
1.816940004786902064e-04,1.245761788026500351e-03
4.335535474673661333e-04,1.104645010556700065e-03
7.911747938094408801e-04,9.747083166033328715e-04
8.803271876366739693e-04,9.153373665095229346e-04
7.662255546402218153e-04,9.329778829730913259e-04
6.510265507698136242e-04,9.615894275320904577e-04
6.725335548689667523e-04,8.265523043278536451e-04
7.764283178762790239e-04,6.048332078904426409e-04
8.557273316925973535e-04,3.955794226847334752e-04
9.947001845245328610e-04,1.434414704332780642e-04
9.549838762006980031e-04,1.303688367582839279e-04
8.766212717391385235e-04,3.089603684413656836e-04
5.864856464217568137e-04,2.877921866835862720e-04
4.253260141705597045e-04,2.711507280373935051e-04
2.089692885541125002e-04,3.169914750723825032e-04
1.564297563961855706e-04,3.984512149371660173e-04
1.241571671702013308e-04,4.634697730748649647e-04
1.233450961027549779e-04,4.918099722357519282e-04
2.581884066033558723e-04,4.582428843027942745e-04
2.609185211564621267e-04,3.948361676063240279e-04
7.342828952726837338e-04,3.153336192022674202e-04
9.833415673793969268e-04,1.469970329859316153e-04
1.357103262219295885e-03,1.972502994032331058e-04
1.367483971013722186e-03,4.970591613705386755e-04
1.129897235804507146e-03,6.014301927726334882e-04
9.370061722815915470e-04,6.567243672553087610e-04
5.284946131914318879e-04,6.478565173539944282e-04
7.780189362472545323e-04,6.973841079222205339e-04
6.546751584805839781e-04,9.006748685293952845e-04
5.249456214265575335e-04,1.074043138510516211e-03
6.320220255725743190e-04,1.307659687581762872e-03
5.116186693206453825e-04,1.211056949950808188e-03
5.083770116732262570e-04,1.189022860303523815e-03
2.605011274466329505e-04,1.270160593057959074e-03
3.513332893107245255e-04,1.228514291932120616e-03
7.227012828183884642e-04,1.112073236093322941e-03
1.187531625150708243e-03,1.086018572963635747e-03
1.210608270225536562e-03,1.029426058025987179e-03
1.264231783664942176e-03,9.668575487932418644e-04
9.994464028051765550e-04,8.781109168710845691e-04
7.382806433597358326e-04,8.145323476580723339e-04
6.286148690327363932e-04,7.488506023200324066e-04
5.677887526151714163e-04,7.203638864281686205e-04
6.105709508431510181e-04,7.241448941404438934e-04
5.998625065434616327e-04,7.380352885663815686e-04
5.975187049055357509e-04,7.889084169982120594e-04
5.963063649552214317e-04,1.055711038975303646e-03
6.051875321128788020e-04,1.009615986216770090e-03
6.071683585436366730e-04,1.018582827462597654e-03
6.235802315536398584e-04,1.248408086257506676e-03
6.572333451924538454e-04,1.336301903053794963e-03
7.014342871545688066e-04,1.307029517481227707e-03
7.624087282701890638e-04,1.411254156394013866e-03
7.893625090878376906e-04,1.217204582528529262e-03
8.311614667167986376e-04,1.281267766339639963e-03
8.801099218634437756e-04,1.261183122192789663e-03
9.522742732434668310e-04,1.203074738970157142e-03
1.017290035521668193e-03,1.227934648793150684e-03
1.069365476624744736e-03,1.245786575133419000e-03
1.054585904383551582e-03,1.282528149527698610e-03
1.156867072004497642e-03,1.328695394909075672e-03
1.096385012232781479e-03,1.413755783245875756e-03
1.113029215185874299e-03,1.369390856999381893e-03
1.227765953622440582e-03,1.402564657817211968e-03
1.203849422716511859e-03,1.395271161255172638e-03
1.229455847525654866e-03,1.392143139162751618e-03
1.303098094709077099e-03,1.416977954771227611e-03
1.415830189937145305e-03,1.414112673057521096e-03
1.410280184398678919e-03,1.388094595125958803e-03
1.401996991965493876e-03,1.325804859955648446e-03
1.380411198730091202e-03,1.336020228450290632e-03
1.363852838964201746e-03,1.314558625036538328e-03
1.380838489876840816e-03,1.264636600006993497e-03
1.381514070405513587e-03,1.190307049042657562e-03
1.389535378723081444e-03,1.247815397385434446e-03
1.393855305020874277e-03,1.222373933941963819e-03
1.388595319806899125e-03,1.204005888646882821e-03
1.358780529584353121e-03,1.274990303409148000e-03
1.394922524514658532e-03,1.278134022862479052e-03
1.289109822219003691e-03,1.277847754069974572e-03
1.215892419032403278e-03,1.286089997900602020e-03
1.095014447294552799e-03,1.287658055659840570e-03
1.062800793603734624e-03,1.381249193313418633e-03
1.027389705813178816e-03,1.364826470316042161e-03
1.008605518051843919e-03,1.377872734899862357e-03
8.964532686908103414e-04,1.399733879031533554e-03
9.258643952832186844e-04,1.366648702948030552e-03
8.433219769088449004e-04,1.262770919625945138e-03
7.979200246375276178e-04,1.139519725016349553e-03
6.987917312214602652e-04,1.009496757056972801e-03
5.452916157339423968e-04,9.907668183755625416e-04
8.691326153559234967e-05,8.379844956189447074e-04
1.504277168007370268e-04,8.445795928853963011e-04
1.787593276460134706e-04,7.695204800672871296e-04
1.919806110396396102e-04,6.418287792356493085e-04
8.790292688290442605e-05,5.844742487666835509e-04
9.803570567628813476e-05,6.308502119891817080e-04
8.125672445712677123e-05,5.892019654816368305e-04
1.400038155945047011e-04,5.978105205629114047e-04
2.024767500909484914e-04,5.969182240667037691e-04
2.051613230437137779e-04,5.269576261326303253e-04
3.223450840541145575e-04,4.273802684146003786e-04
3.382844795407537880e-04,4.105845107445319788e-04
4.071711519667662194e-04,4.422896308876097930e-04
4.998829513949850332e-04,4.141054157465407165e-04
5.455781462337352039e-04,3.764330056333126833e-04
6.182888031375208303e-04,3.192317486952150440e-04
8.040967928164059709e-04,3.275204286265293247e-04
8.702514275447912912e-04,3.228306995799650001e-04
1.077331701510274948e-03,3.188312167485861446e-04
1.123502829979531464e-03,3.414757340543873084e-04
1.219227185679706230e-03,4.129399606957575089e-04
1.263146067669450269e-03,4.011813887344931832e-04
1.408942328131292370e-03,4.158320595835254363e-04
1.351388870951261657e-03,4.621717084063110327e-04
1.198397717123246553e-03,4.737127052524508879e-04
1.112124475034014003e-03,5.351456836031479383e-04
9.295087290248986141e-04,5.647739230442244641e-04
9.837965716859660339e-04,6.169026981897309751e-04
9.646448534527884370e-04,6.370406027427502008e-04
8.470134580613047914e-04,7.702110280923036862e-04
8.583119522401952807e-04,6.983405128964839496e-04
5.698732658645461278e-04,7.161841525587298897e-04
5.629103135326264185e-04,7.647434576613044901e-04
4.495123098627271129e-04,8.007829916915800827e-04
4.855722824709766548e-04,8.698375427998780024e-04
4.497806366164877633e-04,8.516404624657803769e-04
2.876234733317781581e-04,8.688554119991031026e-04
3.435975317653487790e-04,9.059098549200489143e-04
3.016204186682405947e-04,9.120585849428221401e-04
1.956982614811137616e-04,9.233272102921200259e-04
2.168312171178968879e-04,9.419151611437318050e-04
6.386369119624231286e-05,9.681875309259247711e-04
6.393600024562843393e-05,9.989452448511009809e-04
1.021437404216839402e-04,1.018007624257125402e-03
2.322762561894873320e-04,1.053444105518360277e-03
2.075698522261627452e-04,1.053123275448686206e-03
2.368340362048796733e-04,1.067430407775020853e-03
3.103383059567909447e-04,1.128747318305465793e-03
3.061587925327379552e-04,1.148508590054177084e-03
3.584353538271118625e-04,1.219456104648941478e-03
4.235235910271267930e-04,1.206522944227730312e-03
4.419234428182569879e-04,1.290677541029623286e-03
4.640433339915099879e-04,1.252805421923529382e-03
4.708190651949788435e-04,1.245824302349334564e-03
4.776196692857250761e-04,1.267328822021345164e-03
4.810723473078555210e-04,1.268653368863183716e-03
4.657388822880268635e-04,1.300203066551904171e-03
4.007922598032863273e-04,1.347537729767886525e-03
3.717945308562826501e-04,1.327885245837292149e-03
3.592135925702564722e-04,1.405083030447150556e-03
2.917914570493992618e-04,1.391245970054707940e-03
2.963834423669770316e-04,1.384087893787144981e-03
2.716023309796290861e-04,1.390887211428123429e-03
1.698349871092214567e-04,1.398703682979807747e-03
2.214143072257715342e-04,1.396113782973412275e-03
2.531642849236595398e-04,1.380121789335084920e-03
2.321910061518069014e-04,1.394649148161055015e-03
9.580645592713739030e-05,1.392291871514130539e-03
8.182996007006876577e-05,1.370612224071134696e-03
9.045404929023794578e-05,1.348126203944272983e-03
6.642763451212973385e-05,1.313020481305540374e-03
7.661726310142344854e-05,1.331248614982411069e-03
7.392660382019299340e-05,1.344081283715214958e-03
6.808924307031901800e-05,1.338541264111810930e-03
7.174349245979349198e-05,1.372720088790482795e-03
8.407268016034666835e-05,1.359466086818677394e-03
1.008512022174133064e-04,1.347029126207843243e-03
1.525282547805387353e-04,1.333220292700903423e-03
2.564482858284918921e-04,1.309701214738309086e-03
3.903948625357539916e-04,1.322418340147692465e-03
4.710606065395208991e-04,1.317257613228972222e-03
5.480196636131505006e-04,1.319279936875298502e-03
6.611400364784994228e-04,1.351511242030391507e-03
6.962256658701263673e-04,1.383337191187457250e-03
7.316872777525312236e-04,1.368346829865965978e-03
8.998978241938995239e-04,1.364535908773600046e-03
9.127914154459640167e-04,1.382944124008152155e-03
1.121888269817820569e-03,1.410400472734138098e-03
1.270356600292739824e-03,1.407294724606479325e-03
1.353510927690835218e-03,1.386530222341012105e-03
1.365860491683586631e-03,1.372150842006128598e-03
1.366401855187412365e-03,1.341811591487071824e-03
1.397139751759685902e-03,1.296926321384594830e-03
1.313734086588333938e-03,1.245982056047391416e-03
1.263843761780856232e-03,1.148656492815930278e-03
1.196124851908724135e-03,1.068705038249891407e-03
9.930893186647434152e-04,1.097372247449866908e-03
1.036417698391202923e-03,1.093382600511568154e-03
9.777259155167464331e-04,1.059870945262198676e-03
9.154565940277855501e-04,9.974737861795437976e-04
8.519066615164687037e-04,9.744406197817728071e-04
7.025297486203314380e-04,9.315763897407710551e-04
7.086661633233027387e-04,9.049342092183269414e-04
6.105488414159996290e-04,8.573559427380478574e-04
5.726879010301145611e-04,6.771313903700531016e-04
5.128555139932112691e-04,7.413549467440751217e-04
3.142562915055184623e-04,6.946925020334223299e-04
3.757111766646168902e-04,5.956117986035330348e-04
3.160873342302010221e-04,6.134660854978030761e-04
2.857490102152101521e-04,4.645727068056444047e-04
1.540296769168805931e-04,4.717437990661137864e-04
1.844470414000616467e-04,4.025916791922078413e-04
7.414506239727924051e-05,4.048106196653801199e-04
9.956487517442872001e-05,3.556020095721927577e-04
2.357472864332775054e-04,3.333667623587031090e-04
2.342616555460711879e-04,2.867169405711796006e-04
3.558973671357726679e-04,2.367948582856595002e-04
4.104097923358411776e-04,2.456840258277304991e-04
4.422697075299304400e-04,2.142648950618450420e-04
4.697565014834681886e-04,1.418997129411767619e-04
5.461966658700363958e-04,1.491255635301543230e-04
5.357639687466089458e-04,1.217791838650366407e-04
5.893814779485323551e-04,1.161946581161267322e-04
7.247474788915166978e-04,1.351227780394249043e-04
7.275288440202454764e-04,1.222662485403131925e-04
8.200057233963844137e-04,1.450525287249259353e-04
9.269362098245178443e-04,2.062215771931799190e-04
9.638287066417119573e-04,2.163976305730420870e-04
9.468239623593509117e-04,2.497614842910875210e-04
9.689240284283980043e-04,2.241074940444613478e-04
1.031343422542173446e-03,2.228424271541314615e-04
1.136493292961597394e-03,2.394689238510155232e-04
1.146608833506309461e-03,2.086882113462691310e-04
1.227825077001187207e-03,1.515021788445495492e-04
1.261840254170538099e-03,1.199456455776904854e-04
1.391775662527321893e-03,1.212187530843185422e-04
1.357532146926610037e-03,1.184140661029562335e-04
1.396296106428320362e-03,1.205155759218822404e-04
1.346703024599191483e-03,1.888535005197353341e-04
1.341660983410668598e-03,2.494721792822341723e-04
1.277901207316103210e-03,2.984655356139054240e-04
1.193953123065696507e-03,3.691936456955044162e-04
1.177170451731666132e-03,4.168047548646757611e-04
1.139820004745201350e-03,4.325353592837881639e-04
9.987325241723105963e-04,4.710619260989061616e-04
1.059553677887084761e-03,5.039001706423543560e-04
1.062218592443135538e-03,5.457679105814596887e-04
1.007913903815586213e-03,5.848359035560388207e-04
9.675252041121133913e-04,6.114299678074516147e-04
9.217445915304743999e-04,6.486318635630594848e-04
9.076858098662247357e-04,6.436352277805035922e-04
8.814172161170951477e-04,6.485200308018045524e-04
8.465491349269463946e-04,6.555974232843106561e-04
7.844836295214518843e-04,6.925299509134416262e-04
7.762318905239365494e-04,6.295225743675486206e-04
7.041420874635413414e-04,6.438594719887357366e-04
6.910062725595173590e-04,6.748655735732261027e-04
6.513297970395198581e-04,5.701419862023613403e-04
6.046826075421836031e-04,3.454950415165246726e-04
5.804720579539425973e-04,3.093733389074367762e-04
6.268536236336019231e-04,2.796118110014936937e-04
6.070972780238013738e-04,1.960542000316111517e-04
5.793280874649218547e-04,1.903696290514971369e-04
5.617774233007498787e-04,1.617960741220520230e-04
5.738317081044117104e-04,1.609620289971606380e-04
5.786390519857564528e-04,1.443755077390927396e-04
5.689604804337916816e-04,1.651208516873195107e-04
5.713513960310539781e-04,1.646354487996176392e-04
5.678554380722285883e-04,1.361306780350499395e-04
5.623326168767176989e-04,1.584974083218511679e-04
5.644601384915771741e-04,1.601631407272017876e-04
5.642660248702333764e-04,1.621895935461775955e-04
5.631493155877985001e-04,1.615457553435428392e-04
5.618390483648783582e-04,1.688374549790979859e-04
5.576771230565920638e-04,1.565272990141875159e-04
5.559801165575992653e-04,1.713625781088492204e-04
5.264405249870275725e-04,1.712051804411331027e-04
5.315771805736365383e-04,1.793945776571394181e-04
5.300637861020367604e-04,1.756856678726925573e-04
5.237069593763047206e-04,1.799843172089859696e-04
5.229038194152259029e-04,1.841346821132454402e-04
5.221399844563600961e-04,1.816125389562969587e-04
5.191651442038110360e-04,1.808023906821601878e-04
5.169391402781232155e-04,1.916456323992774208e-04
5.082858594193689255e-04,1.807348976600577984e-04
4.728949301550701163e-04,1.748858931700023446e-04
3.795636033014297803e-04,1.753922334526165222e-04
2.780399042741028620e-04,1.705379489303215381e-04
8.888841319449693505e-05,1.636373121776378580e-04
8.831877178711932481e-05,1.545294562892247578e-04
8.505238317743078248e-05,1.351512066062203802e-04
2.031414693835648653e-04,1.282429802086700195e-04
2.582883120984179283e-04,1.194495894671720017e-04
3.405987510451471967e-04,1.223057132503351657e-04
4.267893101510847830e-04,1.188367673122931161e-04
7.471309174532866654e-04,1.205161532512259552e-04
7.146779325615590503e-04,1.199139397939253001e-04
7.430147707661533332e-04,1.253749635745105831e-04
8.231440269656108881e-04,1.635203571604126882e-04
8.848876366513879670e-04,1.467446463476414816e-04
1.133556655937479219e-03,1.600923136767803761e-04
1.076531815607264381e-03,1.971017623659441457e-04
1.152285728838621038e-03,1.872966093837307767e-04
1.306751059194055566e-03,2.521240363523345003e-04
1.319301102784291649e-03,2.431669926765038590e-04
1.326325131396285288e-03,2.471402164210071144e-04
1.259065283983779168e-03,2.564662744894107547e-04
9.148053800759809763e-04,2.825391976649581317e-04
9.088922912199286089e-04,3.171588597654837979e-04
6.993305054147078755e-04,3.586511541813752735e-04
6.619772222892076653e-04,4.365290278028361045e-04
6.601050621123994485e-04,4.001081712709403946e-04
4.669674376711172199e-04,3.652077252336246075e-04
4.359087469627533572e-04,3.857882568911614194e-04
3.505348397031690330e-04,3.909634500965515863e-04
2.975667256905723348e-04,3.889692723166787236e-04
6.571795161086852258e-05,3.823983205907174865e-04
7.079253426287966005e-05,3.905121612518126610e-04
6.868704904921156616e-05,3.932855476542906231e-04
1.481451017461072792e-04,3.933224907634097684e-04
1.889051684360797893e-04,3.946519161131148792e-04
4.106671146245072907e-04,3.926409064471734329e-04
5.078073063953034280e-04,3.898486543870323395e-04
7.071672422821960154e-04,3.819516019208752874e-04
1.103732237600158362e-03,3.594336213242793382e-04
1.081775889487083045e-03,3.303151217169276316e-04
1.250084798128409764e-03,2.665610600022652122e-04
1.398961054181920450e-03,2.035795835253393867e-04
1.179436656380761228e-03,1.367398796750711281e-04
1.071666879115944953e-03,1.267466120843094887e-04
7.752077378517560190e-04,1.168906155781851875e-04
7.312482250788235154e-04,1.205298350126185903e-04
6.572526758211660533e-04,1.235586419244012876e-04
4.459606923253493587e-04,1.303403950161179082e-04
4.331001687286581176e-04,1.305811044350419696e-04
4.563967005406213608e-04,1.320443721713408358e-04
3.995156641035327175e-04,1.282832117572569707e-04
3.596928460764026213e-04,1.464144680747414941e-04
3.151000449055762348e-04,1.247736602774476324e-04
2.736062294168348902e-04,1.207561027095596824e-04
2.465402196942605129e-04,1.176093780054842866e-04
9.919173368635837772e-05,1.204913370799849323e-04
1.294650881668731024e-04,1.296583866539746232e-04
1.304893921030893808e-04,1.311106809373743408e-04
1.080907855868866430e-04,1.388155592387225557e-04
1.047822831207887633e-04,1.540105886201776351e-04
1.070932993058953210e-04,1.650143182923000443e-04
1.005486836167188022e-04,1.859883912730683026e-04
9.162411182442664680e-05,2.092450592207967437e-04
8.667074300358931338e-05,2.602956940518971318e-04
8.760995355284538868e-05,3.209589717687219004e-04
9.452455722877663505e-05,3.252709985504676350e-04
1.201077773366182583e-04,2.809432732285827407e-04
1.409563575929819964e-04,2.864355251251828982e-04
1.464820378370382693e-04,2.874147913881651742e-04
1.498820836918678882e-04,2.645067000023370923e-04
1.254719387759625033e-04,2.335678086091601345e-04
1.259099848771411351e-04,2.104980863577644889e-04
1.054393600683134133e-04,1.808125039912171440e-04
6.068619166436766012e-05,1.699078255614009639e-04
7.674126158913264139e-05,1.588171188502448931e-04
1.056932337944309239e-04,1.590067150538546710e-04
9.679765240239550914e-05,1.548946530140706717e-04
7.849507262998430197e-05,1.692394262113926327e-04
6.334651106315974099e-05,1.930781006032921733e-04
9.545948965212377427e-05,2.423046929279044437e-04
1.228159688859402777e-04,2.728408841333867792e-04
1.286166170129329777e-04,3.188174253904493675e-04
1.488932195132738358e-04,4.704552868185064938e-04
1.642412275193460842e-04,4.163060395670585816e-04
1.656901811074674232e-04,4.106340802079627207e-04
1.733443708734453976e-04,4.596991047017739344e-04
2.117651382040501356e-04,5.077116418644744313e-04
2.462842866807839182e-04,5.675779239852693633e-04
2.503743529102266346e-04,6.179367904574976618e-04
1.814458620160543708e-04,6.435323323235297424e-04
1.933542792377012048e-04,7.199213013644458706e-04
1.875067540367513495e-04,7.249765346151691974e-04
1.884776617417435599e-04,7.260595092660784540e-04
2.053867369100244311e-04,7.995525493236030215e-04
2.455428519376701103e-04,8.346000126307411915e-04
2.771718354285677890e-04,7.930864340266786678e-04
2.780804700929641153e-04,8.171424822529551029e-04
2.958622537961948695e-04,8.361240604360337201e-04
3.134230839025338032e-04,8.275940735342324868e-04
3.380664238173980993e-04,8.159256001046075049e-04
3.221533135995462778e-04,7.788501561889682109e-04
3.106889099680907240e-04,7.421967736343335498e-04
3.238140493276157905e-04,7.282177077486466600e-04
3.348783585327871600e-04,6.875822935607035823e-04
3.276026464854446302e-04,6.320990519178567397e-04
3.335191091992412865e-04,6.196303402676027515e-04
3.337457030620007451e-04,5.574276078670794676e-04
3.373588079907031577e-04,4.073375214017591907e-04
3.396629865590531619e-04,4.150068466846611745e-04
3.552210650870128933e-04,3.525040980938449618e-04
3.497689358625517635e-04,1.691296956972027131e-04
3.458131105695404933e-04,1.692225741082897307e-04
3.382433026193868591e-04,1.144057267725391770e-04
3.331074025533276614e-04,1.355486333267395870e-04
3.386172899365182489e-04,4.561153584974602803e-04
3.601867830234609818e-04,4.507203472331065743e-04
3.678440363061200404e-04,6.186644897179317858e-04
4.022447616398900521e-04,7.717591868789021184e-04
4.215437131163903462e-04,8.220586072326892301e-04
4.252803628853405859e-04,9.890958826259128433e-04
4.568701382233349129e-04,1.044061494255812484e-03
4.463399483480872581e-04,1.074557394187703602e-03
4.599237706226724938e-04,1.199726952363539944e-03
4.706631027224690025e-04,1.259890229826560182e-03
5.134335134085934050e-04,1.348290939115024496e-03
5.283552708894467169e-04,1.390394530574395274e-03
5.292308237475728660e-04,1.177787328512179934e-03
5.528299571963555051e-04,1.185200823586787496e-03
5.906064702635028651e-04,1.152891523644797300e-03
6.447816560883278501e-04,1.092277143406297909e-03
7.354657869874544045e-04,1.093352107903053805e-03
7.543807149466033547e-04,1.224575850501356290e-03
8.551421458015714787e-04,1.337409254768994436e-03
8.559190456034186266e-04,1.399949682521306341e-03
8.407777134049646776e-04,1.332441051647946734e-03
8.861152079626564634e-04,1.279497206944965604e-03
1.032868116106322844e-03,1.247247767103311150e-03
9.758009938173299461e-04,1.179276037477562005e-03
1.003147921410401993e-03,1.175405075304310556e-03
1.050319848891745171e-03,1.147834812415730312e-03
1.055465648120863841e-03,1.134468040869013924e-03
1.084072547331519460e-03,1.116547770785196155e-03
1.099838151717671313e-03,1.123420799088372269e-03
1.112789162745370878e-03,1.123146647368237355e-03
1.134212699374569219e-03,1.171215685461524754e-03
1.187384392863044275e-03,1.328044089478179002e-03
1.275121992369430924e-03,1.352742978287939683e-03
1.320993224076958718e-03,1.254024441937759025e-03
1.411366289498193699e-03,1.218399579093815653e-03
1.408198099715046378e-03,1.101888234493616885e-03
1.402082906873623747e-03,1.078547530670937544e-03
1.314697870892782457e-03,1.038246637952972180e-03
1.340597458052012348e-03,9.968615457321950389e-04
1.353276964407533695e-03,9.544791226030486381e-04
1.324473341098653285e-03,9.082608061619751013e-04
1.293225788331966173e-03,8.798513374305298772e-04
1.275701619198071684e-03,8.685981555425976216e-04
1.241616408189897538e-03,8.322168201649079826e-04
1.260220816141047369e-03,8.515932084940256363e-04
1.250384914776641373e-03,8.399103858729950424e-04
1.211015898396036999e-03,7.978992930809839868e-04
1.223962982590132620e-03,7.733492572152223183e-04
1.215553519996016808e-03,7.014639290594391246e-04
1.191331999800104803e-03,6.564098809482784604e-04
1.162868073168899386e-03,4.067980247325170230e-04
1.054622914497115255e-03,4.340663213290681046e-04
1.025225664088706169e-03,3.127970552980441593e-04
9.621789498515598759e-04,2.762311159876071516e-04
8.887701700021976388e-04,2.276719614233313916e-04
9.043642417377934688e-04,1.683101760595280875e-04
8.787491656163208542e-04,1.921193956459407140e-04
7.951921964804874914e-04,1.542201465902357156e-04
7.473357890213535833e-04,1.188426281249609507e-04
5.087821158256961972e-04,1.759138665726617539e-04
5.180256373857161211e-04,1.755080354326674888e-04
5.159417467062091386e-04,1.341837141958039366e-04
4.525750951344718431e-04,2.203556509302617185e-04
3.837889642428725921e-04,2.527797584261276325e-04
3.612619397126480645e-04,3.467061883242061209e-04
3.382356737669499911e-04,3.458450196266898741e-04
3.469824403884545641e-04,4.244508398125812292e-04
3.448324828289319409e-04,6.714588034174920339e-04
3.684052065046779754e-04,7.326991546057692265e-04
4.130957273393574044e-04,7.180143747781166357e-04
4.523234997894263424e-04,8.505822774577119797e-04
5.013144843590067786e-04,1.079137090404348699e-03
5.798100505329658802e-04,1.019987381767072793e-03
6.881380408889467733e-04,1.120724980843573705e-03
7.111491737764768280e-04,1.412006116445040397e-03
7.155746088992338393e-04,1.375969844750341616e-03
6.929582678093577268e-04,1.340058788756612633e-03
6.880465566682110847e-04,1.309591587704584358e-03
6.695883430657277764e-04,1.108820605536455558e-03
6.363331745389767986e-04,1.155053748525115874e-03
5.721849921708322502e-04,1.062237634580644706e-03
5.799493085553358634e-04,1.009128624701927318e-03
5.073089280237928376e-04,9.681912718379199860e-04
5.257374693612349619e-04,8.716718793756356469e-04
5.250030258615341746e-04,7.946667244224780297e-04
4.544183814955819766e-04,8.308185276025645966e-04
4.010649938657672125e-04,7.392556063632084191e-04
2.988746995933360870e-04,6.607947920293744072e-04
2.450444595189396439e-04,5.705634983965230051e-04
1.669365366725038974e-04,5.079544812430152956e-04
9.903903486309722994e-05,4.439921633872908257e-04
9.041726483594764478e-05,3.640984123661548770e-04
6.167685060972097550e-05,2.178386449069161289e-04
1.300305207240581656e-04,1.805235626883295035e-04
1.688706302556514344e-04,1.346775818015830779e-04
2.846030074067885875e-04,1.605860540233426811e-04
3.629638248805037472e-04,1.262177320076172558e-04
3.349650294730934018e-04,1.095732429167933997e-04
4.693662163228470375e-04,1.545955710463048263e-04
4.644435806944719847e-04,1.558263590183549166e-04
5.253394301814371227e-04,2.117965519477643655e-04
5.668865625804769479e-04,2.946549475771722063e-04
7.187864300661006914e-04,3.145134819731744131e-04
6.554684913047033887e-04,3.821244081259279261e-04
6.900640835080759953e-04,4.217845357097374471e-04
8.134584470100085203e-04,5.776139229983246219e-04
7.732464096180015215e-04,5.187607764291367503e-04
7.522099969413060866e-04,5.738294762902025744e-04
7.878458187207302253e-04,6.089432189427019951e-04
8.699030848801761256e-04,6.535740294852408283e-04
8.223768034063826419e-04,7.345346711136985880e-04
7.833391559867077924e-04,8.701863477889218001e-04
7.736439289805788428e-04,1.012981501355587075e-03
7.280616789938042233e-04,1.154608449259911717e-03
7.305176266397030984e-04,1.024406193018745142e-03
7.352598117052529681e-04,1.061939810147072066e-03
7.546480030361237771e-04,1.092161927178955921e-03
7.918723307467183132e-04,1.120240330987789254e-03
9.213695651167375924e-04,1.209483188958216391e-03
1.146607101982011385e-03,1.191356554120369783e-03
1.267741727223549138e-03,1.346288557721639660e-03
1.360065299599175258e-03,1.399332527172050030e-03
1.250804812670855849e-03,1.378597078962520185e-03
1.223475097114307174e-03,1.274166927086890517e-03
1.215398870829883160e-03,1.217600055843544304e-03
1.042551406778247872e-03,1.227431546690175949e-03
8.430120988637213259e-04,1.127996601454912600e-03
8.964062463446583048e-04,1.061235626794950577e-03
7.507522396710553927e-04,6.905534356457258740e-04
6.135474631537831064e-04,6.705018272234612763e-04
6.874280523862134418e-04,7.461025748253158254e-04
6.113311719246122475e-04,7.984028803651958134e-04
4.614322790989519129e-04,8.278094048052804304e-04
4.317600551184729366e-04,9.103667546400016561e-04
2.554265159768104353e-04,9.183013552661368779e-04
3.176309478820837028e-04,8.500782472636053038e-04
2.992012515497752831e-04,8.268771472421901792e-04
2.326555012479527998e-04,7.956197025517203723e-04
2.349336064289489088e-04,7.576773475468949123e-04
1.982999755674884801e-04,7.585128042492735468e-04
1.461847578129513560e-04,7.879339869701682377e-04
1.172172799310037102e-04,7.784393156077773447e-04
8.155488850234526410e-05,7.673830920235997404e-04
8.514105873586208420e-05,7.668594834970435606e-04
1.123377701195952703e-04,7.652183883683556136e-04
2.326436787315338823e-04,7.633431110506143282e-04
3.543999110244329550e-04,7.639829985549301131e-04
3.308885042684107133e-04,7.644081095891335073e-04
3.835106287307971811e-04,7.659494851698102867e-04
5.417052028444920356e-04,7.676895146860383649e-04
7.964073181659364750e-04,7.698058447258156970e-04
9.073189612429511785e-04,7.745166703085662983e-04
1.067942136888611884e-03,8.359073626221344595e-04
1.252813108314286767e-03,8.364945929239544185e-04
1.257440562841065064e-03,9.722257488098975074e-04
1.298587782333704465e-03,9.149969154055672717e-04
1.391261494396846569e-03,9.841175457564767508e-04
1.307246414578027262e-03,1.038290196969343486e-03
1.247154698751272005e-03,1.030721551090646709e-03
1.076351871120811900e-03,1.056469498569775510e-03
1.103245706461548426e-03,1.093592399941473387e-03
1.053202210704510524e-03,1.209595233437884198e-03
8.739497836491833633e-04,1.178361426706400848e-03
8.765005618432966054e-04,1.178229893831276827e-03
6.452401038911872609e-04,1.159380064616460839e-03
7.409305959566110959e-04,1.174478307856614834e-03
6.382240691552400810e-04,1.243193904339438046e-03
5.448860220985617640e-04,1.234612593188467479e-03
5.416276579708901575e-04,1.248362025007271250e-03
5.483227914078611870e-04,1.283606947416842748e-03
5.007256789340027011e-04,1.278718481818416847e-03
5.792312842406793175e-04,1.299306198942108302e-03
5.711232544108938141e-04,1.351751261753802221e-03
5.737782242810550394e-04,1.339118170196760367e-03
5.955549741777226317e-04,1.352896096397276796e-03
6.049568935391137119e-04,1.363152222163701785e-03
6.078323151184942229e-04,1.377243604373913546e-03
6.012659309566122795e-04,1.410340894783602842e-03
5.696385786404893885e-04,1.407538923973825247e-03
5.046438543817200351e-04,1.401296809257218104e-03
3.875363855177614970e-04,1.390920747028090562e-03
2.503517423474027896e-04,1.349210161357783464e-03
1.038652467677616566e-04,1.354408515639971564e-03
7.307521122567098813e-05,1.318632380880969479e-03
6.413732440730562402e-05,1.306938376360955965e-03
5.579128149019204458e-05,1.274343357561118131e-03
5.567014714433289911e-05,1.286619686940044041e-03
5.606501912912050786e-05,1.274948976111476727e-03
5.627814379313360153e-05,1.260196775118126037e-03
6.109408920098009321e-05,1.232917323155673052e-03
6.129754306592978335e-05,1.229487978010758778e-03
9.813132903645868275e-05,1.262493358257012113e-03
9.901305749516011757e-05,1.255275524437705860e-03
1.232221673782851756e-04,1.256355971303301476e-03
1.550209401253198674e-04,1.274306852673381561e-03
2.257854776314687938e-04,1.300609810725905343e-03
2.048084372289756623e-04,1.348780841084168836e-03
2.208862954610735750e-04,1.358012164632677737e-03
3.007737840036808254e-04,1.400399769151714413e-03
2.932303853566633643e-04,1.411461550129658113e-03
3.190865587345946162e-04,1.406283144548867593e-03
3.650781934476182928e-04,1.378973124842591911e-03
3.722674379343271132e-04,1.377420612683489956e-03
3.804076131332823508e-04,1.353615551857345481e-03
3.851146417455643899e-04,1.333275051006067293e-03
3.966704733931737366e-04,1.300398386081999622e-03
4.191352034267222491e-04,1.264071744878104801e-03
5.125880941823724238e-04,1.250228181920319667e-03
4.775073311170007959e-04,1.232923122595380380e-03
4.544729791996250114e-04,1.227112392281169608e-03
4.645132472417949111e-04,1.216576774524741463e-03
4.620156279692298664e-04,1.202264335676376432e-03
4.022253919180685607e-04,1.172033257690820998e-03
3.947603979458857385e-04,1.118608106057981944e-03
4.072857461397012542e-04,1.024302473243153587e-03
3.733701433266463799e-04,8.721464391260177421e-04
3.135090185069162785e-04,5.880445631838997125e-04
2.674629681527819513e-04,4.193587994560153773e-04
1.048760948451857181e-04,2.612055907781502266e-04
3.412923101702763830e-04,2.293105532351915297e-04
6.825043960214187931e-04,2.767142212781370969e-04
7.031987411050082386e-04,2.480365371570992183e-04
4.752116722299387750e-04,2.255578029846835560e-04
5.693979671213132872e-04,4.032605250741350079e-04
5.716807778709404866e-04,4.603787751624470372e-04
5.905039604676370988e-04,3.751147729095987500e-04
5.832484270634710364e-04,3.946256886137881805e-04
7.140915036498527574e-04,3.797259861921972149e-04
1.004339203326409455e-03,3.941138094853925342e-04
1.295612594769647184e-03,3.998214570651249713e-04
1.395126462704463291e-03,4.028968973296338015e-04
1.306624107630173157e-03,3.998858883006160044e-04
1.350442883201517872e-03,4.111587981273265541e-04
1.214115898080406252e-03,3.953551038024311266e-04
1.217602610843254154e-03,3.794867849201567626e-04
1.160082465923781107e-03,3.416826638995834739e-04
1.029758954826131764e-03,3.292055318031903550e-04
1.036080107395894899e-03,3.074355390865955132e-04
1.021196530553542762e-03,2.898368580050626904e-04
9.647284113597540773e-04,2.656696614896657846e-04
8.985689655612932262e-04,2.598266776185582721e-04
8.668212227201073719e-04,2.578446976204505224e-04
8.133487824935660155e-04,2.584903619047062358e-04
7.625798973846705789e-04,2.596242389519586632e-04
7.598013119272383235e-04,2.589807453038839476e-04
8.350321550614812167e-04,2.562895520916143809e-04
7.014946805480736132e-04,2.504287859131584131e-04
7.853248018855556829e-04,2.380189454276845148e-04
7.507160391938268000e-04,2.124477985446560394e-04
5.683280535542607412e-04,1.486183302607311087e-04
5.208373387634955684e-04,1.113371339491739181e-04
3.650415268776889695e-04,1.583538422587668745e-04
5.612882098247917885e-05,1.914434613940645190e-04
3.437501165478992413e-04,1.455958606516647000e-04
2.407618245367655597e-04,1.736013085994612048e-04
6.809442226345070260e-04,1.542635329735886536e-04
6.764569122591953523e-04,2.409717505237138769e-04
9.018703748153851464e-04,2.766347614482350258e-04
1.175686160052537201e-03,2.769222126527255906e-04
1.257157666643313534e-03,3.113468633185225700e-04
1.317183475340052458e-03,3.739888486757871012e-04
1.212521654141107425e-03,4.340053772721007698e-04
8.838825180291194974e-04,4.650746583369039797e-04
8.114231387688360759e-04,5.157461814983880198e-04
6.276890366303394548e-04,5.964561346179311514e-04
5.393296701324467798e-04,6.153048910812157620e-04
6.993053825888397327e-05,6.731053666097154727e-04
1.317977467965365964e-04,7.265649571894664330e-04
8.824425279383338295e-05,7.470406890451700187e-04
3.478561798005634469e-04,8.064706104384619266e-04
1.998245917474146625e-04,6.655563396755994785e-04
2.907808529537743198e-04,6.877834698576132909e-04
6.686198648545860213e-04,7.047981909428253228e-04
5.618298158678895413e-04,7.802161120469828289e-04
1.047722029437188861e-03,8.478855690416056560e-04
1.021034655901009811e-03,8.492793631692120270e-04
1.068752698941798605e-03,9.864048639837029106e-04
1.380550358147172862e-03,9.571847409174967644e-04
1.402697153856225778e-03,9.195897799669495954e-04
1.367695269179428682e-03,9.833303498005896773e-04
1.225235465964606609e-03,1.101389015420593982e-03
1.221926345448823758e-03,1.177390520368496287e-03
1.152223227446198340e-03,1.248439850398825636e-03
1.093236142936460011e-03,1.314954064519734730e-03
1.046013163432798912e-03,1.294130134459696305e-03
9.321314179004787587e-04,1.344219756826461974e-03
9.691936246338558446e-04,1.312595459125079052e-03
9.055977398853013111e-04,1.332109062550801935e-03
9.319638142742584343e-04,1.346302575532648624e-03
9.758310808180899881e-04,1.350832031019925938e-03
1.160957724296901757e-03,1.319605928979574860e-03
1.042644533198573524e-03,1.367996731007050694e-03
1.053205061827075127e-03,1.364751309451095159e-03
1.229158908118316816e-03,1.364128007796079579e-03
1.125102773406268285e-03,1.416587839880256673e-03
1.338930638557446831e-03,1.390411742522016129e-03
1.140779613118541799e-03,1.404975810917145863e-03
1.146531427608389131e-03,1.380073024706025093e-03
1.089804274362578219e-03,1.367247333491620424e-03
1.101307903342427707e-03,1.355693309601403154e-03
9.769066501891300082e-04,1.328062748703678778e-03
7.998481335346907138e-04,1.304935432289206073e-03
4.610304368574581627e-04,1.280528462083010922e-03
4.175302886344543318e-04,1.259922108652642781e-03
3.799908901805903994e-04,1.212865351192032306e-03
1.168618294305679204e-04,1.213940484896753767e-03
1.448254242246036438e-04,1.196535026446728144e-03
5.923194408669184166e-05,1.174937741970203406e-03
5.609384211830708032e-05,1.115358458037759085e-03
5.921130716620758239e-05,1.106210079787226137e-03
7.687696757255178424e-05,1.087073913814788411e-03
8.567705147738831047e-05,1.018690613663956069e-03
1.520708457759096480e-04,1.001932015582184064e-03
1.933318062162276037e-04,8.820190880991484730e-04
2.536420882829999376e-04,6.881700629909122836e-04
3.145875592436621370e-04,6.335686952168739132e-04
5.669281882298857428e-04,5.493013214138492894e-04
5.703801513929821322e-04,4.048118209636609685e-04
5.502878353096858936e-04,4.559851575716080568e-04
5.945224057707852424e-04,4.175343847345926586e-04
6.693176603498615998e-04,3.885582744588442715e-04
7.359872723151547049e-04,3.832904684806045679e-04
8.238330179397973779e-04,3.687489036135004452e-04
9.475053275785420533e-04,3.538022512976926278e-04
9.458325014847565734e-04,3.502469661257959764e-04
9.771035824415639452e-04,3.350146565259988366e-04
9.822296338145217447e-04,3.855577295083223704e-04
9.470355635824602566e-04,4.433428097326832466e-04
9.521002027479277081e-04,4.580569764059516224e-04
9.008888905011213808e-04,5.047991690323767487e-04
9.532495106745460332e-04,4.480034438253845792e-04
1.221337546275698795e-03,4.621529332253374641e-04
1.102255557346738758e-03,4.877062828167655806e-04
1.048497980075720247e-03,4.825974387578278410e-04
1.115317703430228563e-03,4.713493361864066512e-04
1.175890260219385067e-03,4.814314416895030526e-04
1.228310696256238030e-03,4.743074715338142029e-04
1.254411904301200092e-03,4.683234973532055304e-04
1.361099440528015922e-03,4.680726817387962616e-04
1.200161278795967802e-03,4.719919461761180879e-04
1.179605096107900521e-03,4.835852062599699046e-04
1.085086255144574602e-03,5.113431523552922683e-04
8.016742295086616912e-04,5.560078784096610539e-04
8.231801321321754973e-04,6.070585699677750720e-04
7.891736060938454693e-04,6.337048281227291528e-04
7.390117007652141157e-04,6.445435367253894189e-04
6.226819981762957796e-04,6.778667037892629295e-04
5.733902182836379206e-04,7.180606953314637051e-04
5.174746568456856707e-04,7.423743228909397522e-04
6.008429347959177340e-04,7.588687421270572889e-04
4.729137233368764970e-04,8.083934790780086246e-04
4.236167185339292734e-04,7.936011455337135595e-04
4.975577681760226089e-04,7.926482844525444904e-04
4.628521096365427706e-04,8.314446218210093734e-04
4.250641450880258032e-04,8.472719014423419140e-04
4.366369647393602963e-04,8.906017482318961259e-04
4.771500342883602070e-04,1.000255519850193949e-03
5.135818491771550675e-04,1.034972290507259413e-03
5.524168605821676119e-04,1.101759030329366954e-03
6.245165022888241220e-04,1.206841823881633869e-03
6.373062322878693051e-04,1.214027508395147279e-03
7.314770519514201793e-04,1.312025728710134202e-03
7.648479374712652528e-04,1.247464377145394553e-03
9.107940806913712630e-04,1.295794790898728089e-03
8.398514279003167077e-04,1.187015645876495114e-03
8.434448131736223481e-04,1.152934396309523600e-03
9.290512201132305591e-04,1.110660853367379007e-03
9.854838589569479921e-04,1.065019902484102372e-03
1.128042508558025009e-03,9.122254983987178193e-04
1.110296988236406969e-03,9.633530494657217922e-04
1.176992844538562533e-03,8.485589509180431088e-04
1.362332876034812569e-03,7.548099897755229919e-04
1.277978374444324432e-03,7.224617476149214476e-04
1.314597366266691486e-03,6.737212737575440412e-04
1.398174557061575762e-03,4.873262614249578017e-04
1.410809957251426194e-03,5.401716461903430851e-04
1.374656731536906280e-03,4.613883003605442922e-04
1.239632850696912062e-03,4.016360019868264763e-04
1.240827574527484734e-03,3.191852055792910453e-04
1.179675771097093767e-03,3.587823066621442271e-04
1.081382492712076740e-03,3.154304493441165017e-04
1.074740091961952620e-03,2.784612409915445666e-04
1.002828105902475470e-03,2.452570474464063686e-04
9.558232267004693368e-04,2.175932559009423654e-04
9.720704518049683380e-04,1.802489412685999686e-04
9.391977872639560793e-04,1.227408734892365965e-04
8.854939033500625056e-04,1.073732924797891029e-04
9.431517000455214798e-04,1.073792824989276148e-04
9.127769903381756323e-04,1.193307937429514634e-04
8.821385563871312219e-04,2.142508784481425186e-04
8.682486682164934893e-04,1.588352661211055324e-04
8.789146984136274494e-04,1.660251690412915544e-04
8.656945216605205218e-04,2.021163771012170749e-04
8.447704662309663817e-04,2.636180430050028478e-04
8.224540703979643912e-04,2.672750999676911667e-04
8.322246668561857292e-04,3.152108024105279549e-04
8.267723762031192530e-04,3.717523848525692339e-04
8.153259159945306506e-04,4.345507773488979436e-04
8.109600750158686266e-04,3.466293999118667964e-04
7.849819799657667624e-04,3.226243215917315227e-04
7.559351051620307816e-04,3.147571141095324601e-04
7.391429916825691029e-04,2.567956605692748814e-04
7.477713235715922023e-04,1.944442753519559685e-04
8.165027658854217977e-04,2.087262998569415300e-04
8.361874201879256410e-04,1.858142799497287565e-04
8.496129267320833489e-04,2.453199747329736706e-04
8.361246634111838905e-04,2.157816855896513069e-04
8.690698158095389383e-04,1.781386837917281495e-04
8.858838229672397809e-04,1.426352033342924430e-04
8.871289686359503605e-04,1.194381402104378957e-04
8.943257509183181542e-04,1.131760401688742103e-04
9.161489109128221524e-04,1.097634518748975797e-04
8.892414592308724381e-04,1.091540214223457009e-04
9.031198666264051572e-04,1.314784800905005613e-04
9.086700881805084536e-04,1.289111753539548262e-04
9.173810921924766253e-04,1.464587165386035429e-04
9.346469098332963995e-04,1.878245362648182600e-04
9.310986949288776755e-04,2.080080685357924431e-04
9.271068135524208756e-04,1.872166732913712012e-04
9.375775854520037016e-04,1.888785972609828751e-04
9.233262954874167910e-04,2.040881953022029055e-04
9.350471331663110343e-04,2.133961520525391265e-04
9.488807999253858405e-04,2.239060036137604213e-04
9.514464617450114729e-04,2.259008520940337212e-04
9.669705935052815352e-04,2.433419900538158671e-04
9.548663920725262077e-04,2.415193355730984323e-04
9.571401966595055079e-04,2.491210337649874852e-04
9.586970977054886647e-04,2.529051530972914550e-04
9.789593002409902218e-04,2.560925909301339548e-04
9.738820960987230792e-04,2.592047063529060369e-04
9.816742912711932337e-04,2.599607136773282243e-04
9.833859667615879162e-04,2.617302912389419286e-04
9.874571887190945665e-04,2.628349755667630993e-04
9.724970649168822095e-04,2.650793302941949767e-04
9.528592440544382449e-04,2.699965767842023171e-04
9.271217053420984650e-04,2.790322873815457736e-04
8.778394876081852156e-04,2.944732745719021182e-04
7.571569117626387362e-04,3.089927158672542136e-04
6.833119495658730117e-04,3.142798243818784531e-04
6.973027688644404436e-04,3.121212639651034667e-04
6.618396431475304618e-04,3.115894636736616687e-04
5.279472552862298374e-04,3.102648374682909324e-04
4.064234383322148122e-04,3.085146860080339288e-04
4.107927584683222126e-04,3.060974675220631846e-04
3.573999705922093579e-04,2.948417517064920337e-04
2.365019325280743906e-04,2.522097873819416402e-04
2.573137143936771436e-04,2.495080771483691924e-04
1.206240381473345504e-04,2.279126506607281595e-04
1.607278015611096362e-04,2.217244575471567043e-04
9.499464566354308989e-05,2.110802435346107906e-04
7.035985896554967066e-05,2.072681939481295648e-04
5.156631655814352945e-05,2.053924157129327611e-04
5.386209405627611426e-05,2.051656747935000672e-04
6.267413248341588341e-05,2.049483615753800055e-04
1.209311418368562771e-04,2.046755378678808237e-04
1.050981344068354902e-04,2.005642560654623990e-04
1.679530316255762451e-04,1.945063147134976371e-04
2.338374936643150786e-04,1.577109874334865997e-04
2.575958417744835080e-04,1.447387059230566589e-04
3.325452635382922717e-04,1.095021442669779987e-04
3.964887490979465581e-04,1.230873304514821728e-04
4.046244133079322249e-04,5.094029118866996676e-04
4.605579005255377133e-04,5.940933521790012044e-04
4.760925098945245604e-04,6.624890666897033939e-04
4.797216451224093877e-04,7.526342968959679521e-04
5.217792681607425192e-04,8.524672755958006111e-04
6.083669268329256700e-04,9.153795049560263389e-04
6.812573458198359832e-04,8.758610683649239873e-04
6.465935583073819824e-04,7.518949802400680654e-04
6.673003909028242270e-04,9.149162397471112627e-04
7.173091631464051984e-04,9.142591980973079286e-04
7.133045232056069856e-04,8.774166657814431091e-04
8.592044564851696736e-04,8.910652011583943249e-04
8.177672336373841304e-04,8.686733156017648104e-04
8.472186727989016114e-04,8.715446255850297719e-04
8.587662518441233116e-04,8.668125228001031298e-04
9.100897704770898912e-04,8.814006626864389921e-04
8.780719854876899502e-04,8.854934577811915354e-04
9.177352775429980592e-04,8.975309074184686063e-04
9.676305868361999990e-04,1.003351586834433460e-03
9.680286667296100073e-04,9.691835236830938314e-04
1.016701244178641996e-03,9.799311970493057664e-04
1.055569546167132262e-03,9.811326222532524080e-04
1.080284279621602063e-03,1.044252354672927166e-03
1.168555073014420622e-03,1.105498617539445476e-03
1.169949630457720741e-03,1.129735961027537698e-03
1.199617681972162814e-03,1.189544758646216656e-03
1.246225836374928626e-03,1.340253059185617796e-03
1.219699825189722196e-03,1.348254621396766193e-03
1.221613396432346885e-03,1.324734613093479785e-03
1.215702215013605590e-03,1.140665106370380511e-03
1.220804316557485983e-03,1.112750444481335225e-03
1.190142443273729941e-03,1.143812984828028283e-03
1.173178413811111877e-03,1.072624902099389866e-03
1.100565615148240035e-03,1.060072387177124790e-03
1.137442988044038089e-03,9.663905713622744642e-04
1.168279550515506377e-03,9.085573154156475345e-04
1.143615109154698687e-03,9.185551910041001673e-04
