# step_dp, step_pinn
5.000000000000000278e-02,5.000000000000000278e-02
5.000000000000000278e-02,5.000000000000000278e-02
5.000000000000000278e-02,5.000000000000000278e-02
5.000000000000000278e-02,5.000000000000000278e-02
5.000000000000000278e-02,5.000000000000000278e-02
5.000000000000000278e-02,7.660674595539434506e+01
5.000000000000000278e-02,1.859095545433726501e-02
5.000000000000000278e-02,6.516436789258987783e-02
5.000000000000000278e-02,6.553121141918457404e+00
5.000000000000000278e-02,4.732350065355617197e-02
5.000000000000000278e-02,1.006859443267536930e-01
1.309784197733697142e-01,5.000000000000000278e-02
5.000000000000000278e-02,5.000000000000000278e-02
2.664825011961253209e-01,5.000000000000000278e-02
5.375235702124489534e-03,5.000000000000000278e-02
4.740108830971802301e-02,5.000000000000000278e-02
5.000000000000000278e-02,5.000000000000000278e-02
6.955881998078010664e-01,5.000000000000000278e-02
2.272416999027683460e+00,5.000000000000000278e-02
2.241048347483192427e-01,5.000000000000000278e-02
5.000000000000000278e-02,5.000000000000000278e-02
5.000000000000000278e-02,5.000000000000000278e-02
4.039087321329776770e-01,5.000000000000000278e-02
5.000000000000000278e-02,5.000000000000000278e-02
5.000000000000000278e-02,5.000000000000000278e-02
5.000000000000000278e-02,5.000000000000000278e-02
5.000000000000000278e-02,5.000000000000000278e-02
4.048003081204169518e-01,5.000000000000000278e-02
5.000000000000000278e-02,5.000000000000000278e-02
5.000000000000000278e-02,5.000000000000000278e-02
5.000000000000000278e-02,5.000000000000000278e-02
5.000000000000000278e-02,5.000000000000000278e-02
5.000000000000000278e-02,5.000000000000000278e-02
5.000000000000000278e-02,5.000000000000000278e-02
5.000000000000000278e-02,5.000000000000000278e-02
5.000000000000000278e-02,6.190182069991889691e-01
5.000000000000000278e-02,5.000000000000000278e-02
5.000000000000000278e-02,5.000000000000000278e-02
5.000000000000000278e-02,5.000000000000000278e-02
5.000000000000000278e-02,5.000000000000000278e-02
5.764625220027606023e-01,5.000000000000000278e-02
5.000000000000000278e-02,6.651187713874741059e-01
2.779951286831495172e-01,5.000000000000000278e-02
5.000000000000000278e-02,5.000000000000000278e-02
5.000000000000000278e-02,5.000000000000000278e-02
5.000000000000000278e-02,5.000000000000000278e-02
5.000000000000000278e-02,5.000000000000000278e-02
5.000000000000000278e-02,5.000000000000000278e-02
5.000000000000000278e-02,5.572816983651870393e-01
5.000000000000000278e-02,5.000000000000000278e-02
5.000000000000000278e-02,5.000000000000000278e-02
5.000000000000000278e-02,6.525314401730214486e-01
5.000000000000000278e-02,5.000000000000000278e-02
5.000000000000000278e-02,5.000000000000000278e-02
4.972563428509185757e-01,5.000000000000000278e-02
3.691129461109036725e-01,3.986905355513790661e-01
5.000000000000000278e-02,5.000000000000000278e-02
5.000000000000000278e-02,5.000000000000000278e-02
5.000000000000000278e-02,5.000000000000000278e-02
5.000000000000000278e-02,5.000000000000000278e-02
5.000000000000000278e-02,5.000000000000000278e-02
5.000000000000000278e-02,5.000000000000000278e-02
5.000000000000000278e-02,5.000000000000000278e-02
5.000000000000000278e-02,5.000000000000000278e-02
5.000000000000000278e-02,5.000000000000000278e-02
5.000000000000000278e-02,5.470913042180340913e-01
5.000000000000000278e-02,5.000000000000000278e-02
5.390686428187635437e-01,5.000000000000000278e-02
5.000000000000000278e-02,5.000000000000000278e-02
3.674020464216383730e-01,5.000000000000000278e-02
5.309639910686286823e-01,5.000000000000000278e-02
5.000000000000000278e-02,5.000000000000000278e-02
5.000000000000000278e-02,5.000000000000000278e-02
5.000000000000000278e-02,5.000000000000000278e-02
5.000000000000000278e-02,5.000000000000000278e-02
5.000000000000000278e-02,5.000000000000000278e-02
4.305322104056654720e-01,7.136449624265646385e-02
5.000000000000000278e-02,5.702138529293849789e-01
5.000000000000000278e-02,5.000000000000000278e-02
5.000000000000000278e-02,5.000000000000000278e-02
5.000000000000000278e-02,2.161043189557709243e-01
5.000000000000000278e-02,5.532402150392963236e-01
5.000000000000000278e-02,5.000000000000000278e-02
5.000000000000000278e-02,5.000000000000000278e-02
5.000000000000000278e-02,5.000000000000000278e-02
5.000000000000000278e-02,5.000000000000000278e-02
5.000000000000000278e-02,5.000000000000000278e-02
5.000000000000000278e-02,5.000000000000000278e-02
5.000000000000000278e-02,5.000000000000000278e-02
5.000000000000000278e-02,5.000000000000000278e-02
5.000000000000000278e-02,5.000000000000000278e-02
5.000000000000000278e-02,5.000000000000000278e-02
5.000000000000000278e-02,5.483355203574009629e-01
5.000000000000000278e-02,5.000000000000000278e-02
5.000000000000000278e-02,5.000000000000000278e-02
5.000000000000000278e-02,5.000000000000000278e-02
5.000000000000000278e-02,5.000000000000000278e-02
5.000000000000000278e-02,5.000000000000000278e-02
5.000000000000000278e-02,5.000000000000000278e-02
5.000000000000000278e-02,5.000000000000000278e-02
5.000000000000000278e-02,5.000000000000000278e-02
3.176768562379964633e-01,5.000000000000000278e-02
5.000000000000000278e-02,5.000000000000000278e-02
5.000000000000000278e-02,5.000000000000000278e-02
5.000000000000000278e-02,5.000000000000000278e-02
5.000000000000000278e-02,5.000000000000000278e-02
5.000000000000000278e-02,5.000000000000000278e-02
5.000000000000000278e-02,5.000000000000000278e-02
5.000000000000000278e-02,5.000000000000000278e-02
5.000000000000000278e-02,5.000000000000000278e-02
5.000000000000000278e-02,5.000000000000000278e-02
5.000000000000000278e-02,5.000000000000000278e-02
5.000000000000000278e-02,5.000000000000000278e-02
5.000000000000000278e-02,5.000000000000000278e-02
5.000000000000000278e-02,5.000000000000000278e-02
5.000000000000000278e-02,5.000000000000000278e-02
5.000000000000000278e-02,5.000000000000000278e-02
5.000000000000000278e-02,3.336317556367995318e-01
5.000000000000000278e-02,4.567214926837450117e-01
5.000000000000000278e-02,5.000000000000000278e-02
5.000000000000000278e-02,5.000000000000000278e-02
5.000000000000000278e-02,5.000000000000000278e-02
5.000000000000000278e-02,5.000000000000000278e-02
5.000000000000000278e-02,5.000000000000000278e-02
5.000000000000000278e-02,5.000000000000000278e-02
3.339102038283095486e-01,5.000000000000000278e-02
6.899937651867509292e-01,5.000000000000000278e-02
5.000000000000000278e-02,5.000000000000000278e-02
5.000000000000000278e-02,5.000000000000000278e-02
7.671917016188385396e-01,5.000000000000000278e-02
5.000000000000000278e-02,5.000000000000000278e-02
5.000000000000000278e-02,5.000000000000000278e-02
5.000000000000000278e-02,5.000000000000000278e-02
5.000000000000000278e-02,5.000000000000000278e-02
4.351210287575604796e-01,5.000000000000000278e-02
5.000000000000000278e-02,5.000000000000000278e-02
5.000000000000000278e-02,5.000000000000000278e-02
1.828134823507538698e-01,5.000000000000000278e-02
7.000613479912973780e-01,4.327625525894311931e-01
5.000000000000000278e-02,5.348157291643073075e-01
5.000000000000000278e-02,5.000000000000000278e-02
5.000000000000000278e-02,5.000000000000000278e-02
5.000000000000000278e-02,5.000000000000000278e-02
5.000000000000000278e-02,5.000000000000000278e-02
5.000000000000000278e-02,1.712121168816748695e-01
5.000000000000000278e-02,5.000000000000000278e-02
5.000000000000000278e-02,5.000000000000000278e-02
5.000000000000000278e-02,5.000000000000000278e-02
5.000000000000000278e-02,5.000000000000000278e-02
2.876629036310480725e-01,5.000000000000000278e-02
6.591635394733564857e-01,5.000000000000000278e-02
5.000000000000000278e-02,5.000000000000000278e-02
5.000000000000000278e-02,5.000000000000000278e-02
4.584645379497835349e-01,5.000000000000000278e-02
5.000000000000000278e-02,5.000000000000000278e-02
5.000000000000000278e-02,5.000000000000000278e-02
5.000000000000000278e-02,5.000000000000000278e-02
5.000000000000000278e-02,5.000000000000000278e-02
5.000000000000000278e-02,5.000000000000000278e-02
5.000000000000000278e-02,5.000000000000000278e-02
5.000000000000000278e-02,5.000000000000000278e-02
5.000000000000000278e-02,6.545021400577276660e-01
5.000000000000000278e-02,2.975474805588039229e-01
5.000000000000000278e-02,5.000000000000000278e-02
5.000000000000000278e-02,5.000000000000000278e-02
5.000000000000000278e-02,5.000000000000000278e-02
5.000000000000000278e-02,5.000000000000000278e-02
5.000000000000000278e-02,5.000000000000000278e-02
5.000000000000000278e-02,5.000000000000000278e-02
5.000000000000000278e-02,5.000000000000000278e-02
5.000000000000000278e-02,5.000000000000000278e-02
5.000000000000000278e-02,5.000000000000000278e-02
5.000000000000000278e-02,5.000000000000000278e-02
2.868483985742148468e-01,5.000000000000000278e-02
5.012388061680436158e-01,5.000000000000000278e-02
5.000000000000000278e-02,5.000000000000000278e-02
5.000000000000000278e-02,5.000000000000000278e-02
5.000000000000000278e-02,5.000000000000000278e-02
5.000000000000000278e-02,5.000000000000000278e-02
5.000000000000000278e-02,5.000000000000000278e-02
5.000000000000000278e-02,2.544785855423208898e-01
4.698174596778225132e-01,6.998618907524286614e-01
5.000000000000000278e-02,5.000000000000000278e-02
5.000000000000000278e-02,5.000000000000000278e-02
5.000000000000000278e-02,5.000000000000000278e-02
4.856357974919758846e-01,5.000000000000000278e-02
5.000000000000000278e-02,5.000000000000000278e-02
5.000000000000000278e-02,5.000000000000000278e-02
5.000000000000000278e-02,5.000000000000000278e-02
5.000000000000000278e-02,5.000000000000000278e-02
5.000000000000000278e-02,5.000000000000000278e-02
5.000000000000000278e-02,5.000000000000000278e-02
5.000000000000000278e-02,5.000000000000000278e-02
5.000000000000000278e-02,5.000000000000000278e-02
3.348927997409886781e-01,5.000000000000000278e-02
5.000000000000000278e-02,5.000000000000000278e-02
5.000000000000000278e-02,5.000000000000000278e-02
5.000000000000000278e-02,5.000000000000000278e-02
5.000000000000000278e-02,5.000000000000000278e-02
5.000000000000000278e-02,5.000000000000000278e-02
1.696564603766801127e-01,5.000000000000000278e-02
2.139411253309131400e-01,5.000000000000000278e-02
3.415471828203204829e-01,6.321225742400912728e-02
5.000000000000000278e-02,2.711855877571593965e-01
5.000000000000000278e-02,5.000000000000000278e-02
5.000000000000000278e-02,3.217600817402181956e-01
5.000000000000000278e-02,5.951481435886862847e-01
5.000000000000000278e-02,5.000000000000000278e-02
5.000000000000000278e-02,5.000000000000000278e-02
5.000000000000000278e-02,6.394288235699218115e-01
5.976082781404000732e-01,5.000000000000000278e-02
5.000000000000000278e-02,5.000000000000000278e-02
5.000000000000000278e-02,5.000000000000000278e-02
5.000000000000000278e-02,5.000000000000000278e-02
5.000000000000000278e-02,6.017692135205262582e-01
5.000000000000000278e-02,5.000000000000000278e-02
5.000000000000000278e-02,5.000000000000000278e-02
5.000000000000000278e-02,5.000000000000000278e-02
3.204169966423004445e-01,5.000000000000000278e-02
6.659166173949209178e-01,5.000000000000000278e-02
5.000000000000000278e-02,5.000000000000000278e-02
5.000000000000000278e-02,5.000000000000000278e-02
5.000000000000000278e-02,5.000000000000000278e-02
5.000000000000000278e-02,5.000000000000000278e-02
5.000000000000000278e-02,5.000000000000000278e-02
5.000000000000000278e-02,5.508014443318416387e-01
5.000000000000000278e-02,4.514228832273094461e-01
5.000000000000000278e-02,5.000000000000000278e-02
5.000000000000000278e-02,6.807705751990535958e-01
4.838498546230369235e-01,5.000000000000000278e-02
5.000000000000000278e-02,5.000000000000000278e-02
5.000000000000000278e-02,1.643658399627929145e-01
5.000000000000000278e-02,5.000000000000000278e-02
5.000000000000000278e-02,5.000000000000000278e-02
5.000000000000000278e-02,5.000000000000000278e-02
5.000000000000000278e-02,5.000000000000000278e-02
5.000000000000000278e-02,5.000000000000000278e-02
5.000000000000000278e-02,5.257060169756797574e-01
5.000000000000000278e-02,5.000000000000000278e-02
5.000000000000000278e-02,5.000000000000000278e-02
5.000000000000000278e-02,5.000000000000000278e-02
5.000000000000000278e-02,5.000000000000000278e-02
6.287917620248671957e-01,5.000000000000000278e-02
5.000000000000000278e-02,5.000000000000000278e-02
5.000000000000000278e-02,5.000000000000000278e-02
5.000000000000000278e-02,5.000000000000000278e-02
5.000000000000000278e-02,5.000000000000000278e-02
5.344249864686998475e-01,3.406288909008064469e-01
5.000000000000000278e-02,5.000000000000000278e-02
5.000000000000000278e-02,5.000000000000000278e-02
5.000000000000000278e-02,6.274125441657241176e-01
5.000000000000000278e-02,5.000000000000000278e-02
5.000000000000000278e-02,5.000000000000000278e-02
5.000000000000000278e-02,5.000000000000000278e-02
5.000000000000000278e-02,6.101741873439291419e-01
5.000000000000000278e-02,5.000000000000000278e-02
5.000000000000000278e-02,5.000000000000000278e-02
5.000000000000000278e-02,5.147442933838752843e-01
5.000000000000000278e-02,5.000000000000000278e-02
5.000000000000000278e-02,5.000000000000000278e-02
5.000000000000000278e-02,5.000000000000000278e-02
5.000000000000000278e-02,5.000000000000000278e-02
5.000000000000000278e-02,5.000000000000000278e-02
5.000000000000000278e-02,5.000000000000000278e-02
5.000000000000000278e-02,5.000000000000000278e-02
5.000000000000000278e-02,9.763089909220136475e-02
5.000000000000000278e-02,2.747004666544020646e-01
5.000000000000000278e-02,5.000000000000000278e-02
5.000000000000000278e-02,5.000000000000000278e-02
5.000000000000000278e-02,5.000000000000000278e-02
6.040909700041936503e-01,3.582955328569015219e-01
5.084089544693773943e-01,5.000000000000000278e-02
4.715273171719792655e-01,5.000000000000000278e-02
5.000000000000000278e-02,5.000000000000000278e-02
5.000000000000000278e-02,5.000000000000000278e-02
5.000000000000000278e-02,5.000000000000000278e-02
5.000000000000000278e-02,5.000000000000000278e-02
5.000000000000000278e-02,3.627686025967294392e-01
5.000000000000000278e-02,4.412328119027328910e-01
5.000000000000000278e-02,5.000000000000000278e-02
5.000000000000000278e-02,5.000000000000000278e-02
5.000000000000000278e-02,5.000000000000000278e-02
5.000000000000000278e-02,5.000000000000000278e-02
5.000000000000000278e-02,5.000000000000000278e-02
5.000000000000000278e-02,5.000000000000000278e-02
1.553959691408476340e-01,5.000000000000000278e-02
5.000000000000000278e-02,5.000000000000000278e-02
5.000000000000000278e-02,5.000000000000000278e-02
5.000000000000000278e-02,5.000000000000000278e-02
4.355522141492411126e-01,5.000000000000000278e-02
5.000000000000000278e-02,5.000000000000000278e-02
4.156388416748459380e-01,5.000000000000000278e-02
5.000000000000000278e-02,5.000000000000000278e-02
5.000000000000000278e-02,5.000000000000000278e-02
5.000000000000000278e-02,5.000000000000000278e-02
5.000000000000000278e-02,5.000000000000000278e-02
5.000000000000000278e-02,5.000000000000000278e-02
1.642082969641913970e-01,5.000000000000000278e-02
2.405223703248119960e-01,5.000000000000000278e-02
5.000000000000000278e-02,1.561681462216521488e-01
5.000000000000000278e-02,5.000000000000000278e-02
5.000000000000000278e-02,5.000000000000000278e-02
2.683555533236403612e-01,5.669901541363642217e-01
2.806743240824824959e-01,5.000000000000000278e-02
5.000000000000000278e-02,5.000000000000000278e-02
5.000000000000000278e-02,1.524015264248131940e-01
5.000000000000000278e-02,2.443190482342640080e-01
1.270291634647612578e-01,5.000000000000000278e-02
2.232480837408934715e-01,5.000000000000000278e-02
5.000000000000000278e-02,5.000000000000000278e-02
5.000000000000000278e-02,5.484080489582623397e-01
5.000000000000000278e-02,5.000000000000000278e-02
1.183482249689327415e-01,5.000000000000000278e-02
7.511629671419284282e-01,5.000000000000000278e-02
5.000000000000000278e-02,5.000000000000000278e-02
5.000000000000000278e-02,5.000000000000000278e-02
5.000000000000000278e-02,5.000000000000000278e-02
5.260810176811054895e-01,5.000000000000000278e-02
5.000000000000000278e-02,5.000000000000000278e-02
5.000000000000000278e-02,5.000000000000000278e-02
5.000000000000000278e-02,5.000000000000000278e-02
5.000000000000000278e-02,5.000000000000000278e-02
1.623559723857709858e-01,5.000000000000000278e-02
6.460714549780042226e-01,5.000000000000000278e-02
5.000000000000000278e-02,5.000000000000000278e-02
5.000000000000000278e-02,6.840226030787571743e-02
6.211630383366379959e-01,4.678643918921022715e-01
5.000000000000000278e-02,5.000000000000000278e-02
5.000000000000000278e-02,5.000000000000000278e-02
5.000000000000000278e-02,1.509029902683520497e-01
4.184931710705855346e-01,5.000000000000000278e-02
4.139527315823502418e-01,1.103910912283601053e-01
5.000000000000000278e-02,5.000000000000000278e-02
5.000000000000000278e-02,5.000000000000000278e-02
5.000000000000000278e-02,5.000000000000000278e-02
5.000000000000000278e-02,5.000000000000000278e-02
5.000000000000000278e-02,5.000000000000000278e-02
1.861831675026075494e-01,5.000000000000000278e-02
5.000000000000000278e-02,5.000000000000000278e-02
5.000000000000000278e-02,5.310536057405645938e-01
5.612020570720275270e-01,5.000000000000000278e-02
5.000000000000000278e-02,5.000000000000000278e-02
5.000000000000000278e-02,5.000000000000000278e-02
5.000000000000000278e-02,3.568956780639305215e-01
5.552318894115069181e-01,6.234169598688070746e-01
5.000000000000000278e-02,5.000000000000000278e-02
3.400611333317260510e-01,5.000000000000000278e-02
5.000000000000000278e-02,5.000000000000000278e-02
5.000000000000000278e-02,2.612385358019592152e-01
5.000000000000000278e-02,5.000000000000000278e-02
5.000000000000000278e-02,5.000000000000000278e-02
5.000000000000000278e-02,5.000000000000000278e-02
5.000000000000000278e-02,5.000000000000000278e-02
9.867596291172821277e-02,5.000000000000000278e-02
1.897994724986948323e-01,5.000000000000000278e-02
3.604976703645930147e-01,5.000000000000000278e-02
5.000000000000000278e-02,5.000000000000000278e-02
5.000000000000000278e-02,5.000000000000000278e-02
5.021615965335258780e-01,5.000000000000000278e-02
5.000000000000000278e-02,5.131676408821407298e-01
5.000000000000000278e-02,5.000000000000000278e-02
5.000000000000000278e-02,5.000000000000000278e-02
5.000000000000000278e-02,4.934205654002710162e-01
5.000000000000000278e-02,5.000000000000000278e-02
6.462880457680046931e-01,5.000000000000000278e-02
5.000000000000000278e-02,5.000000000000000278e-02
5.000000000000000278e-02,5.000000000000000278e-02
5.000000000000000278e-02,5.000000000000000278e-02
5.000000000000000278e-02,5.000000000000000278e-02
5.000000000000000278e-02,1.645572501476744443e-01
5.000000000000000278e-02,3.374105962253465263e-01
5.000000000000000278e-02,5.397242233752653773e-01
6.351725565502484017e-01,5.000000000000000278e-02
5.000000000000000278e-02,3.547716448804872913e-01
5.000000000000000278e-02,1.484744855001076114e-01
5.000000000000000278e-02,5.000000000000000278e-02
1.226481890346710762e-01,5.000000000000000278e-02
7.683514493776404386e-01,5.000000000000000278e-02
5.000000000000000278e-02,5.000000000000000278e-02
5.000000000000000278e-02,5.000000000000000278e-02
5.000000000000000278e-02,5.000000000000000278e-02
5.000000000000000278e-02,5.000000000000000278e-02
5.000000000000000278e-02,5.000000000000000278e-02
5.000000000000000278e-02,5.000000000000000278e-02
5.000000000000000278e-02,3.117576552980853566e-01
5.000000000000000278e-02,5.333452565548506552e-01
5.000000000000000278e-02,5.000000000000000278e-02
5.000000000000000278e-02,5.206960105361758684e-01
5.000000000000000278e-02,5.000000000000000278e-02
5.000000000000000278e-02,5.000000000000000278e-02
5.000000000000000278e-02,5.000000000000000278e-02
5.000000000000000278e-02,2.794297730036323091e-01
3.179977286339803477e-01,3.302668556103855457e-01
4.985032931764941111e-01,5.000000000000000278e-02
6.317752590031884274e-01,5.000000000000000278e-02
5.000000000000000278e-02,5.000000000000000278e-02
5.000000000000000278e-02,5.000000000000000278e-02
2.376620595558699145e-01,5.000000000000000278e-02
5.000000000000000278e-02,6.282559579688805629e-01
3.267367843616460488e-01,5.000000000000000278e-02
1.516771287736899954e-01,5.000000000000000278e-02
5.000000000000000278e-02,5.000000000000000278e-02
1.648720259254369824e-01,5.000000000000000278e-02
8.036299124624369794e-01,5.000000000000000278e-02
5.000000000000000278e-02,5.915369684442887133e-01
5.000000000000000278e-02,5.000000000000000278e-02
5.000000000000000278e-02,5.000000000000000278e-02
5.000000000000000278e-02,5.000000000000000278e-02
5.000000000000000278e-02,5.000000000000000278e-02
1.427652932713179001e-01,5.000000000000000278e-02
5.000000000000000278e-02,5.000000000000000278e-02
5.000000000000000278e-02,5.000000000000000278e-02
6.244040236928780629e-01,5.000000000000000278e-02
5.698400331177089218e-01,5.000000000000000278e-02
5.000000000000000278e-02,5.000000000000000278e-02
5.000000000000000278e-02,5.000000000000000278e-02
5.000000000000000278e-02,5.000000000000000278e-02
5.000000000000000278e-02,5.000000000000000278e-02
1.884766731505171933e-01,5.000000000000000278e-02
5.000000000000000278e-02,5.000000000000000278e-02
4.923333109203217872e-01,5.000000000000000278e-02
5.000000000000000278e-02,5.000000000000000278e-02
5.000000000000000278e-02,5.000000000000000278e-02
8.748262270689309561e-02,9.372602395076314041e-02
5.313633795625185563e-01,1.617018910292306877e-01
5.000000000000000278e-02,2.326114511155869258e-01
5.000000000000000278e-02,3.510666368830602235e-01
5.000000000000000278e-02,5.000000000000000278e-02
4.838371688147791172e-01,5.000000000000000278e-02
3.390342127302206077e-01,5.000000000000000278e-02
5.000000000000000278e-02,5.000000000000000278e-02
5.000000000000000278e-02,4.450641693532854659e-01
5.000000000000000278e-02,2.748259474699346061e-01
6.212338138629883710e-01,5.000000000000000278e-02
5.000000000000000278e-02,5.000000000000000278e-02
5.000000000000000278e-02,5.000000000000000278e-02
5.633761161281471974e-01,5.000000000000000278e-02
3.128505229821116340e-01,5.000000000000000278e-02
5.000000000000000278e-02,5.000000000000000278e-02
5.000000000000000278e-02,5.000000000000000278e-02
5.000000000000000278e-02,5.000000000000000278e-02
5.000000000000000278e-02,5.704740362658629049e-01
5.000000000000000278e-02,2.720192045689925342e-01
5.748721633265193587e-01,5.000000000000000278e-02
5.000000000000000278e-02,5.000000000000000278e-02
5.000000000000000278e-02,5.000000000000000278e-02
5.000000000000000278e-02,5.000000000000000278e-02
5.000000000000000278e-02,5.000000000000000278e-02
5.000000000000000278e-02,5.000000000000000278e-02
5.000000000000000278e-02,5.000000000000000278e-02
5.000000000000000278e-02,5.000000000000000278e-02
5.000000000000000278e-02,5.000000000000000278e-02
5.000000000000000278e-02,5.000000000000000278e-02
5.000000000000000278e-02,5.000000000000000278e-02
5.000000000000000278e-02,5.158710465543363544e-01
5.000000000000000278e-02,5.000000000000000278e-02
1.790973766550518487e-01,4.716365397016814703e-02
7.608708373597655727e-02,1.276450068971946017e-01
3.216458643169547438e-01,5.000000000000000278e-02
5.000000000000000278e-02,3.739803928575697323e-01
1.326909251145935720e-01,4.307375206132455503e-01
1.535133994799301460e-01,5.000000000000000278e-02
5.000000000000000278e-02,5.000000000000000278e-02
5.000000000000000278e-02,5.000000000000000278e-02
5.000000000000000278e-02,5.000000000000000278e-02
5.000000000000000278e-02,5.000000000000000278e-02
5.000000000000000278e-02,5.000000000000000278e-02
5.000000000000000278e-02,6.882447718196866848e-01
5.000000000000000278e-02,5.000000000000000278e-02
5.000000000000000278e-02,1.841573679406093011e-01
5.000000000000000278e-02,2.240391850269607688e-01
5.000000000000000278e-02,5.000000000000000278e-02
4.467425399964119470e-01,5.000000000000000278e-02
5.000000000000000278e-02,4.556992585678023011e-01
5.000000000000000278e-02,5.340275742903616285e-01
5.000000000000000278e-02,5.000000000000000278e-02
5.000000000000000278e-02,5.000000000000000278e-02
5.000000000000000278e-02,5.000000000000000278e-02
5.000000000000000278e-02,8.960556600946655015e-02
5.000000000000000278e-02,4.794509519637700778e-01
5.000000000000000278e-02,5.000000000000000278e-02
5.000000000000000278e-02,1.539900574815356304e-01
5.000000000000000278e-02,6.257036114265219773e-01
5.000000000000000278e-02,5.000000000000000278e-02
5.370730752977325162e-01,5.000000000000000278e-02
5.000000000000000278e-02,4.076865411998729649e-01
5.000000000000000278e-02,5.000000000000000278e-02
5.000000000000000278e-02,5.000000000000000278e-02
5.000000000000000278e-02,5.176782725362272242e-01
4.616596185619172843e-01,4.757017268084314798e-01
5.000000000000000278e-02,5.000000000000000278e-02
6.283712785431234682e-01,2.732865775106225747e-01
5.000000000000000278e-02,4.628562657030997340e-01
5.000000000000000278e-02,5.000000000000000278e-02
5.000000000000000278e-02,4.644604949885995926e-01
5.000000000000000278e-02,5.000000000000000278e-02
3.254778521022701487e-01,5.000000000000000278e-02
5.314717717617614134e-01,5.000000000000000278e-02
5.000000000000000278e-02,5.586320530273983787e-01
5.000000000000000278e-02,5.000000000000000278e-02
5.000000000000000278e-02,5.000000000000000278e-02
5.000000000000000278e-02,5.000000000000000278e-02
5.000000000000000278e-02,1.233741131069015923e-01
5.000000000000000278e-02,5.000000000000000278e-02
6.455855745241002586e-01,4.939504898941944333e-01
2.099693650809961454e-01,5.000000000000000278e-02
5.000000000000000278e-02,5.000000000000000278e-02
2.971665932851431657e-01,5.000000000000000278e-02
5.000000000000000278e-02,5.000000000000000278e-02
5.000000000000000278e-02,4.935369647171010676e-01
5.000000000000000278e-02,5.000000000000000278e-02
5.000000000000000278e-02,5.000000000000000278e-02
5.000000000000000278e-02,5.000000000000000278e-02
5.966738591034159711e-01,5.000000000000000278e-02
5.000000000000000278e-02,5.000000000000000278e-02
5.000000000000000278e-02,5.000000000000000278e-02
4.726013928453570712e-01,5.000000000000000278e-02
5.000000000000000278e-02,5.000000000000000278e-02
2.963354919437412027e-01,2.073249096422843940e-01
5.824932745402457979e-01,5.000000000000000278e-02
4.682544035257348858e-01,5.000000000000000278e-02
5.000000000000000278e-02,5.000000000000000278e-02
3.799720580151151883e-01,5.000000000000000278e-02
2.638364233220267252e-01,5.000000000000000278e-02
5.000000000000000278e-02,5.000000000000000278e-02
5.000000000000000278e-02,5.000000000000000278e-02
5.000000000000000278e-02,5.650873866244449095e-01
5.000000000000000278e-02,5.000000000000000278e-02
5.787553711451489669e-01,5.000000000000000278e-02
5.000000000000000278e-02,5.000000000000000278e-02
5.000000000000000278e-02,5.000000000000000278e-02
5.000000000000000278e-02,5.000000000000000278e-02
5.000000000000000278e-02,5.000000000000000278e-02
5.000000000000000278e-02,5.000000000000000278e-02
5.000000000000000278e-02,5.000000000000000278e-02
5.000000000000000278e-02,5.538390730955639052e-01
5.000000000000000278e-02,5.000000000000000278e-02
5.000000000000000278e-02,5.000000000000000278e-02
3.313002186758717826e-01,5.000000000000000278e-02
5.000000000000000278e-02,5.000000000000000278e-02
5.000000000000000278e-02,5.000000000000000278e-02
4.531594075814057709e-01,5.000000000000000278e-02
5.000000000000000278e-02,5.000000000000000278e-02
5.000000000000000278e-02,5.000000000000000278e-02
5.000000000000000278e-02,5.000000000000000278e-02
5.000000000000000278e-02,5.000000000000000278e-02
5.000000000000000278e-02,5.000000000000000278e-02
5.000000000000000278e-02,3.057554439526608547e-01
5.000000000000000278e-02,5.000000000000000278e-02
5.000000000000000278e-02,5.000000000000000278e-02
5.000000000000000278e-02,5.000000000000000278e-02
5.000000000000000278e-02,5.000000000000000278e-02
5.000000000000000278e-02,2.599101652591089828e-01
5.000000000000000278e-02,5.000000000000000278e-02
5.000000000000000278e-02,5.000000000000000278e-02
4.968783858717677471e-01,5.000000000000000278e-02
5.000000000000000278e-02,2.605519175417459962e-02
5.000000000000000278e-02,1.727172890434680308e-01
3.326156901773276720e-01,3.072655724285944245e-01
5.000000000000000278e-02,3.693061967309452243e-01
5.000000000000000278e-02,2.210648217961810880e-01
1.975587433404416005e-01,5.000000000000000278e-02
5.000000000000000278e-02,5.000000000000000278e-02
3.423376933719966542e-01,5.000000000000000278e-02
5.000000000000000278e-02,5.000000000000000278e-02
5.000000000000000278e-02,5.000000000000000278e-02
5.000000000000000278e-02,5.000000000000000278e-02
5.000000000000000278e-02,4.332985535835474633e-01
5.000000000000000278e-02,5.000000000000000278e-02
5.000000000000000278e-02,5.000000000000000278e-02
5.000000000000000278e-02,5.370949256597911114e-01
5.000000000000000278e-02,5.000000000000000278e-02
5.000000000000000278e-02,4.483514673526835526e-01
5.000000000000000278e-02,5.000000000000000278e-02
5.000000000000000278e-02,6.465824868794444180e-01
5.000000000000000278e-02,5.000000000000000278e-02
3.648348397746374316e-01,5.000000000000000278e-02
5.000000000000000278e-02,5.664971726966809840e-01
5.000000000000000278e-02,5.000000000000000278e-02
5.000000000000000278e-02,5.000000000000000278e-02
5.000000000000000278e-02,5.904113585850288837e-02
5.000000000000000278e-02,4.924519187831568612e-01
5.000000000000000278e-02,5.000000000000000278e-02
5.000000000000000278e-02,5.000000000000000278e-02
5.000000000000000278e-02,1.522430708747724015e-01
5.000000000000000278e-02,1.602689885789885804e-01
5.000000000000000278e-02,7.309222277584844774e-01
5.000000000000000278e-02,5.000000000000000278e-02
5.000000000000000278e-02,4.582453933521175027e-01
5.000000000000000278e-02,5.000000000000000278e-02
5.000000000000000278e-02,5.000000000000000278e-02
5.000000000000000278e-02,5.000000000000000278e-02
5.000000000000000278e-02,5.000000000000000278e-02
5.000000000000000278e-02,5.000000000000000278e-02
5.000000000000000278e-02,2.395126500453917118e-01
5.000000000000000278e-02,5.000000000000000278e-02
5.000000000000000278e-02,3.003760565902360846e-01
5.000000000000000278e-02,5.000000000000000278e-02
2.534735828659775425e-01,5.000000000000000278e-02
5.000000000000000278e-02,4.239860352912032115e-01
4.180654930197463814e-01,5.000000000000000278e-02
5.000000000000000278e-02,5.000000000000000278e-02
5.000000000000000278e-02,5.000000000000000278e-02
5.000000000000000278e-02,5.000000000000000278e-02
4.296027694841535460e-01,6.919470140808821057e-01
5.000000000000000278e-02,5.000000000000000278e-02
5.000000000000000278e-02,5.000000000000000278e-02
5.000000000000000278e-02,2.336762954819643356e-01
5.000000000000000278e-02,5.000000000000000278e-02
5.000000000000000278e-02,5.000000000000000278e-02
5.000000000000000278e-02,5.000000000000000278e-02
5.000000000000000278e-02,5.000000000000000278e-02
4.487496423272078760e-01,5.000000000000000278e-02
5.000000000000000278e-02,5.000000000000000278e-02
5.000000000000000278e-02,5.000000000000000278e-02
5.000000000000000278e-02,5.000000000000000278e-02
5.098689586334484991e-01,5.417408707839924675e-01
5.000000000000000278e-02,5.000000000000000278e-02
5.000000000000000278e-02,5.000000000000000278e-02
5.000000000000000278e-02,2.053454124220197852e-01
5.000000000000000278e-02,1.898327840834846125e-01
5.000000000000000278e-02,7.706210466937951642e-01
5.000000000000000278e-02,5.000000000000000278e-02
6.210620252636841476e-01,5.000000000000000278e-02
5.000000000000000278e-02,5.000000000000000278e-02
5.000000000000000278e-02,2.422359954227901457e-01
5.000000000000000278e-02,5.000000000000000278e-02
4.195844865734095208e-01,5.000000000000000278e-02
5.000000000000000278e-02,4.516172962418941172e-01
5.000000000000000278e-02,5.000000000000000278e-02
5.000000000000000278e-02,5.000000000000000278e-02
5.000000000000000278e-02,5.000000000000000278e-02
5.000000000000000278e-02,2.418325885243127055e-02
5.000000000000000278e-02,5.000000000000000278e-02
5.000000000000000278e-02,5.000000000000000278e-02
6.054156357236981645e-01,5.000000000000000278e-02
5.000000000000000278e-02,5.000000000000000278e-02
5.000000000000000278e-02,4.095866623970594311e-01
5.000000000000000278e-02,5.000000000000000278e-02
5.526714743281504472e-01,5.000000000000000278e-02
5.000000000000000278e-02,5.000000000000000278e-02
5.000000000000000278e-02,5.000000000000000278e-02
5.000000000000000278e-02,5.000000000000000278e-02
5.000000000000000278e-02,5.000000000000000278e-02
5.000000000000000278e-02,5.000000000000000278e-02
5.000000000000000278e-02,5.000000000000000278e-02
5.722434303090443430e-01,5.000000000000000278e-02
1.636514347830091420e-01,5.000000000000000278e-02
5.000000000000000278e-02,5.000000000000000278e-02
5.000000000000000278e-02,5.000000000000000278e-02
1.663753739531633746e-01,5.000000000000000278e-02
5.000000000000000278e-02,5.000000000000000278e-02
5.000000000000000278e-02,5.000000000000000278e-02
5.000000000000000278e-02,5.000000000000000278e-02
5.000000000000000278e-02,5.000000000000000278e-02
5.000000000000000278e-02,5.000000000000000278e-02
5.000000000000000278e-02,5.000000000000000278e-02
5.000000000000000278e-02,5.000000000000000278e-02
5.000000000000000278e-02,5.000000000000000278e-02
5.000000000000000278e-02,5.000000000000000278e-02
5.000000000000000278e-02,6.151646947109346009e-01
5.000000000000000278e-02,5.000000000000000278e-02
5.000000000000000278e-02,5.000000000000000278e-02
5.000000000000000278e-02,5.000000000000000278e-02
5.000000000000000278e-02,5.000000000000000278e-02
5.823488809837394919e-01,5.000000000000000278e-02
5.000000000000000278e-02,5.000000000000000278e-02
5.000000000000000278e-02,5.000000000000000278e-02
5.000000000000000278e-02,5.000000000000000278e-02
5.000000000000000278e-02,5.000000000000000278e-02
5.550670693555393997e-01,5.000000000000000278e-02
5.000000000000000278e-02,5.000000000000000278e-02
5.000000000000000278e-02,6.374309346431975554e-01
5.000000000000000278e-02,5.000000000000000278e-02
5.000000000000000278e-02,5.000000000000000278e-02
5.000000000000000278e-02,5.000000000000000278e-02
5.000000000000000278e-02,5.000000000000000278e-02
5.000000000000000278e-02,5.000000000000000278e-02
5.000000000000000278e-02,1.575170650045540077e-01
5.000000000000000278e-02,2.927708403322063502e-01
5.000000000000000278e-02,5.000000000000000278e-02
5.000000000000000278e-02,5.000000000000000278e-02
5.000000000000000278e-02,5.000000000000000278e-02
5.000000000000000278e-02,1.041407514327222922e-01
5.000000000000000278e-02,5.077229418670713423e-01
5.000000000000000278e-02,5.000000000000000278e-02
1.771382539755546881e-01,5.000000000000000278e-02
4.266723738861311621e-01,2.585843227914543796e-01
5.000000000000000278e-02,5.000000000000000278e-02
5.000000000000000278e-02,5.000000000000000278e-02
5.000000000000000278e-02,6.147459199603054758e-01
5.000000000000000278e-02,2.797540075435695495e-01
5.000000000000000278e-02,5.000000000000000278e-02
5.000000000000000278e-02,5.000000000000000278e-02
5.000000000000000278e-02,5.000000000000000278e-02
5.000000000000000278e-02,5.000000000000000278e-02
5.000000000000000278e-02,5.000000000000000278e-02
5.000000000000000278e-02,5.000000000000000278e-02
5.000000000000000278e-02,5.000000000000000278e-02
5.000000000000000278e-02,5.907708553018782283e-01
5.000000000000000278e-02,5.000000000000000278e-02
5.000000000000000278e-02,5.000000000000000278e-02
5.000000000000000278e-02,5.000000000000000278e-02
5.000000000000000278e-02,5.000000000000000278e-02
5.715693351903975428e-01,5.000000000000000278e-02
5.000000000000000278e-02,5.000000000000000278e-02
5.000000000000000278e-02,5.000000000000000278e-02
5.000000000000000278e-02,5.000000000000000278e-02
5.000000000000000278e-02,5.000000000000000278e-02
5.000000000000000278e-02,5.000000000000000278e-02
5.000000000000000278e-02,5.000000000000000278e-02
5.000000000000000278e-02,5.000000000000000278e-02
5.000000000000000278e-02,5.000000000000000278e-02
2.631861158818695201e-01,5.000000000000000278e-02
5.000000000000000278e-02,5.000000000000000278e-02
5.000000000000000278e-02,5.000000000000000278e-02
5.000000000000000278e-02,5.000000000000000278e-02
5.000000000000000278e-02,5.000000000000000278e-02
5.000000000000000278e-02,5.000000000000000278e-02
5.000000000000000278e-02,5.000000000000000278e-02
2.357181685485796319e-01,3.124940406242034951e-01
6.150181871835553871e-01,3.706804081070526613e-01
5.000000000000000278e-02,5.000000000000000278e-02
1.704445983909778917e-02,5.000000000000000278e-02
5.892242050937684245e-02,5.000000000000000278e-02
5.005128861979725174e-01,5.000000000000000278e-02
5.000000000000000278e-02,5.000000000000000278e-02
5.000000000000000278e-02,5.427074320304421384e-01
5.000000000000000278e-02,5.000000000000000278e-02
5.000000000000000278e-02,5.000000000000000278e-02
5.000000000000000278e-02,5.000000000000000278e-02
6.480464372669056949e-01,5.000000000000000278e-02
5.000000000000000278e-02,5.000000000000000278e-02
3.235730918497334851e-01,5.000000000000000278e-02
5.000000000000000278e-02,5.000000000000000278e-02
3.896654770383730093e-01,5.000000000000000278e-02
5.000000000000000278e-02,5.000000000000000278e-02
5.000000000000000278e-02,5.000000000000000278e-02
5.000000000000000278e-02,5.000000000000000278e-02
5.000000000000000278e-02,5.000000000000000278e-02
4.833244106289630304e-01,5.000000000000000278e-02
5.000000000000000278e-02,5.000000000000000278e-02
5.000000000000000278e-02,5.000000000000000278e-02
5.000000000000000278e-02,5.000000000000000278e-02
5.000000000000000278e-02,5.000000000000000278e-02
5.000000000000000278e-02,5.000000000000000278e-02
5.000000000000000278e-02,5.000000000000000278e-02
5.000000000000000278e-02,5.000000000000000278e-02
5.000000000000000278e-02,5.000000000000000278e-02
4.344274070665530840e-01,5.000000000000000278e-02
5.000000000000000278e-02,5.000000000000000278e-02
5.000000000000000278e-02,5.000000000000000278e-02
6.430256172183140828e-01,5.000000000000000278e-02
5.000000000000000278e-02,5.000000000000000278e-02
5.000000000000000278e-02,5.000000000000000278e-02
5.000000000000000278e-02,2.997403660292306538e-01
5.000000000000000278e-02,4.338509849438033639e-01
5.000000000000000278e-02,5.268591251805473386e-01
5.000000000000000278e-02,5.000000000000000278e-02
5.000000000000000278e-02,5.000000000000000278e-02
5.000000000000000278e-02,5.000000000000000278e-02
3.967380717543426694e-01,1.974807260442055235e-01
3.764162491954138323e-01,5.000000000000000278e-02
5.000000000000000278e-02,5.000000000000000278e-02
5.000000000000000278e-02,5.468850762811393595e-01
5.487231863988258906e-01,5.000000000000000278e-02
5.000000000000000278e-02,5.000000000000000278e-02
5.000000000000000278e-02,5.000000000000000278e-02
7.840638880922673470e-02,5.000000000000000278e-02
4.623569763616984796e-01,5.000000000000000278e-02
5.000000000000000278e-02,5.000000000000000278e-02
4.923499887845840250e-01,5.000000000000000278e-02
5.000000000000000278e-02,5.000000000000000278e-02
5.000000000000000278e-02,5.000000000000000278e-02
5.000000000000000278e-02,3.480401880398458214e-01
5.000000000000000278e-02,4.475383776904422461e-01
5.000000000000000278e-02,5.000000000000000278e-02
5.000000000000000278e-02,5.000000000000000278e-02
5.000000000000000278e-02,5.000000000000000278e-02
5.000000000000000278e-02,5.000000000000000278e-02
5.000000000000000278e-02,4.849477992323478204e-01
5.000000000000000278e-02,5.849719443095320326e-01
5.000000000000000278e-02,5.000000000000000278e-02
5.000000000000000278e-02,5.000000000000000278e-02
5.000000000000000278e-02,5.000000000000000278e-02
5.000000000000000278e-02,2.999376950033578737e-01
5.000000000000000278e-02,5.000000000000000278e-02
5.000000000000000278e-02,5.000000000000000278e-02
5.000000000000000278e-02,5.000000000000000278e-02
5.000000000000000278e-02,5.000000000000000278e-02
5.000000000000000278e-02,5.000000000000000278e-02
5.000000000000000278e-02,3.389592555765827964e-01
5.000000000000000278e-02,5.000000000000000278e-02
5.000000000000000278e-02,5.000000000000000278e-02
5.000000000000000278e-02,5.000000000000000278e-02
1.459354788313856066e-01,5.000000000000000278e-02
3.678914710713743763e-01,5.000000000000000278e-02
5.000000000000000278e-02,5.000000000000000278e-02
5.000000000000000278e-02,1.834353028418024556e-01
5.000000000000000278e-02,5.000000000000000278e-02
5.000000000000000278e-02,5.000000000000000278e-02
5.000000000000000278e-02,5.000000000000000278e-02
5.091467028056145816e-01,5.000000000000000278e-02
5.000000000000000278e-02,5.000000000000000278e-02
5.000000000000000278e-02,5.000000000000000278e-02
5.000000000000000278e-02,5.000000000000000278e-02
5.000000000000000278e-02,5.000000000000000278e-02
2.907828472915985341e-01,5.000000000000000278e-02
5.000000000000000278e-02,3.324990050759329963e-01
5.000000000000000278e-02,5.000000000000000278e-02
5.000000000000000278e-02,3.758313545429461389e-01
5.000000000000000278e-02,5.000000000000000278e-02
5.000000000000000278e-02,5.000000000000000278e-02
5.000000000000000278e-02,5.000000000000000278e-02
5.000000000000000278e-02,5.078962484382701925e-01
5.315953684386386380e-01,5.000000000000000278e-02
1.174364616622303459e-01,5.000000000000000278e-02
8.662595791725544170e-02,5.000000000000000278e-02
1.565613087050777841e-01,4.932268775360101332e-01
5.000000000000000278e-02,5.000000000000000278e-02
5.000000000000000278e-02,5.000000000000000278e-02
5.000000000000000278e-02,5.000000000000000278e-02
5.000000000000000278e-02,5.000000000000000278e-02
5.000000000000000278e-02,5.000000000000000278e-02
5.000000000000000278e-02,5.000000000000000278e-02
5.000000000000000278e-02,5.000000000000000278e-02
6.072868414821315231e-01,5.000000000000000278e-02
3.626729499321306727e-01,5.000000000000000278e-02
5.000000000000000278e-02,5.000000000000000278e-02
5.000000000000000278e-02,5.000000000000000278e-02
5.000000000000000278e-02,1.987838687390114822e+00
5.000000000000000278e-02,9.328083080718906073e-02
5.000000000000000278e-02,7.466517561563524863e-01
6.942294739589089936e-01,5.000000000000000278e-02
5.000000000000000278e-02,4.531416955946378500e-01
5.000000000000000278e-02,5.000000000000000278e-02
5.358900964219660557e-01,5.000000000000000278e-02
5.000000000000000278e-02,5.000000000000000278e-02
5.000000000000000278e-02,5.000000000000000278e-02
5.000000000000000278e-02,5.000000000000000278e-02
5.000000000000000278e-02,5.000000000000000278e-02
5.000000000000000278e-02,5.000000000000000278e-02
5.000000000000000278e-02,5.000000000000000278e-02
5.000000000000000278e-02,5.000000000000000278e-02
5.000000000000000278e-02,5.000000000000000278e-02
5.000000000000000278e-02,5.000000000000000278e-02
3.049111521544618508e-01,5.000000000000000278e-02
3.748483147120802994e-01,3.053051352394274276e-01
5.000000000000000278e-02,5.000000000000000278e-02
5.000000000000000278e-02,5.000000000000000278e-02
5.000000000000000278e-02,5.000000000000000278e-02
5.000000000000000278e-02,5.000000000000000278e-02
5.000000000000000278e-02,9.153899475709220690e-02
5.000000000000000278e-02,6.364276696532247257e-01
5.000000000000000278e-02,5.000000000000000278e-02
5.000000000000000278e-02,5.000000000000000278e-02
5.000000000000000278e-02,5.000000000000000278e-02
7.025501320232589997e-01,1.117695266181938651e-01
5.000000000000000278e-02,3.358326995277338134e-01
5.000000000000000278e-02,5.000000000000000278e-02
5.670720393631761835e-01,5.000000000000000278e-02
5.000000000000000278e-02,5.000000000000000278e-02
5.000000000000000278e-02,5.132899258066668802e-01
7.031911246110318647e-02,5.000000000000000278e-02
5.196836744057025115e-01,5.000000000000000278e-02
5.000000000000000278e-02,5.372602196955168496e-01
5.000000000000000278e-02,5.000000000000000278e-02
5.000000000000000278e-02,5.000000000000000278e-02
5.000000000000000278e-02,9.557057624377257588e-02
5.000000000000000278e-02,1.211992446391407102e-01
1.132599300531329234e-01,1.372701791420876671e-01
7.422837937124548979e-01,7.019102800301958434e-01
5.000000000000000278e-02,5.000000000000000278e-02
5.000000000000000278e-02,5.000000000000000278e-02
5.000000000000000278e-02,5.000000000000000278e-02
5.000000000000000278e-02,8.454448230331641778e-02
5.000000000000000278e-02,1.348039835654347707e-01
3.306191859614359130e-01,6.077633984721126925e-01
5.000000000000000278e-02,5.000000000000000278e-02
5.000000000000000278e-02,5.000000000000000278e-02
7.177997936193249995e-01,5.000000000000000278e-02
5.000000000000000278e-02,5.000000000000000278e-02
5.000000000000000278e-02,5.000000000000000278e-02
5.000000000000000278e-02,5.000000000000000278e-02
5.000000000000000278e-02,5.000000000000000278e-02
5.000000000000000278e-02,5.000000000000000278e-02
5.000000000000000278e-02,5.000000000000000278e-02
5.000000000000000278e-02,5.000000000000000278e-02
5.000000000000000278e-02,5.000000000000000278e-02
5.000000000000000278e-02,5.000000000000000278e-02
5.000000000000000278e-02,5.000000000000000278e-02
5.000000000000000278e-02,2.780160447510292565e-01
5.938055889148148303e-01,5.000000000000000278e-02
5.000000000000000278e-02,5.000000000000000278e-02
5.000000000000000278e-02,5.000000000000000278e-02
5.000000000000000278e-02,5.000000000000000278e-02
5.000000000000000278e-02,5.000000000000000278e-02
5.000000000000000278e-02,5.000000000000000278e-02
5.000000000000000278e-02,5.000000000000000278e-02
5.000000000000000278e-02,5.000000000000000278e-02
2.648213526404530893e-01,5.000000000000000278e-02
5.000000000000000278e-02,5.000000000000000278e-02
5.000000000000000278e-02,5.000000000000000278e-02
5.000000000000000278e-02,5.965440234087873161e-01
5.000000000000000278e-02,5.000000000000000278e-02
5.000000000000000278e-02,5.000000000000000278e-02
5.000000000000000278e-02,5.000000000000000278e-02
3.805761024118049507e-01,5.000000000000000278e-02
5.000000000000000278e-02,5.000000000000000278e-02
5.000000000000000278e-02,5.000000000000000278e-02
5.000000000000000278e-02,4.622648971368546467e-01
5.000000000000000278e-02,5.000000000000000278e-02
5.000000000000000278e-02,5.000000000000000278e-02
2.662048147003965304e-01,1.245617700408381406e-01
5.000000000000000278e-02,5.003341702538147695e-01
5.000000000000000278e-02,5.000000000000000278e-02
5.000000000000000278e-02,5.000000000000000278e-02
1.462248194632220499e-01,5.000000000000000278e-02
3.168312955114279128e-01,5.000000000000000278e-02
5.000000000000000278e-02,5.000000000000000278e-02
5.000000000000000278e-02,5.315627146430068617e-01
5.000000000000000278e-02,5.385538215931001682e-01
5.000000000000000278e-02,5.000000000000000278e-02
5.000000000000000278e-02,5.000000000000000278e-02
5.000000000000000278e-02,5.000000000000000278e-02
5.999351932885251815e-01,5.000000000000000278e-02
5.000000000000000278e-02,4.381812273113407374e-01
5.000000000000000278e-02,5.000000000000000278e-02
5.000000000000000278e-02,5.000000000000000278e-02
3.750897962239927996e-01,5.000000000000000278e-02
1.119017227394826647e-01,5.000000000000000278e-02
5.000000000000000278e-02,5.000000000000000278e-02
5.000000000000000278e-02,5.000000000000000278e-02
5.000000000000000278e-02,5.000000000000000278e-02
5.000000000000000278e-02,5.000000000000000278e-02
5.000000000000000278e-02,5.000000000000000278e-02
5.000000000000000278e-02,5.000000000000000278e-02
5.000000000000000278e-02,5.000000000000000278e-02
1.884523425925166418e-01,5.000000000000000278e-02
5.000000000000000278e-02,5.000000000000000278e-02
5.000000000000000278e-02,5.000000000000000278e-02
5.000000000000000278e-02,5.000000000000000278e-02
2.708572282166618050e-01,5.000000000000000278e-02
5.000000000000000278e-02,5.000000000000000278e-02
5.000000000000000278e-02,5.000000000000000278e-02
6.702683939850685446e-01,5.000000000000000278e-02
5.000000000000000278e-02,5.000000000000000278e-02
5.000000000000000278e-02,5.000000000000000278e-02
5.000000000000000278e-02,5.000000000000000278e-02
5.000000000000000278e-02,5.000000000000000278e-02
5.000000000000000278e-02,5.000000000000000278e-02
5.000000000000000278e-02,5.000000000000000278e-02
5.000000000000000278e-02,5.000000000000000278e-02
5.000000000000000278e-02,5.000000000000000278e-02
5.000000000000000278e-02,5.000000000000000278e-02
5.000000000000000278e-02,5.000000000000000278e-02
1.076297152152160264e-01,5.000000000000000278e-02
6.552051118031454457e-01,5.000000000000000278e-02
5.000000000000000278e-02,5.000000000000000278e-02
5.000000000000000278e-02,5.000000000000000278e-02
5.000000000000000278e-02,5.000000000000000278e-02
5.000000000000000278e-02,5.000000000000000278e-02
5.000000000000000278e-02,5.000000000000000278e-02
5.000000000000000278e-02,3.236028876660307918e-01
5.000000000000000278e-02,5.000000000000000278e-02
5.000000000000000278e-02,1.576040167526365221e-01
5.000000000000000278e-02,5.000000000000000278e-02
5.000000000000000278e-02,3.830516072443924669e-01
5.996230114081387841e-01,5.000000000000000278e-02
5.000000000000000278e-02,6.160852050218454945e-01
4.832062980569370447e-01,5.000000000000000278e-02
5.000000000000000278e-02,5.000000000000000278e-02
5.000000000000000278e-02,5.000000000000000278e-02
5.000000000000000278e-02,5.000000000000000278e-02
5.000000000000000278e-02,5.000000000000000278e-02
5.000000000000000278e-02,5.000000000000000278e-02
5.000000000000000278e-02,1.230687110843701471e-01
5.000000000000000278e-02,6.959317453311565649e-02
1.281680937136411291e-01,1.450066863394444960e-01
5.000000000000000278e-02,1.765141245015894311e-01
5.000000000000000278e-02,5.000000000000000278e-02
5.000000000000000278e-02,5.000000000000000278e-02
5.000000000000000278e-02,5.000000000000000278e-02
5.000000000000000278e-02,5.000000000000000278e-02
5.000000000000000278e-02,3.708186495078310552e-01
6.290649524218793198e-01,5.000000000000000278e-02
5.000000000000000278e-02,5.000000000000000278e-02
5.000000000000000278e-02,5.000000000000000278e-02
5.000000000000000278e-02,5.000000000000000278e-02
5.000000000000000278e-02,5.000000000000000278e-02
5.112281945688584850e-01,5.715031945780124634e-01
5.000000000000000278e-02,5.000000000000000278e-02
5.000000000000000278e-02,5.000000000000000278e-02
5.000000000000000278e-02,5.000000000000000278e-02
5.000000000000000278e-02,5.000000000000000278e-02
2.980083126022993190e-01,5.000000000000000278e-02
1.396455277558742158e-01,5.000000000000000278e-02
4.204537550288189873e-01,5.000000000000000278e-02
5.000000000000000278e-02,5.000000000000000278e-02
5.000000000000000278e-02,5.163233426729559872e-01
5.000000000000000278e-02,3.350471324513749627e-01
