# error_dp, error_pinn
4.220611435003214507e-02,4.223355817453592481e-02
4.218036405846699310e-02,4.218036411628624249e-02
4.218036404322025867e-02,4.218036399127409602e-02
4.218040408451966677e-02,4.218036580046118783e-02
4.218000772862873921e-02,4.218040170876335287e-02
4.217979352361109213e-02,4.217981638171341280e-02
3.783495811844052314e-02,4.217980016692227802e-02
3.709528460494179725e-02,4.217980775289448259e-02
1.367648194825209565e-02,4.290384490535768813e-02
1.343704768919639497e-02,4.308103569283992101e-02
2.181767312236050985e-02,4.928584821620659445e-02
2.291752539488784920e-02,5.140293013034617081e-02
2.166792936248102680e-02,4.706946609513322499e-02
1.764353338946217029e-02,5.556615348999831977e-02
8.614689422671507196e-03,1.099367685551979473e-02
5.727786923468157314e-03,1.594469262937638424e-02
1.944453735390528704e-03,1.038352252050749568e-02
1.762774579531746965e-03,5.909442653810320113e-03
5.069368870903358422e-03,5.039928860937926795e-03
7.236715505789566814e-03,3.813344054815067177e-03
9.349395703400330965e-03,8.004952458931320972e-03
8.767258353653157102e-03,1.216040190113034519e-02
7.710168184109683111e-03,1.414022667326462861e-02
3.312653703666253776e-03,1.119936895345299659e-02
1.581259614388421655e-03,7.451992968263502527e-03
1.525125743013976522e-03,5.033110669874927591e-03
1.690401672251952469e-03,2.563677225791288327e-03
2.938088719798868237e-03,1.345138383071103113e-03
8.505731906055588945e-03,3.384138885565405371e-03
6.721659853799468246e-03,6.021053777141043527e-03
7.347722194440246130e-03,7.274656589900257986e-03
1.008252200355391238e-02,8.450348827027484577e-03
9.135407497506910571e-03,6.024245600768289403e-03
7.227287109058494648e-03,6.134357355354845380e-03
5.441882111613369037e-03,5.617107507445656331e-03
2.787200908594659673e-03,4.446828533424351457e-03
1.355950496578632028e-03,1.505185372014593639e-03
1.650696897652737622e-03,1.611061755828881040e-03
1.117140514450454649e-03,2.080651365233854647e-03
1.062387888809671185e-03,2.479948453783858194e-03
9.969690791440683625e-04,5.220261155763430277e-03
9.679941501158941235e-04,2.291761605518575183e-03
1.033019750527816583e-03,1.421260842601959921e-03
1.136527200355539691e-03,1.438868319811645313e-03
1.373815799658048781e-03,1.445263809267289916e-03
4.151154171814407969e-03,1.421174118249936627e-03
3.091601898927336892e-03,1.405216784487306860e-03
2.536813665471502732e-03,1.307380041558210563e-03
2.100620368361374047e-03,3.029173122514959571e-03
1.672922727584822983e-03,3.255955133950002179e-03
1.106022547572907714e-03,4.503916947588050730e-03
1.269675824531314593e-03,5.086911146509628598e-03
2.273019655594938834e-03,5.136084665040148781e-03
1.087195098152179962e-03,4.762203166703772757e-03
1.410350671080053825e-03,4.787816680975498507e-03
2.239476332995312541e-03,4.657057985034633758e-03
2.361377607006409120e-03,4.319542833865976268e-03
1.977971616674922741e-03,3.017980205325294495e-03
1.389831352169126552e-03,2.005538112936532807e-03
9.931959833810286194e-04,1.734235171031079260e-03
8.881915428800455856e-04,1.438742150630766339e-03
1.595186773600389433e-03,3.798095950018894745e-03
1.767765547982225269e-03,3.613128498830594625e-03
1.759418876129161631e-03,3.824014592576244296e-03
1.690667132492653215e-03,5.297411367578022841e-03
1.510132160423270338e-03,4.946197769952732914e-03
1.284450312352327728e-03,6.389512417949186514e-03
1.010759126437113780e-03,7.856394075041059355e-03
8.656547675083140544e-04,8.974347169453942771e-03
8.657140267244671072e-04,8.743924048398554402e-03
9.845489818059525305e-04,8.914483051414703180e-03
1.708510664155909846e-03,1.020095196422242043e-02
1.603288689269231774e-03,1.068441071553482245e-02
9.775189855242406942e-04,1.252516741669968715e-02
9.934264020143633665e-04,1.362823422476070433e-02
1.375908040355401001e-03,1.468327578934391052e-02
1.423866486727645795e-03,1.820817912835861335e-02
1.204206770526216165e-03,1.712243276416752780e-02
8.753408372028957185e-04,1.768399030253878582e-02
8.562130487243063649e-04,2.091908492210804021e-02
8.464399515256573574e-04,1.987398621566181800e-02
9.203174718944654841e-04,2.015859884139518596e-02
1.013708004570834480e-03,2.179129234596548573e-02
1.240439548916442763e-03,2.270873552736763640e-02
1.039642569545637558e-03,2.285626679365685213e-02
7.009145981088198141e-04,2.334470436566575893e-02
1.183166200555728093e-03,2.315786850965264806e-02
2.349576718834820582e-03,2.281593978920369234e-02
2.224592899365229488e-03,2.203169954985848347e-02
2.411619633139125592e-03,2.074248903493301072e-02
5.063455605434081901e-03,1.955482790087186701e-02
5.025762924397873810e-03,1.994718669835630898e-02
5.219878118452393571e-03,2.082695836995158978e-02
6.326898214073335518e-03,2.117906156844174409e-02
6.290354462387052863e-03,2.060529186450023656e-02
6.621038597829125710e-03,2.060303279038159033e-02
6.667913181782741776e-03,2.037583651927734815e-02
7.068223951052506927e-03,1.995164944120886991e-02
7.009228555792295159e-03,2.021044690107347622e-02
7.070565230512658450e-03,2.014294084464026899e-02
6.921718281444706397e-03,1.990154229543798087e-02
5.944696184101713222e-03,1.943549272248643392e-02
3.797928292720124509e-03,1.910516855461961983e-02
3.263948601904165421e-03,1.937828686323875976e-02
2.338756637301517543e-03,1.935540349870440435e-02
1.659596377287912445e-03,1.932230665052763960e-02
1.490307768490063862e-03,1.891668972322048739e-02
1.386601780453051687e-03,1.880265629916992587e-02
1.739430328521480561e-03,1.856112242306716051e-02
1.808567042511968629e-03,1.830761248299540497e-02
2.137000287588845110e-03,1.817397704517816764e-02
9.285388637330058191e-04,1.793221055229848523e-02
6.832137103341918635e-04,1.755751433042712986e-02
6.929740903809288250e-04,1.673636909165519479e-02
1.514506586565370809e-03,1.664243829602163674e-02
3.138965611888266255e-03,1.504426883257284527e-02
1.987265442521523977e-03,1.506402048247294095e-02
7.187271728800395535e-04,1.470373950633158990e-02
1.091506477957389712e-03,1.233585103023660673e-02
1.504138032827302207e-03,1.253465883992952758e-02
1.251350296287571549e-03,1.147387925020431840e-02
1.231792059216153465e-03,1.006779155420975749e-02
7.555657121471416387e-04,9.665359460257996749e-03
7.129139785471434038e-04,9.478884927788351275e-03
2.512797864050759968e-03,8.259612216235627871e-03
2.786620814300852945e-03,8.308555083872921215e-03
2.563627971383921397e-03,6.763725537939984170e-03
3.274180585486096470e-03,7.049508787860090005e-03
3.666568566885416471e-03,6.305819641563108896e-03
3.249219437566557879e-03,6.151680085366669111e-03
3.253653921191971242e-03,6.455924111454654571e-03
2.806275625141475914e-03,6.539425100504237497e-03
2.085038749636466612e-03,6.658333558273726513e-03
7.657876536047793269e-04,6.416616743504084674e-03
7.310798166807789232e-04,6.678444312773858423e-03
2.353840672791996432e-03,6.635760891486954666e-03
3.918286829999724323e-03,6.470966110638813086e-03
5.623608723463846548e-03,6.004835227976046928e-03
4.351832988418890061e-03,5.319646443836260202e-03
3.123643998686545086e-03,4.082540890893577613e-03
2.454073914447354402e-03,3.756699470686600002e-03
2.416730595416945095e-03,3.673375676590090802e-03
2.589726250326523710e-04,3.388202639518423775e-03
2.732592542022818823e-03,2.809265732574524072e-03
2.908726648005805632e-03,2.476479849241144601e-03
2.485365610119229240e-03,1.367322923533393448e-03
2.645224879843977462e-03,7.601650760030621715e-04
2.943485020613752483e-03,4.681341246150163182e-04
3.477896856587201629e-03,6.556728673868735284e-04
3.466073644066926165e-03,6.644770005796899566e-04
3.453192280777366095e-03,1.217065369370617239e-03
3.221949391810745300e-03,1.125857160431283565e-03
3.288339612314784745e-03,3.108746433703353518e-04
3.205524733287285020e-03,2.181052441477467107e-04
2.783604417181268983e-03,1.868558324093559750e-04
1.836557006173341298e-03,3.366740132169231841e-04
1.034801109670032511e-03,6.664047845199546401e-04
2.876336399248783076e-04,7.397563844538875043e-04
4.379638241362102656e-04,7.000132882542899927e-04
1.916141076869429119e-04,7.145601617032821011e-04
1.829881283747314760e-04,8.649347352054846368e-04
1.534383126423452439e-04,9.300189459928324747e-04
3.013441813908040090e-04,9.050673093412780297e-04
4.740097501485575370e-04,9.193380426436493667e-04
6.622447032275506108e-04,9.235710967105382162e-04
7.350105446569263562e-04,9.519839681070298675e-04
8.560424815554602222e-04,9.799182615745965965e-04
1.087159340226184333e-03,1.023548464828040851e-03
1.035283632820849448e-03,1.112226861185982782e-03
8.989360583018185871e-04,1.240378588638991163e-03
1.189684492588552510e-03,1.630321483199554050e-03
9.702316691627250154e-04,1.872182434726069825e-03
8.307247359181913187e-04,1.917918381561035165e-03
5.612341159479740686e-04,1.779096588088493460e-03
7.049797797845775132e-04,1.860995973891784979e-03
7.859520316495201622e-04,2.090873050975858988e-03
9.027041813797520879e-04,2.116472554968361949e-03
1.037844774534246641e-03,2.788211966841828027e-03
1.081217065088585115e-03,2.756173978815740049e-03
1.118861835914538184e-03,2.880422401879305979e-03
1.166379584775652321e-03,3.050963027502919499e-03
1.152832177906077359e-03,2.960548318043841175e-03
1.161391719765326232e-03,2.926843788881925215e-03
1.160162174472997203e-03,2.748700126731018229e-03
1.160801484427807480e-03,2.610018567393213116e-03
1.152241329305295301e-03,2.448816790546461987e-03
1.131761777138375578e-03,2.378937397844428214e-03
1.096998193709731919e-03,2.392805527906746547e-03
1.026373034153980554e-03,2.541292198921202977e-03
9.333346802872128116e-04,2.545347043096819403e-03
9.424318404658006644e-04,2.539241343118637043e-03
1.061567115347297275e-03,2.552176017717000360e-03
1.020155112406090532e-03,2.556771063349432254e-03
9.333859964801000499e-04,2.545585544898355985e-03
8.924885615914687331e-04,2.521737739667389861e-03
8.408376435899391410e-04,2.496903573260930449e-03
8.300154420083416312e-04,2.456825769820793204e-03
7.506935994353387993e-04,2.379691944182375698e-03
7.534974216638005550e-04,2.250616646184998293e-03
7.588057921813984785e-04,2.042461412364533335e-03
7.740346749648419891e-04,1.801964546510722610e-03
7.441072633746820177e-04,1.787621512934039082e-03
7.083937639931765350e-04,1.845516305421473656e-03
6.868376619075145136e-04,1.907825474439405660e-03
6.827969215401920831e-04,1.828253696760549817e-03
6.809284284392353934e-04,1.883893812462347599e-03
7.002300182384617756e-04,2.006644303068352668e-03
7.420684352219381573e-04,2.018798353879264467e-03
7.639454126231310076e-04,2.028473021360526016e-03
7.495254542959611105e-04,2.053251140341183414e-03
7.622472239536513816e-04,2.083315579665563026e-03
7.925270188751549214e-04,2.027055600556277280e-03
8.043326212153898347e-04,1.827965835986109953e-03
8.262618678137471960e-04,1.755014292569852946e-03
8.322805828189739838e-04,1.681629942014926157e-03
8.400981706854495582e-04,1.595996814382149957e-03
8.448018955445821265e-04,1.618297169081943637e-03
8.471732279753566930e-04,1.575481156996784383e-03
8.353514516076566716e-04,1.572378387486617806e-03
8.045876429902376050e-04,1.549061857814307882e-03
6.902033401325640598e-04,1.395715558909592499e-03
6.770934188228863422e-04,1.386926199793737675e-03
6.653680550699649218e-04,1.284334903173423893e-03
6.303802499108564867e-04,1.221147702878471689e-03
6.645446258446486600e-04,1.160324158187827758e-03
6.640831775195891887e-04,9.429876576836013213e-04
6.610539711218236776e-04,1.075284556363240119e-03
6.538549854601875648e-04,1.028836619235001804e-03
6.277234701937358958e-04,9.528992048216208171e-04
6.102266502230784592e-04,9.103917867996808326e-04
6.180288006985091903e-04,7.570104500926198767e-04
6.505528289212686357e-04,8.103880021701473022e-04
7.047479122603820699e-04,7.641232826832435824e-04
7.237399506776095960e-04,6.303024806242824626e-04
7.111180932490668381e-04,6.437794147510192584e-04
7.293206051986411914e-04,6.057109275925172008e-04
7.525923335017942759e-04,6.137945085231443550e-04
7.718373465479445731e-04,5.942126196070863370e-04
7.473593519099053619e-04,6.360540101133364300e-04
7.365243097493273270e-04,6.195393406399754338e-04
7.133696973347821964e-04,6.191940313161608134e-04
7.301073892439325719e-04,6.204149072929438045e-04
7.355802210153520714e-04,6.219057888941232747e-04
7.294239582717242185e-04,6.209171011463085780e-04
7.699881004003741999e-04,6.233010925199738202e-04
7.137524961088079038e-04,6.189508567973330076e-04
6.329371518085716557e-04,6.206031200270488001e-04
6.506246784631654605e-04,6.504178597770756288e-04
6.557215227614421587e-04,6.137724473697279103e-04
5.854615449053219385e-04,6.154598274378871459e-04
5.898607209074632762e-04,6.189472950158378308e-04
5.575066546777571403e-04,6.202332437110789692e-04
5.349500740530210591e-04,6.140771968637129220e-04
5.350987481193486073e-04,6.125756992411397848e-04
5.006826512249884465e-04,6.122766369510048833e-04
4.321508747728335575e-04,6.151138754246370010e-04
4.131465833196383921e-04,6.107272632542035205e-04
3.457638478937288232e-04,6.112270310574261564e-04
2.836226235823934342e-04,6.110952885376666087e-04
2.864096806207941013e-04,6.105898973944442684e-04
2.677360725736810864e-04,6.094962696318393779e-04
2.322610714390564842e-04,6.102176469961079772e-04
2.191487024005109470e-04,6.103797136556306626e-04
1.995432481441036235e-04,6.203324753378228369e-04
1.905974890111721638e-04,6.229550582772018725e-04
1.813309668956688365e-04,6.267777779793378724e-04
1.810846502126832859e-04,6.441734480443630584e-04
1.859812670174093704e-04,6.572259079610998566e-04
2.018515238923161822e-04,7.191087208227698408e-04
1.989070517584060039e-04,7.308788888651581448e-04
1.945564344272582714e-04,7.936418358467897715e-04
1.958681714049808145e-04,7.979911105586029191e-04
1.832855652956395809e-04,8.006414872918633753e-04
2.182204613195982523e-04,8.663858052571387540e-04
1.487724246160617174e-04,9.038473040048101981e-04
1.023649640484414566e-04,9.707568429730287565e-04
8.877764216954484229e-05,9.722777080705723510e-04
2.670057893328905084e-04,9.715079272683021074e-04
2.676079664967076998e-04,9.827546255427161131e-04
2.432711039388402640e-04,9.933767324087525944e-04
2.008343350874369326e-04,1.000730406322665423e-03
2.165629532418560327e-04,1.005441463100829099e-03
2.259485009851476935e-04,1.010430817736453516e-03
2.237771773993567695e-04,1.011056774478397407e-03
2.151886911758995279e-04,1.007413654448234509e-03
1.876189709330339152e-04,9.986596270989821656e-04
1.884230697511012520e-04,9.974850013923176797e-04
1.754471791685528401e-04,9.859482909664741678e-04
1.747903308062731878e-04,9.498057166570521336e-04
1.606477436421240978e-04,8.601159554280729752e-04
1.690901554461147972e-04,8.716419396063416645e-04
1.187513654168861373e-04,9.496081964755286693e-04
1.385403510000511661e-04,9.365282738917828998e-04
1.381045461801766385e-04,8.864457483294609259e-04
1.259679764147638706e-04,9.107011245423818130e-04
1.234660781258291025e-04,8.988309407755362343e-04
1.175187142597438613e-04,8.683816154331425912e-04
1.153637461428399911e-04,8.325887065363535029e-04
1.147083337106241977e-04,7.870646430855493016e-04
1.148921853576547321e-04,7.432011647921475672e-04
1.171049370895142170e-04,6.844043697618728151e-04
1.212245241254627202e-04,5.551617713404396331e-04
1.291325408788548436e-04,5.461422767222582839e-04
1.353716566537223256e-04,5.067470822127806288e-04
1.412000198249752016e-04,4.043781647277637070e-04
1.417496561047590516e-04,4.165089942616274064e-04
1.420360851540972678e-04,3.679484301071785459e-04
1.414629925302985313e-04,2.356358791402870070e-04
1.415391887082109647e-04,2.580049151833176298e-04
1.454673683997209481e-04,2.087700165987324747e-04
1.583413401912386171e-04,1.351936220302165108e-04
1.827217896121235714e-04,1.400161724756849343e-04
2.111642037720717392e-04,1.245920496634046575e-04
2.557474599519536022e-04,1.652184520918794654e-04
2.419616604605133296e-04,1.342410812494504500e-04
3.147343717274760024e-04,1.437007231599950988e-04
3.515445850013419315e-04,1.637278333508756243e-04
3.545402041223932811e-04,1.872036670482860087e-04
3.748852063719652385e-04,1.908520112089511205e-04
3.468091151733435789e-04,1.844694034934825887e-04
3.768485395366481545e-04,1.691459509460721523e-04
3.913415585361133212e-04,1.517385145411215188e-04
4.207029633298684694e-04,1.453040572160832337e-04
5.147639855598979113e-04,1.432189853804957831e-04
5.125690135823786483e-04,1.413074879373276077e-04
4.988338093637100174e-04,1.390329340284933088e-04
5.027558029267949506e-04,1.333850050971548736e-04
5.098583117985141687e-04,1.274100019683814327e-04
5.218804023671798960e-04,1.244758403447260189e-04
4.799378925874320224e-04,1.250561618550896236e-04
5.653412183046356738e-04,1.336072926426697777e-04
5.685381651733122533e-04,1.651620321539917107e-04
5.412796098961472364e-04,1.686928166726201720e-04
5.041006284530114749e-04,1.497288605505871022e-04
5.287081679400414515e-04,1.672406115266921096e-04
5.787270218421010620e-04,1.766767955885503488e-04
6.071063462845255202e-04,1.558698965940312454e-04
5.608340803108978695e-04,1.497073140232451597e-04
5.762762287565724104e-04,1.610878786381484827e-04
5.827767944170579801e-04,1.615649683010542473e-04
5.967131276253699254e-04,1.592937260220092706e-04
5.632057863527875716e-04,1.650640393389334005e-04
5.533900086718752422e-04,1.644982647495304680e-04
5.537954369189017128e-04,1.641601184545282775e-04
5.479082638650147443e-04,1.655531946383072132e-04
5.715838276698446269e-04,1.644491498253354848e-04
5.658938561710573746e-04,1.640123147227958399e-04
5.640687713687374738e-04,1.637504810286808863e-04
5.672264104735228948e-04,1.636395535089753446e-04
5.722556837388646008e-04,1.620706870469020618e-04
5.925397644851079218e-04,1.604144374959590288e-04
5.949019475553473388e-04,1.529681963281391468e-04
6.047353020833673432e-04,1.493375749042666453e-04
6.109410003592984648e-04,1.303988681883461057e-04
5.936838769511497329e-04,1.289155352237280846e-04
6.171128634755052456e-04,1.254892524459911174e-04
6.192912846543812333e-04,1.237778932286786216e-04
6.254642667276027329e-04,1.320604547436264413e-04
6.454552947077189145e-04,1.351050587447016774e-04
6.295256625174052226e-04,1.361074034071456363e-04
6.596510345062695088e-04,1.595925220676011039e-04
6.950652255140017059e-04,1.534157507880271065e-04
7.010396254181407594e-04,1.967901293732785201e-04
7.483912445157520988e-04,1.855605175645798225e-04
7.518743086610144228e-04,2.070981610324244436e-04
7.504696895465761157e-04,2.145729365416900705e-04
7.664142753583142592e-04,2.265451180604370032e-04
7.848658778740491039e-04,2.363534266471833403e-04
8.318437743882092349e-04,2.550825298850210691e-04
7.564278140626652051e-04,3.038303513526523724e-04
7.582710748172489992e-04,2.874806533772991560e-04
7.685323822770570622e-04,2.993038565262039164e-04
7.543196016031835423e-04,3.020493313024839085e-04
7.911759400625698610e-04,3.321694138473152468e-04
7.896770497979468213e-04,3.320693324953883675e-04
8.008039916831346952e-04,3.566987964523531444e-04
8.514211551343980498e-04,3.750530866976676831e-04
8.912279883364930197e-04,4.231099360727854372e-04
9.225588588490347226e-04,4.416061943270292267e-04
9.373081519162277308e-04,4.551703974534697882e-04
9.624093593751140933e-04,4.650985530369983016e-04
1.015532066576199394e-03,5.027023841546830523e-04
9.914706641678467432e-04,5.078151815141201432e-04
9.798609143945498107e-04,5.298794146192941116e-04
9.888364140607833717e-04,5.505985474299295284e-04
9.949861740484570744e-04,5.841174215940909010e-04
9.827898909504316754e-04,5.760849455453911526e-04
9.853631426467975366e-04,5.856375524750015828e-04
1.007644100772246698e-03,6.086353462542930899e-04
1.034655426775091822e-03,6.071401113128535110e-04
1.065855304695893400e-03,6.122077872092001986e-04
1.072574576187183435e-03,6.228253877407025291e-04
1.073882515431579324e-03,6.308261388497075775e-04
1.058469837540931607e-03,6.328257364747415974e-04
1.065870053097759708e-03,6.690567203795984340e-04
1.063417012508124622e-03,6.618527936440722192e-04
1.065065310510981749e-03,6.722378402278330646e-04
1.082779701259342772e-03,6.449400193676501584e-04
1.084919120101703266e-03,6.568537237200234658e-04
1.119401369299113762e-03,6.654814836023196416e-04
1.109029639530641209e-03,6.604771488386166961e-04
1.099841831168281176e-03,6.831502404426910294e-04
1.088141631466968060e-03,6.592355710761852415e-04
1.077708503362501125e-03,6.245029366769138529e-04
1.079914711887678975e-03,5.950728722498042694e-04
1.059642972222116794e-03,5.558256208172488713e-04
1.085491230464750425e-03,5.497921092453627668e-04
1.105737262953413250e-03,6.080992345435279030e-04
1.142548238781688173e-03,6.046307930195256872e-04
1.149502244527428850e-03,5.663719433601722888e-04
1.161179363926128629e-03,5.311508024401049048e-04
1.183936631409381176e-03,5.305857337750505710e-04
1.158333046215684380e-03,5.344297670632782403e-04
1.153506732092113600e-03,5.610486442670716304e-04
1.091946579640558747e-03,5.340644394305013197e-04
1.071915865706627368e-03,4.903371066233396924e-04
1.034726565431857937e-03,4.884672539708252974e-04
1.012220257640396087e-03,4.890913733493028456e-04
9.865631997600799851e-04,4.838811740885327309e-04
9.905569849391533156e-04,4.776165150407292383e-04
9.879758928164332921e-04,4.677796108141272320e-04
9.794619710954380505e-04,4.487941177739595026e-04
9.697890621573432724e-04,4.516165564604683147e-04
9.294386030331865242e-04,4.399853385032778674e-04
9.432136608141367378e-04,4.286359920459009579e-04
9.314772760795599288e-04,4.372244071899631713e-04
9.017237855406084720e-04,4.345416131182024068e-04
8.795598007324560621e-04,4.228371717817275863e-04
8.681879067875260085e-04,4.163188447084239705e-04
8.202108527952410360e-04,4.181328273984151228e-04
8.244808467745101503e-04,4.237446890032170975e-04
8.147229774253333077e-04,4.247162265175442549e-04
7.786986075781397948e-04,4.085035834770619156e-04
7.632175801370657273e-04,4.008915996035028700e-04
7.600663812061454229e-04,4.132712445509539715e-04
7.336479632549753813e-04,4.299818529809406697e-04
7.373479279943813847e-04,4.314369123197971763e-04
7.251892224355343999e-04,4.300618214316905452e-04
6.943295167802240138e-04,4.111772986005119215e-04
7.003584188563410961e-04,4.124518679907435560e-04
6.919951498913593521e-04,4.140655795212840702e-04
6.696096117050577470e-04,4.198260474179250435e-04
6.712048223952529237e-04,4.191998100451836901e-04
6.577477711879074545e-04,4.293263873876150441e-04
6.336499342854529484e-04,4.217548753270696036e-04
6.324239045382424977e-04,4.181470517042073284e-04
6.210557277467550251e-04,4.179164471008069539e-04
6.010114683638005792e-04,4.265530500790084114e-04
6.050575309496414485e-04,4.216046348863818679e-04
6.000608366847168685e-04,4.277992238249411945e-04
5.771352828483992123e-04,4.306680092389855437e-04
5.880347078669340968e-04,4.320835327976309281e-04
5.586564056572567404e-04,4.407063146681349376e-04
5.716811083340902783e-04,4.389266829352772505e-04
5.319071400474965775e-04,4.452773399078656879e-04
5.308516662605267198e-04,4.403999039554143836e-04
4.936330643674390539e-04,4.337303619114898814e-04
4.888599399692823309e-04,4.360986028644308460e-04
4.990836942154249379e-04,4.358507324525165492e-04
4.815745156682371903e-04,4.412196869137918168e-04
4.825582389438993992e-04,4.145201766920663961e-04
4.791864034134303628e-04,4.219462491626619943e-04
4.726053107731483373e-04,4.268325997178625377e-04
4.726622320931799025e-04,4.158965081259240583e-04
4.695540599663550804e-04,4.029575510994544397e-04
4.622694343949341556e-04,3.952451803288646484e-04
4.605032197117002956e-04,3.871861097050264514e-04
4.611549927246712081e-04,3.807915977095150274e-04
4.641786517191125280e-04,3.733639332384666308e-04
4.609096586075043774e-04,3.606082392191536012e-04
4.607785616876738152e-04,3.579457988217050481e-04
4.614157896597210345e-04,3.484008007151617216e-04
4.648850168671161617e-04,3.408722297242533310e-04
4.688866724877448623e-04,3.286291135195648833e-04
4.721429225997455094e-04,3.258286536888058962e-04
4.730638445178682013e-04,3.157320753900233175e-04
4.779880258743026376e-04,2.853493487925545260e-04
4.772998148330740461e-04,2.625100490392924622e-04
4.812973742914512364e-04,2.241645038505697229e-04
4.874412052728851943e-04,1.864278832913103697e-04
4.970800126948089672e-04,1.937159479698227413e-04
5.188173656445607207e-04,1.747642534970784132e-04
5.373966166992314927e-04,1.251394044597545024e-04
5.303543521907646413e-04,1.253525469585095868e-04
5.219574835561087596e-04,1.261315817799460253e-04
5.046927151597128611e-04,1.267643295912111159e-04
4.980992602714042579e-04,1.325797884984449145e-04
5.019213714521890022e-04,2.077910620788225816e-04
5.056651003607054006e-04,1.906683657426357602e-04
5.060712528579113401e-04,2.086761759365401904e-04
5.049031423032917772e-04,2.643153378678540755e-04
5.016514182643659440e-04,2.624947382944052641e-04
4.958987081051852066e-04,5.229161757665764295e-04
4.886778490980152843e-04,5.681078022595460004e-04
4.709463150466349662e-04,6.753712470520896374e-04
4.704134148074303043e-04,6.467540234676932105e-04
4.624520155005707941e-04,7.125823865057208904e-04
4.358274480692929994e-04,7.994883582767034437e-04
4.459554657998740360e-04,9.634879722588911939e-04
4.357377689806473937e-04,1.187214603262575115e-03
4.256342510397084821e-04,1.232955594610626784e-03
4.184964087736730317e-04,1.366485015459830863e-03
3.967810873971930742e-04,1.505965363654960480e-03
4.008655689859324579e-04,1.403138196679555192e-03
3.964231110669331256e-04,1.481521272661947457e-03
3.734902904700455081e-04,1.545205147173796603e-03
3.639073653493714810e-04,1.627759916349585728e-03
3.596207509455862073e-04,1.681568131079949017e-03
3.308005469475860352e-04,1.747575712262677350e-03
3.398506274143700719e-04,1.963914276954408823e-03
3.302940688606118393e-04,1.824863338097617096e-03
3.250909813589489034e-04,1.930891317071788864e-03
3.147444156598309300e-04,1.944846961284531868e-03
2.956152278402205888e-04,1.975284351354495305e-03
2.899268536257696544e-04,1.972210002161751095e-03
2.905541732769558773e-04,2.019806439563121871e-03
2.805368125239869614e-04,2.019070509308381039e-03
2.817654587027771610e-04,2.127937498298152624e-03
2.738942357008219280e-04,2.196182475400622596e-03
2.492973454755077344e-04,2.177566219812860759e-03
2.499564970013299194e-04,2.204600485379585185e-03
2.350059332532300298e-04,2.237616177856417091e-03
2.288463261909525013e-04,2.238460144132425455e-03
2.210335143135458359e-04,2.239592232971818371e-03
2.154428927882441733e-04,2.239253929919953184e-03
2.103856099259107204e-04,2.239857783347400447e-03
2.094981113020682214e-04,2.241360865115144853e-03
2.067322316007946933e-04,2.246610499088717849e-03
2.025286228129601909e-04,2.253592657513004121e-03
1.951637219267935341e-04,2.270142005309905460e-03
1.891636046109501504e-04,2.277312823183485439e-03
1.799368207382365486e-04,2.285123607760659956e-03
1.734494565610433651e-04,2.248418201550795442e-03
1.688425375966695944e-04,2.276819219086409843e-03
1.556043362954037928e-04,2.292865290278346332e-03
1.424813750883592643e-04,2.247401050104441429e-03
1.307089129293809594e-04,2.234955667043559552e-03
1.314768559860977578e-04,2.218259354802900804e-03
1.179998872034133625e-04,2.201611289216469803e-03
1.206194920963897109e-04,2.170177116895271371e-03
1.191486775438692949e-04,2.143180961368046974e-03
1.251750317936253700e-04,2.122010585820400565e-03
1.194033616408393808e-04,2.100231403780745097e-03
1.142111487382718699e-04,2.090438008093381886e-03
9.329196433819752360e-05,2.096961120426751955e-03
9.271160073296505499e-05,2.087614174290905716e-03
9.494965654390435461e-05,2.068921296702519366e-03
9.671815191448758595e-05,2.033960894903551458e-03
1.186227743710227257e-04,1.987423864518323997e-03
1.261541247829571727e-04,1.930564301896292101e-03
1.277893578527501781e-04,1.917306662404859828e-03
1.232095856777508912e-04,1.906583799334902627e-03
1.372568647034429787e-04,1.899203550354533346e-03
1.682917497550524410e-04,1.888043698239333379e-03
1.732522633079552064e-04,1.873505174104255671e-03
1.883641616854542515e-04,1.849517606318947698e-03
1.845226341622375674e-04,1.835068351879730244e-03
2.074152655560554089e-04,1.821586768166235087e-03
2.300983625249195669e-04,1.820757667355104876e-03
2.485639715294790295e-04,1.814293438973363110e-03
2.796652375369956746e-04,1.813346064878264621e-03
3.820928192114461295e-04,1.811192535855907487e-03
4.019198352347956452e-04,1.806791600967316358e-03
4.223294371558106706e-04,1.801245738846047641e-03
4.442002768147480535e-04,1.794905527630904097e-03
4.939986989709858499e-04,1.790214747693866931e-03
5.287713344690099255e-04,1.785335144197321925e-03
5.859476663516027676e-04,1.797206320553229771e-03
5.766329564131711990e-04,1.812062852778309691e-03
5.898744991035383351e-04,1.846596691328370680e-03
5.994582313230636559e-04,1.948576434184007364e-03
5.986616657015169209e-04,2.019454380390978653e-03
5.963732569424431019e-04,2.078766368395095800e-03
5.954499554690087732e-04,2.234134113998870706e-03
5.925711134540033150e-04,2.218930092369459338e-03
5.939729502697710861e-04,2.294260600336441372e-03
5.962363083647692543e-04,2.397664845255142660e-03
6.020065785440816561e-04,2.526784595824544451e-03
6.118360757376507851e-04,2.525512140837097783e-03
6.261854853821414036e-04,2.614024121741820132e-03
6.448194943148024497e-04,2.725240553749353530e-03
6.663205680803244027e-04,2.848744067310986488e-03
6.855838561661909206e-04,2.861698361546207662e-03
6.771692066519897175e-04,2.991452556572324600e-03
6.323458600416244834e-04,3.050817260955174942e-03
5.987380833529841549e-04,3.172631019122862557e-03
5.920499257899015369e-04,3.229103084652424488e-03
5.876410327132609943e-04,3.414552694750280261e-03
5.870074958055754820e-04,3.460313665760144080e-03
5.877994808470870429e-04,3.671084904878915960e-03
5.917802932241426417e-04,3.672296911712890320e-03
5.902204040027514160e-04,3.818668218243763228e-03
5.861405985231180798e-04,3.914485006354596203e-03
5.816600352554585030e-04,4.016289684080635164e-03
5.780184661866592842e-04,4.027847580617029480e-03
5.757263704018704539e-04,4.182440942461081342e-03
5.729658903770082747e-04,4.200652237693522882e-03
5.684952454816330925e-04,4.292862767409705814e-03
5.615144791466202120e-04,4.361216220863058969e-03
5.474180542280459184e-04,4.444809829321924588e-03
5.290396949598180198e-04,4.498502659589567569e-03
5.034795367634086046e-04,4.582255245956861137e-03
4.894888783286081412e-04,4.634320907013604780e-03
4.606822622957809795e-04,4.740255461989422055e-03
4.681147378923891157e-04,4.749496827152244888e-03
4.542332170031758583e-04,4.792942491833020180e-03
4.424352940899832975e-04,4.827396555602704760e-03
4.292327839226867331e-04,4.805035953982577865e-03
4.034656712553937583e-04,4.800332964563565341e-03
3.931914264976233342e-04,4.787034861846502926e-03
3.721298307661830744e-04,4.774649500996337899e-03
3.574801982020659515e-04,4.751119535629190135e-03
3.621511993372007266e-04,4.730767826914843328e-03
3.648033126274817062e-04,4.717958887952062967e-03
3.620400722508751467e-04,4.857064988713853323e-03
3.383723212281184649e-04,4.821525861344305892e-03
3.370755411462544285e-04,4.790961158300255547e-03
3.202878893166585545e-04,4.850493403722775689e-03
2.690806590392761061e-04,4.978780551695407598e-03
2.723311008706733646e-04,4.948574849553468227e-03
2.484864089608035008e-04,5.043244693298770502e-03
2.440961122290120965e-04,5.019562576197717126e-03
2.175457470071327510e-04,5.008854534924277700e-03
2.056961401285925170e-04,5.009079274974050956e-03
1.687260038779141678e-04,5.004415522675791442e-03
1.611230600524589049e-04,4.986179571682953886e-03
1.536685679666576528e-04,4.951624435587938938e-03
1.150696260851335448e-04,4.894263588501051102e-03
1.192517113950647103e-04,4.848212103591710911e-03
5.614496552359284331e-05,4.782297790697263330e-03
6.497852458848017232e-05,4.809002965409273946e-03
5.956616958935198662e-05,4.742988160481337485e-03
6.023143110562612540e-05,4.657655074487561213e-03
5.699403378829140930e-05,4.647853069866605090e-03
6.211267183429543498e-05,4.608086660275587630e-03
5.797774881026449744e-05,4.557994424453679777e-03
5.725324326480891345e-05,4.554742382996412008e-03
5.917812884769979771e-05,4.540710365836711504e-03
6.780971587420376180e-05,4.509252487320606663e-03
6.372201532108383586e-05,4.465671572165129562e-03
7.765943554614387922e-05,4.443717527241064849e-03
7.322072877110771762e-05,4.405351154796480380e-03
6.497326646638575684e-05,4.438411055067562234e-03
6.484918123679997014e-05,4.400981469594084962e-03
6.982054973720931918e-05,4.327179904304176254e-03
6.472960886711424814e-05,4.400105883477739392e-03
8.109970960857295567e-05,4.408384015193497069e-03
8.535780069735607724e-05,4.417436766272476306e-03
1.058468677113265811e-04,4.423262935649890752e-03
1.166054295968764362e-04,4.450607134353829798e-03
1.635229850223149459e-04,4.436334131985703727e-03
1.906259616091989103e-04,4.354659804310298359e-03
1.727397279148947971e-04,4.398280519184603367e-03
1.690862959895047027e-04,4.402611436558814123e-03
1.612261607500040919e-04,4.390076649766247452e-03
1.612753468689771754e-04,4.329077540603125385e-03
1.531826680536091205e-04,4.317981746324620410e-03
1.998256701019205587e-04,4.210705291369056837e-03
2.139202390569849128e-04,4.239868388525113926e-03
2.290431138288109153e-04,4.294669154290496269e-03
2.247815030466221138e-04,4.275777464299185607e-03
2.463553209308687623e-04,4.233819176997292467e-03
2.529937342249624264e-04,4.250090411028621500e-03
2.630616839073680554e-04,4.254604974686874985e-03
2.801618170787121610e-04,4.246060029455313474e-03
2.730252801478263058e-04,4.219957312722169215e-03
2.491810350998827561e-04,4.189149593679850590e-03
2.665621893015502654e-04,4.142217620963749292e-03
2.634078399288785721e-04,4.116796645939116255e-03
2.187715346397784766e-04,4.080090331777433410e-03
2.006221577865236925e-04,4.075728994876270592e-03
2.403268234852067714e-04,4.081723088152620395e-03
2.034210643004878292e-04,4.086280698538003776e-03
1.969178904255282174e-04,4.119833505430283392e-03
1.949252427435319078e-04,4.302826838150114463e-03
1.229981134715866229e-04,4.436526596463955148e-03
7.851428404964628594e-05,4.765764773099429551e-03
5.050405892387808856e-05,4.838505429375806501e-03
5.070357502576691689e-05,4.803841983682965479e-03
5.360717655721915898e-05,4.928840589653512953e-03
6.588449403235241604e-05,4.952379908106923669e-03
1.128486630374050779e-04,5.067926382155520278e-03
1.997481698093726170e-04,5.244524428180048249e-03
2.602259354417071099e-04,5.369811619876462168e-03
2.979261000485906754e-04,5.529183964219283424e-03
4.376692016485608187e-04,5.485934352455585153e-03
5.111677657834156089e-04,5.490495595546199779e-03
7.488235248050774569e-04,5.590027340241634363e-03
7.364909991015713498e-04,5.706995468143160818e-03
7.961037311304639420e-04,5.768307669634607608e-03
8.144960270973698692e-04,5.977104503459422166e-03
9.062613353029062109e-04,6.094681261881783850e-03
9.445282366450681588e-04,6.330268065161666867e-03
1.011575594445621651e-03,6.299652551666966652e-03
1.189699564079654522e-03,6.349178677120745351e-03
1.142785566722685818e-03,6.474610747334795177e-03
1.176098384233775860e-03,6.742955475748331484e-03
1.251817891144977159e-03,6.760938830761830179e-03
1.324374568933148330e-03,6.955424483707126418e-03
1.409190037694239925e-03,6.985039914304260952e-03
1.472512399025635707e-03,6.994598334933731232e-03
1.490101034677714011e-03,7.190950059635473415e-03
1.513737807834209491e-03,7.171768171007252869e-03
1.539009213488085536e-03,7.262589044131650441e-03
1.532235202628172551e-03,7.332785601609584716e-03
1.527563884781814449e-03,7.509789358050703890e-03
1.509655347883752559e-03,7.517384254100549848e-03
1.505959095470896453e-03,7.650390258391835674e-03
1.498545669384346996e-03,7.719127997456924455e-03
1.484849681266067756e-03,7.727650631346933037e-03
1.459962397255732411e-03,7.873143450672095978e-03
1.443244809561706728e-03,7.856310002776254950e-03
1.435805286821893560e-03,7.914786911428320013e-03
1.460184874197846929e-03,7.978453319590293399e-03
1.453029775069461082e-03,7.988109897937863135e-03
1.454669195801660490e-03,8.050820638288370273e-03
1.470995624005788562e-03,8.145181274102769597e-03
1.486535518883222613e-03,8.225937999964063815e-03
1.486273784311578769e-03,8.241168715815138171e-03
1.488583001423625677e-03,8.263816924547988732e-03
1.495268758664403336e-03,8.291351013079430524e-03
1.508137485050959140e-03,8.361560095608819992e-03
1.529496573360400371e-03,8.327215382744888525e-03
1.544592355503458065e-03,8.333223324148771038e-03
1.551465777579852205e-03,8.381987846324759003e-03
1.555293996927970641e-03,8.447606412341122917e-03
1.581162227082494624e-03,8.538728433165993295e-03
1.577780827753558820e-03,8.523628103450186025e-03
1.553566358302515193e-03,8.570054976539624031e-03
1.571929229761002663e-03,8.585100613808115469e-03
1.585227516866937955e-03,8.625377321570147290e-03
1.571267730239433698e-03,8.623162505948920101e-03
1.579861471371292372e-03,8.643758501817283557e-03
1.578469713575815286e-03,8.646596595640144295e-03
1.571505453183750459e-03,8.636942631632924666e-03
1.566928368321552061e-03,8.612242290185862306e-03
1.565117647255227697e-03,8.591770850741189611e-03
1.570470774653365785e-03,8.557086520459769238e-03
1.595810110616247522e-03,8.531235772649678473e-03
1.639133721884661289e-03,8.542415514195570922e-03
1.687221783356084243e-03,8.514096846393018683e-03
1.717299033858951272e-03,8.340598821192434648e-03
1.721418160804971719e-03,8.347259528475987900e-03
1.723037147421185031e-03,8.326801829052007595e-03
1.733844759223810133e-03,8.309276785706115609e-03
1.757292423613375856e-03,8.265834429908190326e-03
1.751989427489741109e-03,8.278126303865004573e-03
1.760766712310536273e-03,8.260612007338139287e-03
1.767410301797696934e-03,8.245893100290124095e-03
1.780597961188327147e-03,8.195548419961269301e-03
1.787402496693833416e-03,8.019274745316315456e-03
1.793594855821238447e-03,8.061075855953073188e-03
1.801384853150182069e-03,7.966351380179434796e-03
1.791069733110581957e-03,7.833425138426884302e-03
1.785359517805182447e-03,7.639637855794710608e-03
1.769716854763978952e-03,7.496499458099994788e-03
1.761096346986489643e-03,7.159051282584404270e-03
1.746190258452558729e-03,7.265762376406736771e-03
1.720985607898209381e-03,7.119674215296631532e-03
1.716071823935012884e-03,6.941368990866797310e-03
1.726678902758267166e-03,6.894249985226305784e-03
1.723684034259656810e-03,6.800677366728943851e-03
1.718878085515355720e-03,6.718471202764034027e-03
1.712720558486136935e-03,6.746308127067666624e-03
1.702334892860411699e-03,6.744623784968871959e-03
1.688989185568117628e-03,6.733362157346444582e-03
1.676381609833290862e-03,6.692254723494551506e-03
1.656854275525101354e-03,6.751627631210882670e-03
1.652631190983583007e-03,6.753316074384333421e-03
1.667834415768820831e-03,6.709613030087518103e-03
1.643203150970482191e-03,6.753637009376770028e-03
1.605025058643787033e-03,6.735119717670741760e-03
1.614890900596739013e-03,6.726783688824024797e-03
1.611226409116303226e-03,6.730079899959195630e-03
1.599831184308467920e-03,6.755480143106814932e-03
1.609443542234848933e-03,6.743852937268581156e-03
1.599871281016037585e-03,6.751257983012981002e-03
1.622702290497629379e-03,6.765525782193634180e-03
1.639075569082195684e-03,6.788536532237240788e-03
1.649904905085232670e-03,6.807760072154227411e-03
1.698637199097959710e-03,6.775777742132408667e-03
1.709562089555303251e-03,6.808280341497908832e-03
1.723997463376854798e-03,6.813472759719553865e-03
1.738095179992916670e-03,6.855374243219967620e-03
1.756760590315591770e-03,6.831627278731102274e-03
1.762052903158610028e-03,6.823941133328925192e-03
1.765815091534044022e-03,6.840299998945593984e-03
1.753481516161707436e-03,6.839987083261865781e-03
1.718373534901525019e-03,6.849218735134265761e-03
1.539361256591618770e-03,6.875872763500500556e-03
1.531438183148769571e-03,6.866655359228574992e-03
1.538411692233542134e-03,6.885427992948178928e-03
1.598796278226476348e-03,6.914865227470563293e-03
1.556813655626289794e-03,6.922177413469116428e-03
1.517861010941339971e-03,6.947473169548595666e-03
1.503821015898964674e-03,6.958341487508920217e-03
1.483885480710265539e-03,6.996472397474699963e-03
1.521170215251161370e-03,6.992188021907698621e-03
1.509250335394914273e-03,7.019817954910894525e-03
1.556395169231366898e-03,7.046320175886276911e-03
1.579367685687960111e-03,7.033677629066142391e-03
1.584270988177762310e-03,7.051677920284795537e-03
1.612527386286169385e-03,7.059352472371885172e-03
1.620507555604883262e-03,7.072162413090608488e-03
1.645540464901543067e-03,7.116813255982178642e-03
1.650081073047274683e-03,7.101119361460673379e-03
1.639378128231734838e-03,7.102031494473824702e-03
1.639343018139046392e-03,7.127281200465199196e-03
1.643011809406329715e-03,7.117169687412371396e-03
1.668277699750544312e-03,7.145673225328112894e-03
1.671354140604639589e-03,7.168856189913400470e-03
1.673188597222784397e-03,7.186560890227748979e-03
1.676586037436872054e-03,7.203894315174746293e-03
1.680112128396761204e-03,7.210465291952566393e-03
1.696945725276372430e-03,7.235295126428497106e-03
1.690168403063323091e-03,7.253627525411695393e-03
1.694660525479056061e-03,7.275733534427767171e-03
1.660843021834052967e-03,7.284075381510745836e-03
1.616464103887737353e-03,7.303119015410826538e-03
1.585700226208615208e-03,7.281279910090740493e-03
1.557285480763037720e-03,7.305685623637661608e-03
1.526368556551146484e-03,7.323296079457068501e-03
1.490629048171774988e-03,7.331768704377474542e-03
1.498863819919155375e-03,7.322002560991309160e-03
1.482788862380334536e-03,7.314780093608354468e-03
1.488773036177279581e-03,7.301597451731275598e-03
1.488841156955501843e-03,7.257696008268094655e-03
1.496380212786465810e-03,7.177465674366324995e-03
1.501878604103105757e-03,7.152228197714097756e-03
1.530038486512741826e-03,7.166311222183620322e-03
1.529453272659783702e-03,7.149598372319772299e-03
1.525423845242562500e-03,7.179788509966335101e-03
1.519111948955560905e-03,7.117168545275330202e-03
1.513718235291708260e-03,7.101389765091024008e-03
1.516464207063996077e-03,6.988863258016137642e-03
1.515298650686374132e-03,7.002101197396378048e-03
1.562523021148844735e-03,7.021625553939750929e-03
1.588057982001866899e-03,6.983828857177973651e-03
1.618605340733294184e-03,6.952537392250133369e-03
1.644745224750039734e-03,6.913931978859458663e-03
1.661634700628529526e-03,6.885159476612682551e-03
1.669359803517820673e-03,6.805389728224692583e-03
1.654466202367481115e-03,6.793742932326656166e-03
1.649126680947672705e-03,6.699667192030897556e-03
1.652066141550096725e-03,6.493440810641704433e-03
1.650503773085434207e-03,6.282649457510144746e-03
1.636691942972952991e-03,6.239812767480219097e-03
1.637114107321430449e-03,6.117555564115368348e-03
1.628508224032790448e-03,6.011912764591747019e-03
1.614866215048568103e-03,5.806217409381786952e-03
1.620534783746840728e-03,5.872685408698332006e-03
1.604885625589716654e-03,5.493289043086370567e-03
1.622356547712485103e-03,5.577340475768384834e-03
1.631571344695952400e-03,5.435491367579145701e-03
1.626569119628795169e-03,5.279846523344472291e-03
1.624045985811829046e-03,5.240001346800192937e-03
1.601734983915342270e-03,5.114701012168872823e-03
1.587353933452984728e-03,4.894738047588228537e-03
1.580327702938017550e-03,4.848052410003897417e-03
1.564155498007145520e-03,4.696285052884075287e-03
1.566055718769541073e-03,4.617469950092250447e-03
1.556399367147566232e-03,4.639153118426871635e-03
1.566279593374744587e-03,4.592368089579104869e-03
1.567288507881929235e-03,4.553117666237833754e-03
1.572713875314622322e-03,4.523184858043122203e-03
1.590800969042317162e-03,4.483269976971022107e-03
1.614051928543793098e-03,4.442489731003793942e-03
1.618945024781312742e-03,4.409621361232747561e-03
1.639047957097945199e-03,4.374903801106545115e-03
1.630481795749123743e-03,4.347778115829399083e-03
1.626715849000632316e-03,4.297395980356701062e-03
1.632294759782545752e-03,4.349677177351712887e-03
1.637968083486347455e-03,4.425968233147738705e-03
1.643956753083780685e-03,4.375460196282566876e-03
1.650990685221752569e-03,4.380159069229903716e-03
1.679913646596423215e-03,4.276503478960760017e-03
1.678817870920882921e-03,4.193237661694596517e-03
1.668187106763153451e-03,4.073863594783441733e-03
1.645650223648406889e-03,4.025444676472257101e-03
1.651020784600049649e-03,4.104833636037091490e-03
1.654161914800604972e-03,4.061978276781998305e-03
1.651475922258150179e-03,4.001059810390081815e-03
1.642660113649648933e-03,3.934451723697659359e-03
1.635365506756771264e-03,3.861122550704164380e-03
1.632105038773621914e-03,3.793365782934120679e-03
1.633434763828521064e-03,3.778851386547626111e-03
1.633651070298755819e-03,3.572612182768139782e-03
1.637754146319562532e-03,3.523051875863237540e-03
1.649127951415502386e-03,3.456522441591465284e-03
1.656743661587226860e-03,3.390892307418143410e-03
1.657664253130412997e-03,3.313918296037852984e-03
1.660191953968638773e-03,3.187592871711488959e-03
1.656804712839698079e-03,3.090415327050383305e-03
1.652543067668849064e-03,2.992737054629035758e-03
1.643171067924504691e-03,2.889567420330149163e-03
1.641043599460925142e-03,2.787982047481510524e-03
1.625383429329277634e-03,2.742325578072374575e-03
1.621788621223669170e-03,2.678879632118690186e-03
1.609749600516504090e-03,2.450845825053928062e-03
1.622717163613565487e-03,2.528297181302470095e-03
1.619853072358303468e-03,2.538683984798963643e-03
1.619796815247964575e-03,2.446899764437000021e-03
1.628105324423437250e-03,2.252434962083142526e-03
1.642804084010970151e-03,2.277977040352009968e-03
1.635324632878792841e-03,2.019195894354348930e-03
1.628696813605973832e-03,1.897036878403550800e-03
1.609270757797342773e-03,2.006959285432401239e-03
1.607554215047452689e-03,1.938860587300512191e-03
1.575976049602809039e-03,1.828717923123017149e-03
1.551728531920890195e-03,1.658053454524719339e-03
1.556878569792131701e-03,1.625654091643741889e-03
1.545815056457443184e-03,1.511445194012946266e-03
1.513602957188951974e-03,1.227292046102199585e-03
1.508184289336356176e-03,1.192725590506632473e-03
1.478007990801117732e-03,1.105535983407296505e-03
1.457833601696225138e-03,1.001096533391365945e-03
1.453178586064404971e-03,8.237335292842454422e-04
1.393227708808124528e-03,8.223854284664538529e-04
1.378784171242630405e-03,7.758517941279680650e-04
1.371757112285041432e-03,7.446757194637395423e-04
1.354538216599727920e-03,6.128551689167933535e-04
1.338884931429776661e-03,6.408723346516150259e-04
1.275868410848208416e-03,5.485051396568220439e-04
1.314143234783127874e-03,5.430514579550460791e-04
1.322339942392400727e-03,4.940295367426010987e-04
1.320058889370442348e-03,5.297920646177663910e-04
1.314041524964099702e-03,5.362057767026717900e-04
1.327158211616563405e-03,5.685648564470787564e-04
1.314999457827936008e-03,5.634354318507581042e-04
1.281387911019759782e-03,5.671358887267797470e-04
1.264944052433682447e-03,5.699155465104818827e-04
1.257058701599474181e-03,5.789539687627366952e-04
1.263967573494612865e-03,5.575734757642675102e-04
1.228767960865648082e-03,4.731192498034179493e-04
1.142277227110401151e-03,4.721225071670084265e-04
1.135465593442586520e-03,4.629536435599301706e-04
1.119778064684985542e-03,4.297181786080155248e-04
1.089240378614917629e-03,4.461748347302863307e-04
1.120663603248973818e-03,4.086419258695211942e-04
1.100031454145797370e-03,3.812418406491971086e-04
1.069943839389054857e-03,3.521887248042938640e-04
1.064548621227754364e-03,2.978639904309718736e-04
1.054743426740629509e-03,2.407396500625457716e-04
1.044111935015461018e-03,1.730657351395520674e-04
1.029921246537299521e-03,2.303985426195697588e-04
1.020218865042878511e-03,2.141852478312756939e-04
1.024710455004183059e-03,1.774772572738910154e-04
1.023569663036141830e-03,1.844795104737262576e-04
9.995749144458656362e-04,1.525526509008899622e-04
1.003700808541709661e-03,1.199338276974053978e-04
1.001147658679652679e-03,1.212244082551714532e-04
9.933792980233119383e-04,1.276525016594652606e-04
9.919668980476218853e-04,1.267816718981427189e-04
9.841535571893755656e-04,1.309162502352361694e-04
9.727678054914758524e-04,2.482422545114151163e-04
9.657516632798091591e-04,2.700022987502036470e-04
9.523932528760399325e-04,3.234863936098960322e-04
9.527525909368303545e-04,2.820687323313638556e-04
9.358047504745264228e-04,3.024842261481213877e-04
9.435905464011452599e-04,3.705869898040560517e-04
9.371898392043448520e-04,4.957562625328537208e-04
9.235370523886314012e-04,5.773776829321285034e-04
9.152332169987554417e-04,8.107082720798035021e-04
9.000104208281616220e-04,7.779037697483102672e-04
8.727825465849126454e-04,8.838525035665821712e-04
8.780916537619600469e-04,9.321075836433189484e-04
8.656237465102885244e-04,9.646144878396401348e-04
8.403517455013371270e-04,1.014390684569538206e-03
8.694417419887314012e-04,1.067710938742734515e-03
8.664776008533434711e-04,1.086670006121352641e-03
8.785260416443694013e-04,1.232457572318829868e-03
8.639748197360327345e-04,1.200424953423981974e-03
8.485736775531568452e-04,1.264704224734674838e-03
8.234414273116981301e-04,1.252569019772086564e-03
7.944464494004350270e-04,1.329404256680088818e-03
7.773366375153843407e-04,1.308338183386976213e-03
7.968182169173477179e-04,1.287866327168800873e-03
7.867600067948733213e-04,1.298719707456332494e-03
7.695873492138950679e-04,1.331462889664769859e-03
7.637254511661266312e-04,1.391240611095277213e-03
7.381553689664696778e-04,1.383147841186655640e-03
7.124918963581760439e-04,1.397105583357740417e-03
7.277770743179028329e-04,1.436247975686519946e-03
7.328094909242516188e-04,1.464757023584971340e-03
7.260697110473803484e-04,1.539386325321701011e-03
7.406093049596036140e-04,1.612293832616322345e-03
7.278894503002734245e-04,1.696902008624249884e-03
6.924847683319454222e-04,1.702975329741770582e-03
7.065960365883622047e-04,1.740508901695467410e-03
7.056580273669600016e-04,1.774020697843396634e-03
6.803332752382247692e-04,1.782005468202528531e-03
6.856192270019134108e-04,1.798481016033021476e-03
6.730205620617282997e-04,1.829731036388781333e-03
6.440614138906333806e-04,1.937558768744463951e-03
6.415856476285292185e-04,1.877593523611003398e-03
6.034207137354255989e-04,1.976442138480158459e-03
5.929484365750758296e-04,2.070395736691715057e-03
5.408170192442656550e-04,2.161768623776622478e-03
5.321203652791647387e-04,2.226452254139704365e-03
4.918281945575681165e-04,2.318107602939516263e-03
4.997393335940957275e-04,2.290858388836155765e-03
