# loss_dp, loss_pinn
5.038292443567813361e-01,2.036232230113960238e-03
5.038219276647994960e-01,2.031513633104339335e-03
5.038208826996755096e-01,2.029870883688566791e-03
5.038208824544176956e-01,2.029870866932998504e-03
5.038208805081542119e-01,2.029870745741943483e-03
5.038208214929850159e-01,2.029844624371827944e-03
5.038207848459711480e-01,2.029824090341996855e-03
5.030237513073392286e-01,2.029823350279914927e-03
5.029651417793163937e-01,2.029822535319185384e-03
5.006774447273399931e-01,2.010228718811583361e-03
5.001570670173876021e-01,2.009955931280824060e-03
5.000444467412523686e-01,1.907410094000771151e-03
5.000352079282055495e-01,1.901260852919487310e-03
5.000311098796264009e-01,1.164554764265466388e-03
5.000266849095974520e-01,5.191136769027952921e-04
5.000206112312403084e-01,3.048574397510871192e-04
5.000173534477830861e-01,1.473411847105814902e-04
5.000153095665758052e-01,8.998301167331657861e-05
5.000145401940476741e-01,6.872910683575774143e-05
5.000138789959522878e-01,6.177383755006449282e-05
5.000127555877238450e-01,5.818252593207212350e-05
5.000119079642534325e-01,4.635720674188666856e-05
5.000112253097512838e-01,3.605293571136678100e-05
5.000108940624317100e-01,3.167148804697209394e-05
5.000100567332448342e-01,2.650733465500297766e-05
5.000095370734032318e-01,2.320533724379752989e-05
5.000091193942851620e-01,2.250764022979953092e-05
5.000090786148918554e-01,2.184743362347225213e-05
5.000090144172062434e-01,2.095482873411003290e-05
5.000087842989799913e-01,1.992954286985819590e-05
5.000083348528971960e-01,1.815123362227528248e-05
5.000078529238195513e-01,1.717702753906405187e-05
5.000071374080885533e-01,1.653528128579039236e-05
5.000069298943738971e-01,1.619693231573559507e-05
5.000067627653669300e-01,1.574731902709745079e-05
5.000066817209043446e-01,1.556887156459740715e-05
5.000065784306215733e-01,1.539200528323129164e-05
5.000064942652300282e-01,1.510140869405458486e-05
5.000064629471722144e-01,1.502863074801738846e-05
5.000064466382461159e-01,1.499697070029035417e-05
5.000064440400509014e-01,1.498600219158563961e-05
5.000064423663567181e-01,1.490721273161224800e-05
5.000064399484386302e-01,1.460399788038145218e-05
5.000064372241553867e-01,1.400968770951879167e-05
5.000064345362575935e-01,1.367722899526881897e-05
5.000064279464778716e-01,1.343107222335411543e-05
5.000064055068402791e-01,1.306664207054084399e-05
5.000063601948938619e-01,1.275042137560054812e-05
5.000062425858540216e-01,1.243203463195732139e-05
5.000060778353487834e-01,1.191135021094820300e-05
5.000059127199993902e-01,1.166252605538773516e-05
5.000057012080354468e-01,1.149748587761526180e-05
5.000055215689381827e-01,1.139661511280456446e-05
5.000052858248384968e-01,1.124243377006542274e-05
5.000051680311375923e-01,1.121648729703782857e-05
5.000050864668901252e-01,1.118241288844335910e-05
5.000050075250218606e-01,1.108798684750970442e-05
5.000049376846147364e-01,1.094921071972910537e-05
5.000048897252552527e-01,1.040349222135330851e-05
5.000048803265925157e-01,9.669788336097878237e-06
5.000048600554374278e-01,9.334728912445975149e-06
5.000048486113235491e-01,8.525491067239467904e-06
5.000048322484942354e-01,8.193330217990185538e-06
5.000048269146651903e-01,7.837185814595938187e-06
5.000048249090340846e-01,7.632575613070739890e-06
5.000048234067254738e-01,7.471764113982304879e-06
5.000048192076849141e-01,7.339767772356839731e-06
5.000048109729646750e-01,7.102741127259183180e-06
5.000047869215481500e-01,6.895704484249544019e-06
5.000047152302236064e-01,6.646850528005795348e-06
5.000045778265000962e-01,6.454247590057839665e-06
5.000043610020102891e-01,6.281919874411932278e-06
5.000041203896677944e-01,6.057653276330959445e-06
5.000039257091202227e-01,5.775423276892463508e-06
5.000038456262480002e-01,5.285676521366932045e-06
5.000037832601982313e-01,5.022991081478808414e-06
5.000037495417617439e-01,4.751605312832415869e-06
5.000037248324937789e-01,4.463959326296067662e-06
5.000036936417279199e-01,4.321812731134577844e-06
5.000036792149111786e-01,4.017708567924930265e-06
5.000036755858632276e-01,3.864767311105221335e-06
5.000036734104447156e-01,3.712883938263278198e-06
5.000036720220347730e-01,3.590744481063617343e-06
5.000036696453882268e-01,3.481063332103790740e-06
5.000036654733863717e-01,3.374612505574991159e-06
5.000036546764717871e-01,3.336804151635073426e-06
5.000036297450274336e-01,3.325759359822339873e-06
5.000035975463763549e-01,3.301060549405383166e-06
5.000035600403909264e-01,3.210671661458631951e-06
5.000035099009199069e-01,3.050656938226994809e-06
5.000034577277494563e-01,2.860727548140652753e-06
5.000033600309079507e-01,2.744704441720665872e-06
5.000033474859801874e-01,2.560097487184945989e-06
5.000033141206232656e-01,2.411285662912613177e-06
5.000032864281966916e-01,2.291926784468602969e-06
5.000032606634525756e-01,2.200924316543370871e-06
5.000032428647891436e-01,2.168387617977393159e-06
5.000032313334723533e-01,2.163110945030986886e-06
5.000032223647019602e-01,2.156656236168129788e-06
5.000032187017158236e-01,2.142396311581811558e-06
5.000032133679910284e-01,2.136014592248835789e-06
5.000032064613206817e-01,2.121575595681722005e-06
5.000031848372825660e-01,2.083870541813859155e-06
5.000031569129753661e-01,2.048797752029434475e-06
5.000031494785015518e-01,2.022990065654354348e-06
5.000031316958717387e-01,2.001265980018877878e-06
5.000031245711367145e-01,1.976674593984717851e-06
5.000031186994675636e-01,1.967944724250662316e-06
5.000031088706614613e-01,1.953887881859848156e-06
5.000030997191159399e-01,1.947533681724307278e-06
5.000030888690556452e-01,1.942380908738393790e-06
5.000030760949377706e-01,1.932395161498094801e-06
5.000030537915640672e-01,1.918403246814210680e-06
5.000030405482496221e-01,1.890990138362177304e-06
5.000030049388142217e-01,1.840829289163712055e-06
5.000029711927618248e-01,1.818065879382357032e-06
5.000029378683894521e-01,1.782551258798029651e-06
5.000028561183555986e-01,1.712795881494316489e-06
5.000027285033599167e-01,1.623882545378440478e-06
5.000027042676100653e-01,1.532221145143683326e-06
5.000026558153294332e-01,1.441596853240037501e-06
5.000025863153018113e-01,1.370122253284772857e-06
5.000025131251022437e-01,1.349412228851552338e-06
5.000024657998664024e-01,1.280199155738768843e-06
5.000024147874971847e-01,1.245638699943266340e-06
5.000023315539359192e-01,1.220788766367036884e-06
5.000022807050202855e-01,1.180711963242897990e-06
5.000022324854136446e-01,1.084424846611660777e-06
5.000022042351635054e-01,1.054410287570275055e-06
5.000021837983569251e-01,9.885078836587424454e-07
5.000021168977681896e-01,9.698307893900432135e-07
5.000020773776759908e-01,9.245591030374550463e-07
5.000019754248921089e-01,8.564259170995747171e-07
5.000018817485345490e-01,7.965612768864737165e-07
5.000015632807355281e-01,7.369269568379269636e-07
5.000014747491544620e-01,6.922002012996966736e-07
5.000012740641285314e-01,6.626118084468317663e-07
5.000011040523214545e-01,6.298115667293889804e-07
5.000010030530823713e-01,5.997231864761230324e-07
5.000008926751322580e-01,5.719147430547231893e-07
5.000006701764874162e-01,5.391080882898660704e-07
5.000004968740840994e-01,5.094565337729207743e-07
5.000003523771101577e-01,4.993489688914226584e-07
5.000001430707116112e-01,4.919476461248191377e-07
5.000000603162038093e-01,4.818777960195126976e-07
5.000000440010516911e-01,4.645106025341111651e-07
5.000000372325072995e-01,4.214992532364182238e-07
5.000000321816342463e-01,3.804818922026421611e-07
5.000000298936879695e-01,3.645589425444366773e-07
5.000000164744530240e-01,3.485529242267465377e-07
5.000000134839117649e-01,3.384505593757170604e-07
5.000000124242814925e-01,3.210269085226087045e-07
5.000000109755416977e-01,3.104116533605334850e-07
5.000000070569365906e-01,2.639461340091314217e-07
4.999999986793477458e-01,2.428838793460078279e-07
4.999999843628931129e-01,2.321520611333315185e-07
4.999999728117311970e-01,2.231942142121905565e-07
4.999999628756370273e-01,2.150722003710576513e-07
4.999999555669009110e-01,2.061520752153310874e-07
4.999999509608450410e-01,2.002264805451550932e-07
4.999999470182626693e-01,1.971882640660979084e-07
4.999999445851877056e-01,1.960509168430509389e-07
4.999999425345861281e-01,1.940298870152572452e-07
4.999999408243425147e-01,1.933821084807998019e-07
4.999999403562775946e-01,1.930569268722187597e-07
4.999999401461709958e-01,1.927524844220187207e-07
4.999999400637349378e-01,1.923382509201600198e-07
4.999999400016458262e-01,1.919258021747288058e-07
4.999999398605493584e-01,1.910787692556841701e-07
4.999999395091171972e-01,1.893648407383875819e-07
4.999999385068146229e-01,1.867570763828839264e-07
4.999999372632142336e-01,1.832566157313578043e-07
4.999999354062108492e-01,1.818773452469401627e-07
4.999999350606612047e-01,1.776515917692341690e-07
4.999999337460676596e-01,1.726222082648768730e-07
4.999999335446065896e-01,1.687175405972625863e-07
4.999999333903727416e-01,1.654165339716125992e-07
4.999999331761191823e-01,1.633453326480034694e-07
4.999999329527751168e-01,1.612690362736104202e-07
4.999999327985836239e-01,1.558192464677717410e-07
4.999999325957192875e-01,1.531544474632767855e-07
4.999999325774117098e-01,1.491751556390158867e-07
4.999999325622826452e-01,1.465535893324366566e-07
4.999999325612757284e-01,1.435944972977279896e-07
4.999999325605112288e-01,1.396114389066741708e-07
4.999999325597888622e-01,1.379445093908409876e-07
4.999999325558153740e-01,1.360069681746485831e-07
4.999999325424885344e-01,1.334103477270200415e-07
4.999999324790558308e-01,1.327708842572562353e-07
4.999999323421663866e-01,1.309154410333853169e-07
4.999999321782546691e-01,1.303155371074178084e-07
4.999999321348878034e-01,1.301787609447187360e-07
4.999999320486404608e-01,1.301208919846910537e-07
4.999999320052618268e-01,1.300606374513813124e-07
4.999999319069557968e-01,1.300385254045754816e-07
4.999999318233993573e-01,1.300123548213039246e-07
4.999999316061085608e-01,1.299833490985990046e-07
4.999999315977740610e-01,1.299105576589099063e-07
4.999999315381299381e-01,1.297031809828458639e-07
4.999999315195223781e-01,1.291908609243827820e-07
4.999999314976274478e-01,1.280368057896907269e-07
4.999999314578542631e-01,1.276468292468034242e-07
4.999999314273761986e-01,1.269038152926153931e-07
4.999999313925533873e-01,1.239481003323556492e-07
4.999999313556993119e-01,1.232263408141438063e-07
4.999999313391397804e-01,1.228382195061035937e-07
4.999999312949010566e-01,1.223114858651351811e-07
4.999999312142064944e-01,1.220426980114769451e-07
4.999999311522275169e-01,1.217654741021645921e-07
4.999999310755861570e-01,1.216116055740215895e-07
4.999999310443817291e-01,1.214633803077001061e-07
4.999999310083583226e-01,1.210561942076497410e-07
4.999999309877583564e-01,1.206287589742388829e-07
4.999999309713138995e-01,1.197803045317391424e-07
4.999999309657591207e-01,1.196536865779750158e-07
4.999999309638487599e-01,1.193932974154549777e-07
4.999999309600556274e-01,1.192434099769171704e-07
4.999999309548679993e-01,1.189605934341082980e-07
4.999999309412584414e-01,1.185691329702303791e-07
4.999999309157922012e-01,1.182969441008075475e-07
4.999999308724566993e-01,1.182276166763816180e-07
4.999999308501142936e-01,1.180302137097230671e-07
4.999999308248068708e-01,1.178580853766975741e-07
4.999999307970530160e-01,1.176227274398002944e-07
4.999999307373807489e-01,1.175076208324613538e-07
4.999999306864432169e-01,1.173593744133634924e-07
4.999999306687139544e-01,1.172690147172375365e-07
4.999999306608224336e-01,1.167841576149630944e-07
4.999999306411192501e-01,1.164867613001986767e-07
4.999999305980773467e-01,1.162193228818346922e-07
4.999999305481510059e-01,1.160703848446870330e-07
4.999999303897725289e-01,1.157756830449124319e-07
4.999999302346049834e-01,1.152247985953913663e-07
4.999999300664689228e-01,1.146407580544119899e-07
4.999999300208638475e-01,1.142470305684506337e-07
4.999999299823387200e-01,1.138540866113382766e-07
4.999999299206827619e-01,1.134996254341070127e-07
4.999999298206643794e-01,1.133489656629535735e-07
4.999999297990893599e-01,1.133247788935820724e-07
4.999999297055294223e-01,1.132879704304957724e-07
4.999999294449512521e-01,1.132756290162037458e-07
4.999999293032945102e-01,1.132704829276989216e-07
4.999999289409802206e-01,1.132684694082607348e-07
4.999999288938855035e-01,1.132641795160594306e-07
4.999999287924732361e-01,1.132571732631688207e-07
4.999999285741351107e-01,1.132389328232461616e-07
4.999999284621070572e-01,1.131929628103000873e-07
4.999999282852589655e-01,1.131479559624316545e-07
4.999999280776011301e-01,1.131376695602315956e-07
4.999999280039767457e-01,1.131199605323015473e-07
4.999999277150994348e-01,1.129890337733507497e-07
4.999999276384779479e-01,1.129644256876063760e-07
4.999999275148899747e-01,1.129308294570498155e-07
4.999999274734397980e-01,1.128761413942905213e-07
4.999999274185945586e-01,1.128544551901204447e-07
4.999999272868135836e-01,1.128355919818624514e-07
4.999999272140432383e-01,1.128327609461109386e-07
4.999999271396933231e-01,1.128293183778226852e-07
4.999999270695715259e-01,1.128271820612854346e-07
4.999999270395121820e-01,1.128247914440382711e-07
4.999999270206758606e-01,1.128206810117235009e-07
4.999999269996607820e-01,1.128147494670847886e-07
4.999999269923871559e-01,1.128065171887834810e-07
4.999999269871900909e-01,1.127969353421845850e-07
4.999999269805138757e-01,1.127819220633839704e-07
4.999999269767422261e-01,1.127745420704990504e-07
4.999999269713903405e-01,1.127680239394674675e-07
4.999999269626954623e-01,1.127545768600321932e-07
4.999999269488707987e-01,1.127310149113684248e-07
4.999999269384080569e-01,1.126673295680543888e-07
4.999999269342092489e-01,1.125921514368882371e-07
4.999999269335492214e-01,1.125126591945596334e-07
4.999999269331596996e-01,1.124904380810156681e-07
4.999999269298923688e-01,1.124312746956373462e-07
4.999999269118076684e-01,1.123292887813146374e-07
4.999999268113061723e-01,1.122897444614838316e-07
4.999999266704576728e-01,1.122729653909249563e-07
4.999999265835787243e-01,1.122644714652536845e-07
4.999999264667090437e-01,1.122584311254180246e-07
4.999999263105837644e-01,1.122496999988222268e-07
4.999999262015528689e-01,1.122458079005822240e-07
4.999999261604432532e-01,1.122435662943203213e-07
4.999999261255300143e-01,1.122412202833250130e-07
4.999999260225871378e-01,1.122358454474565961e-07
4.999999259950935748e-01,1.122267468600198630e-07
4.999999259532324491e-01,1.122099517310094094e-07
4.999999259197393520e-01,1.121830381538649228e-07
4.999999258535455793e-01,1.120925164573985471e-07
4.999999258240150901e-01,1.119046528605495186e-07
4.999999258086981757e-01,1.113669916092618797e-07
4.999999257835219257e-01,1.112551452655528849e-07
4.999999257579105238e-01,1.110793048383873639e-07
4.999999257220824611e-01,1.107390276070952761e-07
4.999999257126796492e-01,1.104756984965265769e-07
4.999999257024813071e-01,1.103269761791173307e-07
4.999999256982260443e-01,1.099101005525151197e-07
4.999999256958964633e-01,1.098066159574804236e-07
4.999999256932089464e-01,1.093943423675241844e-07
4.999999256926123126e-01,1.091157982944329051e-07
4.999999256924183011e-01,1.088061072733907026e-07
4.999999256921884849e-01,1.085912971300354275e-07
4.999999256915810819e-01,1.083804142405928675e-07
4.999999256907856626e-01,1.081067006806381689e-07
4.999999256898747246e-01,1.080283544048924491e-07
4.999999256890894084e-01,1.079368960132252967e-07
4.999999256885719889e-01,1.078582484859745904e-07
4.999999256880793830e-01,1.077753575532251784e-07
4.999999256871525688e-01,1.077098438323583422e-07
4.999999256844700479e-01,1.076714351268793033e-07
4.999999256775959355e-01,1.076087944778279233e-07
4.999999256608782527e-01,1.075737841065381282e-07
4.999999256291511318e-01,1.075504986712741138e-07
4.999999255792983988e-01,1.075235519436182643e-07
4.999999255513509766e-01,1.075123880037276147e-07
4.999999254513736169e-01,1.075025425955117540e-07
4.999999254059614984e-01,1.074932351928382345e-07
4.999999253742892780e-01,1.074873964398303634e-07
4.999999253412171218e-01,1.074849898940793400e-07
4.999999253012175626e-01,1.074826443353863245e-07
4.999999252700042529e-01,1.074809871648199331e-07
4.999999252326574606e-01,1.074803966950521292e-07
4.999999251822102586e-01,1.074782977850276838e-07
4.999999251656417343e-01,1.074752004119370026e-07
4.999999251326990302e-01,1.074720550999031806e-07
4.999999251106506115e-01,1.074683241609938489e-07
4.999999250465778089e-01,1.074638773549538210e-07
4.999999250009053431e-01,1.074570182289421991e-07
4.999999249745807339e-01,1.074379463935570787e-07
4.999999249519172517e-01,1.074051207029323536e-07
4.999999249171142579e-01,1.073510776999394367e-07
4.999999248785185202e-01,1.072402024888116140e-07
4.999999247554544057e-01,1.070848817309436945e-07
4.999999246933453101e-01,1.070596272375330431e-07
4.999999246282699761e-01,1.070336461602385203e-07
4.999999245645644352e-01,1.069516989732114684e-07
4.999999244844742785e-01,1.068719615503645642e-07
4.999999244414324862e-01,1.068525937586527519e-07
4.999999243990607689e-01,1.068046506431616163e-07
4.999999243483818634e-01,1.067675896393063208e-07
4.999999243015292860e-01,1.067399577651367638e-07
4.999999242491722229e-01,1.067229088667273162e-07
4.999999241757833168e-01,1.067122601090165547e-07
4.999999240796462185e-01,1.067048786661245461e-07
4.999999240141175250e-01,1.067000022991204108e-07
4.999999240032653169e-01,1.066971418848268437e-07
4.999999239707518250e-01,1.066956059038347661e-07
4.999999239549397512e-01,1.066951152614802723e-07
4.999999239396990536e-01,1.066950335931927280e-07
4.999999239026188813e-01,1.066949960626951443e-07
4.999999238797244727e-01,1.066949436311766147e-07
4.999999238259487666e-01,1.066946401484483023e-07
4.999999237832030152e-01,1.066924083801622414e-07
4.999999237599433988e-01,1.066871186307038152e-07
4.999999237076559466e-01,1.066846734810973072e-07
4.999999236797680879e-01,1.066760372356691931e-07
4.999999236271097658e-01,1.066685524678244130e-07
4.999999235325024993e-01,1.066591223300882183e-07
4.999999235169543255e-01,1.066530687389735700e-07
4.999999234713271012e-01,1.066455326531163582e-07
4.999999234291002681e-01,1.066395070087838697e-07
4.999999233745959781e-01,1.066362425241809599e-07
4.999999232957363926e-01,1.066332261086132600e-07
4.999999232359937373e-01,1.066292014942297447e-07
4.999999231839074021e-01,1.066213857135794580e-07
4.999999231337335925e-01,1.066165055782371781e-07
4.999999231033480651e-01,1.066086904018092020e-07
4.999999230867101518e-01,1.066064906484145994e-07
4.999999230579261211e-01,1.066012779809865112e-07
4.999999230283984075e-01,1.065962287791650580e-07
4.999999229996110461e-01,1.065812745527690506e-07
4.999999229648663945e-01,1.065692020123578247e-07
4.999999228301482135e-01,1.065329972441020650e-07
4.999999227507221367e-01,1.065038526100348536e-07
4.999999226765861060e-01,1.064711405086241398e-07
4.999999225589921714e-01,1.064551774345684035e-07
4.999999225070025366e-01,1.064040531766677113e-07
4.999999224537559628e-01,1.063620149917028338e-07
4.999999223706321771e-01,1.063219108164858374e-07
4.999999223270652493e-01,1.062965793445606121e-07
4.999999222964688905e-01,1.062722714204535270e-07
4.999999222843695135e-01,1.062651916680987826e-07
4.999999222606877902e-01,1.062499284803635203e-07
4.999999222373393559e-01,1.062262582589876133e-07
4.999999221805461191e-01,1.062151577555658452e-07
4.999999221241574476e-01,1.062040695943879947e-07
4.999999220838254876e-01,1.061945396630725592e-07
4.999999220517268861e-01,1.061899115770339506e-07
4.999999220270103795e-01,1.061854442664001239e-07
4.999999220152108736e-01,1.061830694912938175e-07
4.999999220062417704e-01,1.061809124251909268e-07
4.999999219970702180e-01,1.061801293833984058e-07
4.999999219909375681e-01,1.061794503557798231e-07
4.999999219834964093e-01,1.061786922169418222e-07
4.999999219707469411e-01,1.061783722766995372e-07
4.999999219623902369e-01,1.061777682481906906e-07
4.999999219579281950e-01,1.061750911726907963e-07
4.999999219495261937e-01,1.061720130960705830e-07
4.999999219409795304e-01,1.061651803282669727e-07
4.999999219389157923e-01,1.061519747039165481e-07
4.999999219364003045e-01,1.061230221420378073e-07
4.999999219341450529e-01,1.060999283524511181e-07
4.999999219312381005e-01,1.060678380352945810e-07
4.999999219283833840e-01,1.060210416871628603e-07
4.999999219229931402e-01,1.059435296633339980e-07
4.999999219139378281e-01,1.059089617996626989e-07
4.999999218990128225e-01,1.058309600512781209e-07
4.999999218796937761e-01,1.057991506900134683e-07
4.999999218535960410e-01,1.057694165034049544e-07
4.999999218189140615e-01,1.056531368676237129e-07
4.999999217614186087e-01,1.056051683991324719e-07
4.999999217504235705e-01,1.055648642234617727e-07
4.999999217190370104e-01,1.055163326646884754e-07
4.999999217019673869e-01,1.054331377884222337e-07
4.999999216421091575e-01,1.053639307187952566e-07
4.999999215983233491e-01,1.053332851652778820e-07
4.999999215150781051e-01,1.052437599825104924e-07
4.999999214862681507e-01,1.051877405396918848e-07
4.999999214211007237e-01,1.051298264676183093e-07
4.999999213821227362e-01,1.050482956481533436e-07
4.999999212615510169e-01,1.049939452211356254e-07
4.999999211855098435e-01,1.049617007855803702e-07
4.999999211762110596e-01,1.048914307868750071e-07
4.999999211189555259e-01,1.048105803058510735e-07
4.999999210913090852e-01,1.047625760655431914e-07
4.999999210513834669e-01,1.046456566283452851e-07
4.999999210159978835e-01,1.046245144328054169e-07
4.999999210035909747e-01,1.045419070683465897e-07
4.999999209492322350e-01,1.044796496668504878e-07
4.999999209116812726e-01,1.043660216772064740e-07
4.999999208645114490e-01,1.043113896740356479e-07
4.999999208445885523e-01,1.042847616139891467e-07
4.999999207952814384e-01,1.041687766788909972e-07
4.999999207776819610e-01,1.041334564499098448e-07
4.999999207572684568e-01,1.040837383507138165e-07
4.999999207323994610e-01,1.040254043928111618e-07
4.999999207141156976e-01,1.039488330126103780e-07
4.999999207036928128e-01,1.038819683763882683e-07
4.999999206904793270e-01,1.038649728803152160e-07
4.999999206760402104e-01,1.038454173820459441e-07
4.999999206666331797e-01,1.037819006698512343e-07
4.999999206568728205e-01,1.037422275797326091e-07
4.999999206497910964e-01,1.037143371021513691e-07
4.999999206432783616e-01,1.036881664864424207e-07
4.999999206373404448e-01,1.036448317508825532e-07
4.999999206320839273e-01,1.035374856000870246e-07
4.999999206293187504e-01,1.034890756318009111e-07
4.999999206264920670e-01,1.034705379481862986e-07
4.999999206245077099e-01,1.034394416268530744e-07
4.999999206233576299e-01,1.034168222361411870e-07
4.999999206216136360e-01,1.033555244836658942e-07
4.999999206201001245e-01,1.033382877615989716e-07
4.999999206193979084e-01,1.032740810477103664e-07
4.999999206165691712e-01,1.031927467101553162e-07
4.999999206129948082e-01,1.031597193120642143e-07
4.999999206086335191e-01,1.031277822075973979e-07
4.999999205951825010e-01,1.030971710841504716e-07
4.999999205806541225e-01,1.030793425630789185e-07
4.999999205495848642e-01,1.030634207315248404e-07
4.999999205116464340e-01,1.030410544644446292e-07
4.999999204793771357e-01,1.030138539617948551e-07
4.999999204400643049e-01,1.029664057481138824e-07
4.999999204249782059e-01,1.028816351599575470e-07
4.999999203974777040e-01,1.028485598198069642e-07
4.999999203865972408e-01,1.027444223521146457e-07
4.999999203750501997e-01,1.027232220266333602e-07
4.999999203561387162e-01,1.026977811611930670e-07
4.999999203386782942e-01,1.026716068940362163e-07
4.999999203246986434e-01,1.026255828018393466e-07
4.999999203101321288e-01,1.025769980228689883e-07
4.999999203035566664e-01,1.024221437775629361e-07
4.999999202947278953e-01,1.023977616059239945e-07
4.999999202922479902e-01,1.022746209708481924e-07
4.999999202891074468e-01,1.022512199473560528e-07
4.999999202851606039e-01,1.022123084930826489e-07
4.999999202814193744e-01,1.021967503849032772e-07
4.999999202773557361e-01,1.021476226623647840e-07
4.999999202747920091e-01,1.020860381839233683e-07
4.999999202697886780e-01,1.019299891981279944e-07
4.999999202693498068e-01,1.017979751723071327e-07
4.999999202643494733e-01,1.017199831069791940e-07
4.999999202596185355e-01,1.015889302173926948e-07
4.999999202514611163e-01,1.015341962995176239e-07
4.999999202280236421e-01,1.014581498328674914e-07
4.999999202060403936e-01,1.013564803869889242e-07
4.999999202006970567e-01,1.012818517426649576e-07
4.999999201964197559e-01,1.011180324159738334e-07
4.999999201915944491e-01,1.009610976283086662e-07
4.999999201893458589e-01,1.009110492377079930e-07
4.999999201876028643e-01,1.008521647324967631e-07
4.999999201868871590e-01,1.007314585309353500e-07
4.999999201864119280e-01,1.006559200945173352e-07
4.999999201857396880e-01,1.006139197542126690e-07
4.999999201850061636e-01,1.005517697072443820e-07
4.999999201838929985e-01,1.003746761547097338e-07
4.999999201822626915e-01,1.002381701722791779e-07
4.999999201809978144e-01,1.000250368696391140e-07
4.999999201776723079e-01,9.997677318261007908e-08
4.999999201730064291e-01,9.984740443868911382e-08
4.999999201622072897e-01,9.971763281390798523e-08
4.999999201552757233e-01,9.951173749444626834e-08
4.999999201433713569e-01,9.939425177481624872e-08
4.999999201363563572e-01,9.929427011177367592e-08
4.999999201321436715e-01,9.918378294869901636e-08
4.999999201265205029e-01,9.915396993689469485e-08
4.999999201228125800e-01,9.911520502085845131e-08
4.999999201198005450e-01,9.905706824506720532e-08
4.999999201144996186e-01,9.900180614741801093e-08
4.999999201096904100e-01,9.892408006122038354e-08
4.999999201050935871e-01,9.880437317631958827e-08
4.999999200994972304e-01,9.871676071570186461e-08
4.999999200950867584e-01,9.852385382634453689e-08
4.999999200907707664e-01,9.838691121961352862e-08
4.999999200889210793e-01,9.812280879152317535e-08
4.999999200855365089e-01,9.806306248909152368e-08
4.999999200824354340e-01,9.801007170473777309e-08
4.999999200808190047e-01,9.793927162996089366e-08
4.999999200793914245e-01,9.791513743144866682e-08
4.999999200784276954e-01,9.788767181911370284e-08
4.999999200764417284e-01,9.778386354245517578e-08
4.999999200744800754e-01,9.776265592871871940e-08
4.999999200718500125e-01,9.772998421723758425e-08
4.999999200702324176e-01,9.771766066674383672e-08
4.999999200687373913e-01,9.771090389778210517e-08
4.999999200675910860e-01,9.771023368220497217e-08
4.999999200667866184e-01,9.770986913589111771e-08
4.999999200658086229e-01,9.770914436747764524e-08
4.999999200655915188e-01,9.770744030394146508e-08
4.999999200651415454e-01,9.770442339327754144e-08
4.999999200648664321e-01,9.769862314033946519e-08
4.999999200645719455e-01,9.768820789333819117e-08
4.999999200640926622e-01,9.766940178890059770e-08
4.999999200633652996e-01,9.762208413211048394e-08
4.999999200622337048e-01,9.754305676249262034e-08
4.999999200620312556e-01,9.745126990763128569e-08
4.999999200612019190e-01,9.718013011498581687e-08
4.999999200594227311e-01,9.710324799696185728e-08
4.999999200568137070e-01,9.696340739758215134e-08
4.999999200531723975e-01,9.689526723718930009e-08
4.999999200515237163e-01,9.682815978936157708e-08
4.999999200470987004e-01,9.678352479585256507e-08
4.999999200410002453e-01,9.674447373535450313e-08
4.999999200314781400e-01,9.671053316763087580e-08
4.999999200281559641e-01,9.666638429196179158e-08
4.999999200179649494e-01,9.656686273662021346e-08
4.999999200122513532e-01,9.643286760828415905e-08
4.999999199937382732e-01,9.622045517707311787e-08
4.999999199816388407e-01,9.618950342907672889e-08
4.999999199620880352e-01,9.604783005888479703e-08
4.999999199559879148e-01,9.594539981315457545e-08
4.999999199342000100e-01,9.585347109407112776e-08
4.999999199125409466e-01,9.580403592503170822e-08
4.999999198937613021e-01,9.577846232369595106e-08
4.999999198663738209e-01,9.577133017525598432e-08
4.999999198324289185e-01,9.576368406290129030e-08
4.999999197780129467e-01,9.575421245600013397e-08
4.999999197530362594e-01,9.574350177255544786e-08
4.999999197322437805e-01,9.572429418378334433e-08
4.999999197001152584e-01,9.570564393357372001e-08
4.999999196492990738e-01,9.570007734743800392e-08
4.999999196249291789e-01,9.569477164433354325e-08
4.999999196065230134e-01,9.569380229950655497e-08
4.999999195785149730e-01,9.569325817185704734e-08
4.999999195395808949e-01,9.569246310577319250e-08
4.999999195179170020e-01,9.569153902808982554e-08
4.999999194981171735e-01,9.569034223751666927e-08
4.999999194525511781e-01,9.568866783066189197e-08
4.999999194248934131e-01,9.568599987416129200e-08
4.999999193888526872e-01,9.568205765395562941e-08
4.999999193764341210e-01,9.567251276335336042e-08
4.999999193621717519e-01,9.566878708084921822e-08
4.999999193568027689e-01,9.564049755670696939e-08
4.999999193549315990e-01,9.560227928788843741e-08
4.999999193542539189e-01,9.555925999458688283e-08
4.999999193538712805e-01,9.552817989652440174e-08
4.999999193533114505e-01,9.549549683496886387e-08
4.999999193529742758e-01,9.544610294581744268e-08
4.999999193526489805e-01,9.541659411816313066e-08
4.999999193523534391e-01,9.534375125610911355e-08
4.999999193517619678e-01,9.532179899308795667e-08
4.999999193506445838e-01,9.527349103180161697e-08
4.999999193482842497e-01,9.523698063824165640e-08
4.999999193427496214e-01,9.519572029754383217e-08
4.999999193299281552e-01,9.516220101379438479e-08
4.999999193196752456e-01,9.512753723579337029e-08
4.999999193144935017e-01,9.508972589228749051e-08
4.999999192938882620e-01,9.506017633267874997e-08
4.999999192808327608e-01,9.504002253211653625e-08
4.999999192772405232e-01,9.500447489851053466e-08
4.999999192750595456e-01,9.497307281756016713e-08
4.999999192721956698e-01,9.494390396427078928e-08
4.999999192702891948e-01,9.492732430125667538e-08
4.999999192682459404e-01,9.488528529947874941e-08
4.999999192672596737e-01,9.486169181155605433e-08
4.999999192665878778e-01,9.483655176094156730e-08
4.999999192662837322e-01,9.481704518233576561e-08
4.999999192660678493e-01,9.480704747840865052e-08
4.999999192659059788e-01,9.478913909810726415e-08
4.999999192655689151e-01,9.478203372162829855e-08
4.999999192649304813e-01,9.477540237815780875e-08
4.999999192634637657e-01,9.476867404638987869e-08
4.999999192608636789e-01,9.476574654907247986e-08
4.999999192550048654e-01,9.475999547214923217e-08
4.999999192472976972e-01,9.475616974739306944e-08
4.999999192424849914e-01,9.475163452706639320e-08
4.999999192365801592e-01,9.474834812813488351e-08
4.999999192329699360e-01,9.474243578090519621e-08
4.999999192291446071e-01,9.473758702378650668e-08
4.999999192261441738e-01,9.473509073917550715e-08
4.999999192223401612e-01,9.473423385309360494e-08
4.999999192141399984e-01,9.473356748751068373e-08
4.999999191964071832e-01,9.473252663085679150e-08
4.999999191707058532e-01,9.473076013409058896e-08
4.999999191634583728e-01,9.472548382094923068e-08
4.999999191368775242e-01,9.471321902589452129e-08
4.999999191228964301e-01,9.468455711570170775e-08
4.999999191035937596e-01,9.467452708006372189e-08
4.999999190855249909e-01,9.465249184080646147e-08
4.999999190527044668e-01,9.461098567814927936e-08
4.999999190131776405e-01,9.457761970649004697e-08
4.999999190004130734e-01,9.456227109045287531e-08
4.999999189648892672e-01,9.454873262893704026e-08
4.999999189366670649e-01,9.454393264567878396e-08
4.999999188733703637e-01,9.454059183356129651e-08
4.999999188572997189e-01,9.454015596029895195e-08
4.999999188159911512e-01,9.453983519423399387e-08
4.999999187869852424e-01,9.453870567876606608e-08
4.999999187762868003e-01,9.453534006818352678e-08
4.999999187676036350e-01,9.453108203798829700e-08
4.999999187590735139e-01,9.452640897614476978e-08
4.999999187464327921e-01,9.452443724293289095e-08
4.999999187094698039e-01,9.451710057414078645e-08
4.999999186641269633e-01,9.451318781791502244e-08
4.999999186556779440e-01,9.450845567019295324e-08
4.999999186304429633e-01,9.450562524209696075e-08
4.999999185982688110e-01,9.450379970634867182e-08
4.999999185587852835e-01,9.450239447564949333e-08
4.999999184969472488e-01,9.450160001803331787e-08
4.999999184665631091e-01,9.450115361593867485e-08
4.999999184403681185e-01,9.450086907941662616e-08
4.999999184174206412e-01,9.449987134795450511e-08
4.999999183847081419e-01,9.449857470270779205e-08
4.999999183624974641e-01,9.449446988124127901e-08
4.999999183285927518e-01,9.448463903757155201e-08
4.999999182728490643e-01,9.447193116137735405e-08
4.999999182637300255e-01,9.446581583303628126e-08
4.999999182237067630e-01,9.445445921745241979e-08
4.999999181749615884e-01,9.442560698236959658e-08
4.999999181139205828e-01,9.441522696480640800e-08
4.999999180928458298e-01,9.440314513867616621e-08
4.999999180467338267e-01,9.439040243809401911e-08
4.999999179923075854e-01,9.437126384615161568e-08
4.999999178932217347e-01,9.434915619961162893e-08
4.999999177988731502e-01,9.431038377655009340e-08
4.999999177169113240e-01,9.424477226233723560e-08
4.999999176625586350e-01,9.421703949341093093e-08
4.999999176054760741e-01,9.416051037799987562e-08
4.999999175693912168e-01,9.407437740200574462e-08
4.999999175191912060e-01,9.405830868490533525e-08
4.999999174631389876e-01,9.400182455818423723e-08
4.999999173911007233e-01,9.397244562432898234e-08
4.999999173566710420e-01,9.394446448546177946e-08
4.999999172725170249e-01,9.390252027695674143e-08
4.999999172278470905e-01,9.389412315962236933e-08
4.999999172017673410e-01,9.387191836115577931e-08
4.999999171566010814e-01,9.386309315443884694e-08
4.999999171083950866e-01,9.385577971351094419e-08
4.999999170096090517e-01,9.384691469292222327e-08
4.999999168816834372e-01,9.383632083758895678e-08
4.999999167286044433e-01,9.382309119069700578e-08
4.999999166262451000e-01,9.381546502642267925e-08
4.999999165144118907e-01,9.381257389533426710e-08
4.999999163511885669e-01,9.381054594057039456e-08
4.999999161669649861e-01,9.380907098924547009e-08
4.999999161006873916e-01,9.380606105410220055e-08
4.999999160068409054e-01,9.379049588432414555e-08
4.999999158115829845e-01,9.373912449134809261e-08
4.999999155387692129e-01,9.368768106047912433e-08
4.999999154839124271e-01,9.363488039872510882e-08
4.999999152980244554e-01,9.352012501816443275e-08
4.999999149942144783e-01,9.346182994552970549e-08
4.999999149026548295e-01,9.342193741597908226e-08
4.999999147306707914e-01,9.336312151815496437e-08
4.999999143710993632e-01,9.330448691635957873e-08
4.999999141043885431e-01,9.319577154404460267e-08
4.999999139974256046e-01,9.310044015983751382e-08
4.999999137492419088e-01,9.303108683767766885e-08
4.999999135893210545e-01,9.300439707549681523e-08
4.999999132971530424e-01,9.294330155318371215e-08
4.999999130150357685e-01,9.292423034020135275e-08
4.999999128692199091e-01,9.284638035469344366e-08
4.999999125228117292e-01,9.280144135878682122e-08
4.999999123763676501e-01,9.276403485543391295e-08
4.999999122985833155e-01,9.269176787389432966e-08
4.999999121631513721e-01,9.266535998731480667e-08
4.999999121068428032e-01,9.261283636421989000e-08
4.999999120544366127e-01,9.258502391041719919e-08
4.999999119823125837e-01,9.254096141894890017e-08
4.999999119430590389e-01,9.246993884005241004e-08
4.999999118803974962e-01,9.245869178628920868e-08
4.999999118442655655e-01,9.242443102619032098e-08
4.999999118084023642e-01,9.240945198231023536e-08
4.999999117989213371e-01,9.239413245045594863e-08
4.999999117770826951e-01,9.237942434989665702e-08
4.999999117656472869e-01,9.236332590781882972e-08
4.999999117623242229e-01,9.235008225573081020e-08
4.999999117607442090e-01,9.234026644509523726e-08
4.999999117591023001e-01,9.232506479792246179e-08
4.999999117563392881e-01,9.231533780224792776e-08
4.999999117557105688e-01,9.230918515900892155e-08
4.999999117536553239e-01,9.230163658843735331e-08
4.999999117492001099e-01,9.229585545443173179e-08
4.999999117403352011e-01,9.229250536826269701e-08
4.999999117279472771e-01,9.228513128870176435e-08
4.999999117149989125e-01,9.228044786430316490e-08
4.999999117053340880e-01,9.227870473985686285e-08
4.999999116918059094e-01,9.227640363714410354e-08
4.999999116854958459e-01,9.227338735368375161e-08
4.999999116841791214e-01,9.226999912224108317e-08
4.999999116824710432e-01,9.226722596843305491e-08
4.999999116820915690e-01,9.226671684579838721e-08
4.999999116819089373e-01,9.226602946687635468e-08
4.999999116813291788e-01,9.226532642193999049e-08
4.999999116801161492e-01,9.226481028714455126e-08
4.999999116779208497e-01,9.226421689246225001e-08
4.999999116755612372e-01,9.226365818649121920e-08
4.999999116712749436e-01,9.226158956713167803e-08
4.999999116621159923e-01,9.225947059862095122e-08
4.999999116378349706e-01,9.225428297240237715e-08
4.999999116025695134e-01,9.225101374407466729e-08
4.999999115811979422e-01,9.224646855052924398e-08
4.999999115508296232e-01,9.224424063143207839e-08
4.999999114711503601e-01,9.224186406717882763e-08
4.999999114242579257e-01,9.223988513521183348e-08
4.999999114049029636e-01,9.223842862949069229e-08
4.999999113887660940e-01,9.223749821588473047e-08
4.999999113843298093e-01,9.223648780783559692e-08
4.999999113832489517e-01,9.223513832922794500e-08
4.999999113817029661e-01,9.223402729220018414e-08
4.999999113782863103e-01,9.223326466621343014e-08
4.999999113712880749e-01,9.223240127972179186e-08
4.999999113624383762e-01,9.223152068728219672e-08
4.999999113554212671e-01,9.222866479498410636e-08
4.999999113531067296e-01,9.222012674707806502e-08
4.999999113515769533e-01,9.220985303321126119e-08
4.999999113505316783e-01,9.220688258127722877e-08
4.999999113493873715e-01,9.220428090677139465e-08
4.999999113474547507e-01,9.220115761686777788e-08
4.999999113457957445e-01,9.219961747524517814e-08
4.999999113444963950e-01,9.219675090909942678e-08
4.999999113430639852e-01,9.219227929279734861e-08
4.999999113407743168e-01,9.218597483890225225e-08
4.999999113380575455e-01,9.217757368715001856e-08
4.999999113364805292e-01,9.216275597078344255e-08
4.999999113352992519e-01,9.214146772261585534e-08
4.999999113338668422e-01,9.212087765823002990e-08
4.999999113330197975e-01,9.208640448167121924e-08
4.999999113316084820e-01,9.206577687491234195e-08
4.999999113309619991e-01,9.202526913297783475e-08
4.999999113296487718e-01,9.200999266040924728e-08
4.999999113276167861e-01,9.199194697239252324e-08
4.999999113267441508e-01,9.198315902443531722e-08
4.999999113261270334e-01,9.197657862817281048e-08
4.999999113259498973e-01,9.197094358555340181e-08
4.999999113256574645e-01,9.196654737456243284e-08
4.999999113250581106e-01,9.196175725240625458e-08
4.999999113239639859e-01,9.195386376647366533e-08
4.999999113220179869e-01,9.194338479098413671e-08
4.999999113181452515e-01,9.192838450286303042e-08
4.999999113159164232e-01,9.192111290322093306e-08
4.999999113126563088e-01,9.191446142320053339e-08
4.999999113073809176e-01,9.190947996907760655e-08
4.999999113040659582e-01,9.190245967133021175e-08
4.999999112989086392e-01,9.189961457470257548e-08
4.999999112894150666e-01,9.189163808840044496e-08
4.999999112844590865e-01,9.188797438483129471e-08
4.999999112774825560e-01,9.188384029777376363e-08
4.999999112650328481e-01,9.187737631523588134e-08
4.999999112455749684e-01,9.187230674378364313e-08
4.999999112168928006e-01,9.186840312167749244e-08
4.999999112026228265e-01,9.186565089535293216e-08
4.999999111722548406e-01,9.185950547031489280e-08
4.999999111605958890e-01,9.185699568692234089e-08
4.999999111549001118e-01,9.184531005744358983e-08
4.999999111471128410e-01,9.184357379986566408e-08
4.999999111412021247e-01,9.184101348293889460e-08
4.999999111337212754e-01,9.183237061151733235e-08
4.999999111264716301e-01,9.182726048062722918e-08
4.999999111149500686e-01,9.182380152216166098e-08
4.999999110876184871e-01,9.181438920613240186e-08
4.999999110274174763e-01,9.180851005975688508e-08
4.999999109541608533e-01,9.180331534982894434e-08
4.999999109327091240e-01,9.179357783655149234e-08
4.999999109062690517e-01,9.178518784284655413e-08
4.999999109011455389e-01,9.177824915626761915e-08
4.999999108842296258e-01,9.176834723254308168e-08
4.999999108742972931e-01,9.175736417982299291e-08
4.999999108615888477e-01,9.175341983919247843e-08
4.999999108197564768e-01,9.174989103332571657e-08
4.999999107900843232e-01,9.174069184199089579e-08
4.999999107591721059e-01,9.173806503581219056e-08
4.999999107224481487e-01,9.173253292991677680e-08
4.999999106834439044e-01,9.172566461469404225e-08
4.999999106741149779e-01,9.171868436982136844e-08
4.999999106534330773e-01,9.171632942065247110e-08
4.999999106336345256e-01,9.171247594881873608e-08
4.999999106044768493e-01,9.171083840638210993e-08
4.999999105920834852e-01,9.170499639134023140e-08
4.999999105807258482e-01,9.170229622832940203e-08
4.999999105641920183e-01,9.170147515634216263e-08
4.999999105475815830e-01,9.169826200412653516e-08
4.999999105234913532e-01,9.169014150590799484e-08
4.999999105020505041e-01,9.168788141907783435e-08
4.999999104951753370e-01,9.168476410526636383e-08
4.999999104642000591e-01,9.167914942222401493e-08
4.999999104446403164e-01,9.167597095563108462e-08
4.999999104063000965e-01,9.167352677279431311e-08
4.999999103943750800e-01,9.166847838094729515e-08
4.999999103574300774e-01,9.166278411625647863e-08
4.999999103214625151e-01,9.165815348530374035e-08
4.999999102791645722e-01,9.165679980050425971e-08
4.999999102484782298e-01,9.164417158010124230e-08
4.999999101975987625e-01,9.162827042002743079e-08
4.999999101880106545e-01,9.162286047578848581e-08
4.999999101617180197e-01,9.160612697262712840e-08
4.999999101421119252e-01,9.158557580455963537e-08
4.999999101319205774e-01,9.157414166529104867e-08
4.999999101156612502e-01,9.156020262163514950e-08
4.999999101029980464e-01,9.153420739286022119e-08
4.999999100936023400e-01,9.149448852661365323e-08
4.999999100857847045e-01,9.146187343489416882e-08
4.999999100819993436e-01,9.142718203170956560e-08
4.999999100695220466e-01,9.140094998952213919e-08
4.999999100586079992e-01,9.136283855146134648e-08
4.999999100425540632e-01,9.125311106577103194e-08
4.999999100283453179e-01,9.122821561302548467e-08
4.999999099987289530e-01,9.117870348356447231e-08
4.999999099689990678e-01,9.114352798668376245e-08
4.999999099457705376e-01,9.106548272738655564e-08
4.999999099383509726e-01,9.101468169686626678e-08
4.999999099269344383e-01,9.096735790593660560e-08
4.999999099157548255e-01,9.091385300626305307e-08
4.999999099047601758e-01,9.088921917096842667e-08
4.999999098921627527e-01,9.086479686869982623e-08
4.999999098838970868e-01,9.080876625023349174e-08
4.999999098741761405e-01,9.072636778284993469e-08
4.999999098625467209e-01,9.065071813479469738e-08
4.999999098539166797e-01,9.058114379876969634e-08
4.999999098441944012e-01,9.050081005459947564e-08
4.999999098284972354e-01,9.045572705733744870e-08
4.999999098190215374e-01,9.044246221740482828e-08
4.999999098145019860e-01,9.038879432033320644e-08
4.999999098038728773e-01,9.035850990933592727e-08
4.999999097640664414e-01,9.030150270153561334e-08
4.999999097503293743e-01,9.024771925348353140e-08
4.999999097415847027e-01,9.020912608616515889e-08
4.999999097332613052e-01,9.019204076274573504e-08
4.999999097268829074e-01,9.017191731163579432e-08
4.999999097219506305e-01,9.015239039490434664e-08
4.999999097180983787e-01,9.013080403586573603e-08
4.999999097158681627e-01,9.011989585066178720e-08
4.999999097143323912e-01,9.010984691551299489e-08
4.999999097132311054e-01,9.010768368637287640e-08
4.999999097113134172e-01,9.010551432207894147e-08
4.999999097074425691e-01,9.010391488062957249e-08
4.999999097052544306e-01,9.010321480748555296e-08
4.999999097015163652e-01,9.010255210823315434e-08
4.999999096961068590e-01,9.010167624428211595e-08
4.999999096874876425e-01,9.010070755470324559e-08
4.999999096843945612e-01,9.009956438440489879e-08
4.999999096814954358e-01,9.009775914338488014e-08
4.999999096775182839e-01,9.009421857529441084e-08
4.999999096752724692e-01,9.008676210756106265e-08
4.999999096732655191e-01,9.007202439908278440e-08
4.999999096722346215e-01,9.005950372995111419e-08
4.999999096709659696e-01,9.003605146299959038e-08
4.999999096697086975e-01,9.000657505793872126e-08
4.999999096676642774e-01,8.999836775888098846e-08
4.999999096667230303e-01,8.997132520312257029e-08
4.999999096645698637e-01,8.994665489096484731e-08
4.999999096613477190e-01,8.993439271346754687e-08
4.999999096571187129e-01,8.991781208727497065e-08
4.999999096554036959e-01,8.990452940756375498e-08
4.999999096521037245e-01,8.988463414399940903e-08
4.999999096491791195e-01,8.986425175204538924e-08
4.999999096474592175e-01,8.984113024264461694e-08
4.999999096461886783e-01,8.983333642755709444e-08
4.999999096452504843e-01,8.982121134023975958e-08
4.999999096434179502e-01,8.980070971797925998e-08
4.999999096395646991e-01,8.977808897175628546e-08
4.999999096371677276e-01,8.976675234234416751e-08
4.999999096349992955e-01,8.976150052258779578e-08
4.999999096321241510e-01,8.975036270523695436e-08
4.999999096295282275e-01,8.972917616016080016e-08
4.999999096272110810e-01,8.972419757554300897e-08
4.999999096228534556e-01,8.969879317371886552e-08
4.999999096181261815e-01,8.968660589905229531e-08
4.999999096167971335e-01,8.967087219894057191e-08
4.999999096107721752e-01,8.966551967901805201e-08
4.999999096056536585e-01,8.965865549890426037e-08
4.999999095993168940e-01,8.965360715118764572e-08
4.999999095932857740e-01,8.964697291134841006e-08
4.999999095828651652e-01,8.963858989450480706e-08
4.999999095801036519e-01,8.962927250475108449e-08
4.999999095728211440e-01,8.962309322915727402e-08
4.999999095637812085e-01,8.960909133082895812e-08
4.999999095562174256e-01,8.959680912411223070e-08
4.999999095513252834e-01,8.958440492747488515e-08
4.999999095474161326e-01,8.958058793140393767e-08
4.999999095369104252e-01,8.956200085431824277e-08
4.999999095013016315e-01,8.955261858524368892e-08
4.999999094915556497e-01,8.953497516565832573e-08
4.999999094726586546e-01,8.950495525637086854e-08
4.999999094387369558e-01,8.949531111812393080e-08
4.999999094274225064e-01,8.945471214908719895e-08
4.999999094104111697e-01,8.941629402524872124e-08
4.999999093870998168e-01,8.940550957970310785e-08
4.999999093732806488e-01,8.938359537033320863e-08
4.999999093571878550e-01,8.935077868737023362e-08
4.999999093441935272e-01,8.933047815211399496e-08
4.999999093281605189e-01,8.931406402586613177e-08
4.999999093104448011e-01,8.929266753216206845e-08
4.999999093017054030e-01,8.926587676724707609e-08
4.999999092915587418e-01,8.924421312660407573e-08
4.999999092825836433e-01,8.921580747540098478e-08
4.999999092496215103e-01,8.920148733428153829e-08
4.999999092295104863e-01,8.918705192194435867e-08
4.999999092208371465e-01,8.917169054071874152e-08
4.999999092100164688e-01,8.916179699136627861e-08
4.999999091985322663e-01,8.915541202003563023e-08
4.999999091679379060e-01,8.915028623397267450e-08
4.999999091663487327e-01,8.914838540247911891e-08
4.999999091561285192e-01,8.914575056301324714e-08
4.999999091535226592e-01,8.914432439169108148e-08
4.999999091360837200e-01,8.914073178240013219e-08
4.999999091217528502e-01,8.913659314491064015e-08
4.999999091058755507e-01,8.913006032573145382e-08
4.999999091027597098e-01,8.911890977133119699e-08
4.999999090931576684e-01,8.910929965434727860e-08
4.999999090835898774e-01,8.910562803187307341e-08
4.999999090804335689e-01,8.909619430378321304e-08
4.999999090758025511e-01,8.909216449875703454e-08
4.999999090726703899e-01,8.908463409527105225e-08
4.999999090705544713e-01,8.907377093821841990e-08
4.999999090680760094e-01,8.907215877252658839e-08
4.999999090662455847e-01,8.906097019981461194e-08
4.999999090631851439e-01,8.906088177455093275e-08
4.999999090606668251e-01,8.905430418256645284e-08
4.999999090594607898e-01,8.905155685944367369e-08
4.999999090561845216e-01,8.904900925556206764e-08
4.999999090544900993e-01,8.903637727075705455e-08
4.999999090514615774e-01,8.902980531521922623e-08
4.999999090502998400e-01,8.901606133469295000e-08
4.999999090496881626e-01,8.900499499300573494e-08
4.999999090493512099e-01,8.898244416067446549e-08
4.999999090488098652e-01,8.897435833919637013e-08
4.999999090483028263e-01,8.894501320520315560e-08
4.999999090479872454e-01,8.891514335690835868e-08
4.999999090478557950e-01,8.888684410206845981e-08
4.999999090475063523e-01,8.887549332534229289e-08
4.999999090473746244e-01,8.886193572259789894e-08
4.999999090470772511e-01,8.884217292991755400e-08
4.999999090464251617e-01,8.882350092489004649e-08
4.999999090454383954e-01,8.879675318494252531e-08
4.999999090447904693e-01,8.877978173698927678e-08
4.999999090431046511e-01,8.876088309896299739e-08
4.999999090394160461e-01,8.875270075561311573e-08
4.999999090370315091e-01,8.874596282997134840e-08
4.999999090243907318e-01,8.874298532470650804e-08
4.999999090194132689e-01,8.874070464130304255e-08
4.999999089963074184e-01,8.873992824760642087e-08
4.999999089922335105e-01,8.873905915521465863e-08
4.999999089832907750e-01,8.873607404942524438e-08
4.999999089775934991e-01,8.872738388618491179e-08
4.999999089729173507e-01,8.871861013443067004e-08
4.999999089638956784e-01,8.871234284129064989e-08
4.999999089488816884e-01,8.870564512948266724e-08
4.999999089460430146e-01,8.870335076732833408e-08
4.999999089358301840e-01,8.870158684586450782e-08
4.999999089307129441e-01,8.870018560447192346e-08
4.999999089261789598e-01,8.869801994975585611e-08
4.999999089186456525e-01,8.869679904070556012e-08
4.999999089102529215e-01,8.869601153668878639e-08
4.999999089056225698e-01,8.869542627286053136e-08
4.999999089000745633e-01,8.869465640170959450e-08
4.999999088927553070e-01,8.869389870238760633e-08
4.999999088904447109e-01,8.869193192375474204e-08
4.999999088834731209e-01,8.868923882798593975e-08
4.999999088794684909e-01,8.868777396677271782e-08
4.999999088752028475e-01,8.868419357246590768e-08
4.999999088708080297e-01,8.868190780554219613e-08
4.999999088677482550e-01,8.867845530619501659e-08
4.999999088646634449e-01,8.867394885520383778e-08
4.999999088597708585e-01,8.867250401925639743e-08
4.999999088563935046e-01,8.866790333977772688e-08
4.999999088523136015e-01,8.866220424080947069e-08
4.999999088474545439e-01,8.864888050575221914e-08
4.999999088409720072e-01,8.863997806855875864e-08
4.999999088319875273e-01,8.862557137423355023e-08
4.999999088218164967e-01,8.861073798266762904e-08
4.999999088138706860e-01,8.860221051474070013e-08
4.999999088092792476e-01,8.858855418309107852e-08
