# s_error_dp, s_error_pinn
4.220611435003214507e-02,4.219703293552549972e-02
4.218036405846699310e-02,4.218036411628624249e-02
4.218036404322025867e-02,4.218036399127409602e-02
4.218040408451966677e-02,4.218036580046118783e-02
4.218000772862873921e-02,4.218040170876335287e-02
4.217979352361109213e-02,4.217981638171341280e-02
3.769332856459899073e-02,4.217980016692227802e-02
3.702385814165733841e-02,4.217980775289448259e-02
1.367648194825209565e-02,4.169549974158204969e-02
6.608892451182714345e-03,4.169297737301870532e-02
3.606484085216137177e-03,3.923095974474627434e-02
2.609230088755041654e-03,3.910540766822899472e-02
2.489821389942868494e-03,3.102806728732569047e-02
2.151285872143306969e-03,1.587632959359772458e-02
1.847772642326712348e-03,1.146735231091172529e-02
1.617863055175268201e-03,6.267022062529182050e-03
2.108237702529668339e-03,3.479175336967435875e-03
1.762774579531746965e-03,4.085997761596788305e-03
1.521221290184400065e-03,3.305477036175067090e-03
1.942266747187264102e-03,3.235048645836950242e-03
1.384013913506400642e-03,3.148348782423998887e-03
1.136512472775998801e-03,1.911262553761181385e-03
1.405955891270589632e-03,1.351837934279308696e-03
1.153258563403058035e-03,1.038223282779012673e-03
1.581259614388421655e-03,1.487020773996543862e-03
1.525125743013976522e-03,1.234281488258288668e-03
1.690401672251952469e-03,1.150476875883785308e-03
9.636879823469820432e-04,1.345138383071103113e-03
9.708628581527990005e-04,1.067012420974088917e-03
1.370421593800581327e-03,1.053466679751646328e-03
1.515614629748693711e-03,2.215086371955173050e-03
1.620342714496226817e-03,1.754366915229287798e-03
1.150792865813992641e-03,1.377920937832510578e-03
1.670527822517661179e-03,1.429501547831121518e-03
1.044449927155159316e-03,1.505957563598862067e-03
9.942272648811503050e-04,2.028908448079068914e-03
1.355950496578632028e-03,1.505185372014593639e-03
1.650696897652737622e-03,1.611061755828881040e-03
1.117140514450454649e-03,2.003851854340763568e-03
1.062387888809671185e-03,1.696566309581290987e-03
9.969690791440683625e-04,1.655682192216771263e-03
9.679941501158941235e-04,1.791613962126204938e-03
1.033019750527816583e-03,1.421260842601959921e-03
1.136527200355539691e-03,1.438868319811645313e-03
1.373815799658048781e-03,1.445263809267289916e-03
1.547926653339774458e-03,1.421174118249936627e-03
9.759426700477054047e-04,1.405216784487306860e-03
1.092191567763405036e-03,1.307380041558210563e-03
1.410021672726889837e-03,1.270100271589465028e-03
1.672922727584822983e-03,1.269649896853223712e-03
1.106022547572907714e-03,1.911174165584726995e-03
1.269675824531314593e-03,1.654941586078266698e-03
1.113252979344542433e-03,1.634195899701217352e-03
1.087195098152179962e-03,1.828251323889451855e-03
1.410350671080053825e-03,1.836127703542944937e-03
1.137596153451678497e-03,1.989536360509536368e-03
1.073511589911141069e-03,1.992411706799404082e-03
1.365771076861263013e-03,1.738718355401063171e-03
1.389831352169126552e-03,2.005538112936532807e-03
9.931959833810286194e-04,1.734235171031079260e-03
8.881915428800455856e-04,1.438742150630766339e-03
1.595186773600389433e-03,1.657113616770893895e-03
1.556655697255623786e-03,1.518514055483040793e-03
1.562071649168157326e-03,1.526071831961827493e-03
1.628178025458702945e-03,1.408715907059361486e-03
1.510132160423270338e-03,1.559210487629965163e-03
1.284450312352327728e-03,1.307162803421684167e-03
1.010759126437113780e-03,1.224847710905517875e-03
8.656547675083140544e-04,1.095814004188714556e-03
8.657140267244671072e-04,1.001291529089917785e-03
9.845489818059525305e-04,1.066738735335073665e-03
1.562994501674761470e-03,1.624205188780326967e-03
1.635096721670895514e-03,1.244966406285187262e-03
9.775189855242406942e-04,1.507236193421784788e-03
9.934264020143633665e-04,1.064453202938421420e-03
1.375908040355401001e-03,1.045216501525721847e-03
1.423866486727645795e-03,1.564225211086858747e-03
1.204206770526216165e-03,9.796613750933415299e-04
8.753408372028957185e-04,1.160471713018029326e-03
8.562130487243063649e-04,1.449209378317037116e-03
8.464399515256573574e-04,8.796649858607061669e-04
9.203174718944654841e-04,9.586991477143888205e-04
1.013708004570834480e-03,1.236558625611860508e-03
1.240439548916442763e-03,8.707509313736501834e-04
1.039642569545637558e-03,9.096055976002433412e-04
7.009145981088198141e-04,1.129658246077097682e-03
1.183166200555728093e-03,1.015135701063659942e-03
9.380669189497025610e-04,8.678869449703308309e-04
1.028443246110614072e-03,1.037019148672590650e-03
8.995159592881337741e-04,1.241382459121630547e-03
9.942293267576655328e-04,8.163054722053509097e-04
1.016241553832697561e-03,7.373208822545711250e-04
9.051965816428670470e-04,1.230087137424652321e-03
9.739173442208370890e-04,1.600819073217969951e-03
9.459329881400972218e-04,1.041069798053026159e-03
1.182561586941052777e-03,1.036205737599445393e-03
1.216602396414260580e-03,8.815272122901426097e-04
1.556772074318854993e-03,6.772532611451553613e-04
1.503132895130956676e-03,7.800922899700237119e-04
1.557473379855450887e-03,7.485997082550271834e-04
1.426679271632732724e-03,6.638219043197036333e-04
7.571960725268231081e-04,7.614353813550436573e-04
1.145744979166002809e-03,9.707058049181483935e-04
7.858899115871373830e-04,7.606073920338325385e-04
9.223212807157704337e-04,7.576959580824379993e-04
1.506397107749229709e-03,7.558102916133575822e-04
1.490307768490063862e-03,1.063532547011492588e-03
1.386601780453051687e-03,1.157634373146525014e-03
1.439989234930326737e-03,1.368685087330132836e-03
1.362962651803044161e-03,1.442444577887387440e-03
1.070006652485228906e-03,1.316829009897821758e-03
9.285388637330058191e-04,1.099604166900211436e-03
6.832137103341918635e-04,7.897818017177061448e-04
6.929740903809288250e-04,5.838484093189109979e-04
1.514506586565370809e-03,6.306755492424045159e-04
7.168609372506039952e-04,1.043509556150674965e-03
1.164443088980942871e-03,1.052602627824930637e-03
7.187271728800395535e-04,7.417725176608942110e-04
1.091506477957389712e-03,1.133780373007804362e-03
1.591693084663710215e-03,1.294045816430432119e-03
1.251350296287571549e-03,4.618728113524252937e-04
1.231792059216153465e-03,1.346250201526966129e-03
7.555657121471416387e-04,1.244034267780553355e-03
7.129139785471434038e-04,1.066442411706167550e-03
7.294765824190903390e-04,4.841068064772949828e-04
6.275011865885082429e-04,4.367456117801760997e-04
6.900983664787797150e-04,1.166273724604895623e-03
7.086742620354259756e-04,1.434541177546590609e-03
9.825295183298000858e-04,7.337398691155341693e-04
6.945458617005004220e-04,6.140336275046423715e-04
7.021006693595779544e-04,8.634695340738360010e-04
6.417334839775818778e-04,9.351320340991893781e-04
1.017328425959095973e-03,1.051221834223485399e-03
7.657876536047793269e-04,8.199080750059641650e-04
7.310798166807789232e-04,1.060967195392199715e-03
6.837791506808461916e-04,1.014266830113933317e-03
1.139419602701214913e-03,8.550303032489019054e-04
3.949731700499132386e-04,4.401112474274182095e-04
1.380644664769510805e-03,4.535042675486322021e-04
4.671202974057104781e-04,1.280510458894838039e-03
5.729386843962887147e-04,9.693070478534697573e-04
5.554910719192185983e-04,8.927658392337936870e-04
2.589726250326523710e-04,6.366114852647885647e-04
1.969921981983462176e-04,3.446740315171251730e-04
1.723414311961994150e-04,4.965062593074658732e-04
3.813424547730965230e-04,1.367322923533393448e-03
2.390214444877519306e-04,7.601650760030621715e-04
1.849773813449738155e-04,4.681341246150163182e-04
6.630132404584225449e-04,6.556728673868735284e-04
6.512631396062986506e-04,6.644770005796899566e-04
6.386763127824988170e-04,1.217065369370617239e-03
4.171381076651736004e-04,1.125857160431283565e-03
4.788856892714866953e-04,3.108746433703353518e-04
3.986362577821122351e-04,2.181052441477467107e-04
1.383875287703698173e-04,1.868558324093559750e-04
1.005971402042969698e-03,3.366740132169231841e-04
1.034801109670032511e-03,6.664047845199546401e-04
2.876336399248783076e-04,7.397563844538875043e-04
4.379638241362102656e-04,7.000132882542899927e-04
1.916141076869429119e-04,7.145601617032821011e-04
1.829881283747314760e-04,8.649347352054846368e-04
1.534383126423452439e-04,9.300189459928324747e-04
3.013441813908040090e-04,9.050673093412780297e-04
4.740097501485575370e-04,9.193380426436493667e-04
6.622447032275506108e-04,9.235710967105382162e-04
7.350105446569263562e-04,9.519839681070298675e-04
8.560424815554602222e-04,9.799182615745965965e-04
1.087159340226184333e-03,1.023548464828040851e-03
1.035283632820849448e-03,1.112226861185982782e-03
8.989360583018185871e-04,1.240378588638991163e-03
1.189684492588552510e-03,1.211472880825967399e-03
9.702316691627250154e-04,9.740908996758488409e-04
8.307247359181913187e-04,9.267743932748939879e-04
5.612341159479740686e-04,1.061408056468849141e-03
7.049797797845775132e-04,9.775059242240924807e-04
7.859520316495201622e-04,7.469609784657283260e-04
9.027041813797520879e-04,7.223663419267284695e-04
1.037844774534246641e-03,1.181294362692700658e-04
1.081217065088585115e-03,1.328971571623732153e-04
1.118861835914538184e-03,1.238118948113989249e-04
1.166379584775652321e-03,2.544089803635520247e-04
1.152832177906077359e-03,1.757465936879535966e-04
1.161391719765326232e-03,1.693605675742266496e-04
1.160162174472997203e-03,1.423844462078827739e-04
1.160801484427807480e-03,2.508946634731449004e-04
1.152241329305295301e-03,4.025546481302690808e-04
1.131761777138375578e-03,4.676839001568484076e-04
1.096998193709731919e-03,4.599964259162885711e-04
1.026373034153980554e-03,3.089427317530356451e-04
9.333346802872128116e-04,3.081257271315410357e-04
9.424318404658006644e-04,3.147701282575503831e-04
1.061567115347297275e-03,3.026546814404964983e-04
1.020155112406090532e-03,2.982195908907872670e-04
9.333859964801000499e-04,3.087696209237497246e-04
8.924885615914687331e-04,3.311635453531626807e-04
8.408376435899391410e-04,3.547207804741447771e-04
8.300154420083416312e-04,3.930194177120311283e-04
7.506935994353387993e-04,4.676135490774474329e-04
7.534974216638005550e-04,5.939361699263353590e-04
7.588057921813984785e-04,7.997399742058338909e-04
7.740346749648419891e-04,1.038361372562928656e-03
7.441072633746820177e-04,1.052753587298666535e-03
7.083937639931765350e-04,9.968905630236403557e-04
6.868376619075145136e-04,9.347651317305426515e-04
6.827969215401920831e-04,1.014259579542749288e-03
6.809284284392353934e-04,9.584957303499782666e-04
7.002300182384617756e-04,8.356487457800750984e-04
7.420684352219381573e-04,8.232281592960311858e-04
7.639454126231310076e-04,8.140558231107938771e-04
7.495254542959611105e-04,7.895344587815471965e-04
7.622472239536513816e-04,7.598648865411259529e-04
7.925270188751549214e-04,8.155178857977931663e-04
8.043326212153898347e-04,1.012671678557120793e-03
8.262618678137471960e-04,1.085053496052424500e-03
8.322805828189739838e-04,1.157456305505225568e-03
8.400981706854495582e-04,1.243492741529209468e-03
8.448018955445821265e-04,1.220950599684731070e-03
8.471732279753566930e-04,1.263756625308515898e-03
8.353514516076566716e-04,1.267015594147602670e-03
8.045876429902376050e-04,1.290367704109238092e-03
6.902033401325640598e-04,1.395715558909592499e-03
6.770934188228863422e-04,1.386926199793737675e-03
6.653680550699649218e-04,1.284334903173423893e-03
6.303802499108564867e-04,1.221147702878471689e-03
6.645446258446486600e-04,1.160324158187827758e-03
6.640831775195891887e-04,9.429876576836013213e-04
6.610539711218236776e-04,1.075284556363240119e-03
6.538549854601875648e-04,1.028836619235001804e-03
6.277234701937358958e-04,9.528992048216208171e-04
6.102266502230784592e-04,9.103917867996808326e-04
6.180288006985091903e-04,7.570104500926198767e-04
6.505528289212686357e-04,8.103880021701473022e-04
7.047479122603820699e-04,7.641232826832435824e-04
7.237399506776095960e-04,6.303024806242824626e-04
7.111180932490668381e-04,6.437794147510192584e-04
7.293206051986411914e-04,6.057109275925172008e-04
7.525923335017942759e-04,6.137945085231443550e-04
7.718373465479445731e-04,5.942126196070863370e-04
7.473593519099053619e-04,6.360540101133364300e-04
7.365243097493273270e-04,6.195393406399754338e-04
7.133696973347821964e-04,6.191940313161608134e-04
7.301073892439325719e-04,6.204149072929438045e-04
7.355802210153520714e-04,6.219057888941232747e-04
7.294239582717242185e-04,6.209171011463085780e-04
7.699881004003741999e-04,6.233010925199738202e-04
7.137524961088079038e-04,6.189508567973330076e-04
6.329371518085716557e-04,6.206031200270488001e-04
6.506246784631654605e-04,6.504178597770756288e-04
6.557215227614421587e-04,6.137724473697279103e-04
5.854615449053219385e-04,6.154598274378871459e-04
5.898607209074632762e-04,6.189472950158378308e-04
5.575066546777571403e-04,6.202332437110789692e-04
5.349500740530210591e-04,6.140771968637129220e-04
5.350987481193486073e-04,6.125756992411397848e-04
5.006826512249884465e-04,6.122766369510048833e-04
4.321508747728335575e-04,6.151138754246370010e-04
4.131465833196383921e-04,6.107272632542035205e-04
3.457638478937288232e-04,6.112270310574261564e-04
2.836226235823934342e-04,6.110952885376666087e-04
2.864096806207941013e-04,6.105898973944442684e-04
2.677360725736810864e-04,6.094962696318393779e-04
2.322610714390564842e-04,6.102176469961079772e-04
2.191487024005109470e-04,6.103797136556306626e-04
1.995432481441036235e-04,6.203324753378228369e-04
1.905974890111721638e-04,6.229550582772018725e-04
1.813309668956688365e-04,6.267777779793378724e-04
1.810846502126832859e-04,6.441734480443630584e-04
1.859812670174093704e-04,6.572259079610998566e-04
2.018515238923161822e-04,7.191087208227698408e-04
1.989070517584060039e-04,7.308788888651581448e-04
1.945564344272582714e-04,7.936418358467897715e-04
1.958681714049808145e-04,7.979911105586029191e-04
1.832855652956395809e-04,8.006414872918633753e-04
2.182204613195982523e-04,8.663858052571387540e-04
1.487724246160617174e-04,9.038473040048101981e-04
1.023649640484414566e-04,9.707568429730287565e-04
8.877764216954484229e-05,9.722777080705723510e-04
2.670057893328905084e-04,9.715079272683021074e-04
2.676079664967076998e-04,9.827546255427161131e-04
2.432711039388402640e-04,9.933767324087525944e-04
2.008343350874369326e-04,1.000730406322665423e-03
2.165629532418560327e-04,1.005441463100829099e-03
2.259485009851476935e-04,1.010430817736453516e-03
2.237771773993567695e-04,1.011056774478397407e-03
2.151886911758995279e-04,1.007413654448234509e-03
1.876189709330339152e-04,9.986596270989821656e-04
1.884230697511012520e-04,9.974850013923176797e-04
1.754471791685528401e-04,9.859482909664741678e-04
1.747903308062731878e-04,9.498057166570521336e-04
1.606477436421240978e-04,8.601159554280729752e-04
1.690901554461147972e-04,8.716419396063416645e-04
1.187513654168861373e-04,9.496081964755286693e-04
1.385403510000511661e-04,9.365282738917828998e-04
1.381045461801766385e-04,8.864457483294609259e-04
1.259679764147638706e-04,9.107011245423818130e-04
1.234660781258291025e-04,8.988309407755362343e-04
1.175187142597438613e-04,8.683816154331425912e-04
1.153637461428399911e-04,8.325887065363535029e-04
1.147083337106241977e-04,7.870646430855493016e-04
1.148921853576547321e-04,7.432011647921475672e-04
1.171049370895142170e-04,6.844043697618728151e-04
1.212245241254627202e-04,5.551617713404396331e-04
1.291325408788548436e-04,5.461422767222582839e-04
1.353716566537223256e-04,5.067470822127806288e-04
1.412000198249752016e-04,4.043781647277637070e-04
1.417496561047590516e-04,4.165089942616274064e-04
1.420360851540972678e-04,3.679484301071785459e-04
1.414629925302985313e-04,2.356358791402870070e-04
1.415391887082109647e-04,2.580049151833176298e-04
1.454673683997209481e-04,2.087700165987324747e-04
1.583413401912386171e-04,1.351936220302165108e-04
1.827217896121235714e-04,1.400161724756849343e-04
2.111642037720717392e-04,1.245920496634046575e-04
2.557474599519536022e-04,1.652184520918794654e-04
2.419616604605133296e-04,1.342410812494504500e-04
3.147343717274760024e-04,1.437007231599950988e-04
3.515445850013419315e-04,1.637278333508756243e-04
3.545402041223932811e-04,1.872036670482860087e-04
3.748852063719652385e-04,1.908520112089511205e-04
3.468091151733435789e-04,1.844694034934825887e-04
3.768485395366481545e-04,1.691459509460721523e-04
3.913415585361133212e-04,1.517385145411215188e-04
4.207029633298684694e-04,1.453040572160832337e-04
5.147639855598979113e-04,1.432189853804957831e-04
5.125690135823786483e-04,1.413074879373276077e-04
4.988338093637100174e-04,1.390329340284933088e-04
5.027558029267949506e-04,1.333850050971548736e-04
5.098583117985141687e-04,1.274100019683814327e-04
5.218804023671798960e-04,1.244758403447260189e-04
4.799378925874320224e-04,1.250561618550896236e-04
5.653412183046356738e-04,1.336072926426697777e-04
5.685381651733122533e-04,1.651620321539917107e-04
5.412796098961472364e-04,1.686928166726201720e-04
5.041006284530114749e-04,1.497288605505871022e-04
5.287081679400414515e-04,1.672406115266921096e-04
5.787270218421010620e-04,1.766767955885503488e-04
6.071063462845255202e-04,1.558698965940312454e-04
5.608340803108978695e-04,1.497073140232451597e-04
5.762762287565724104e-04,1.610878786381484827e-04
5.827767944170579801e-04,1.615649683010542473e-04
5.967131276253699254e-04,1.592937260220092706e-04
5.632057863527875716e-04,1.650640393389334005e-04
5.533900086718752422e-04,1.644982647495304680e-04
5.537954369189017128e-04,1.641601184545282775e-04
5.479082638650147443e-04,1.655531946383072132e-04
5.715838276698446269e-04,1.644491498253354848e-04
5.658938561710573746e-04,1.640123147227958399e-04
5.640687713687374738e-04,1.637504810286808863e-04
5.672264104735228948e-04,1.636395535089753446e-04
5.722556837388646008e-04,1.620706870469020618e-04
5.925397644851079218e-04,1.604144374959590288e-04
5.949019475553473388e-04,1.529681963281391468e-04
6.047353020833673432e-04,1.493375749042666453e-04
6.109410003592984648e-04,1.303988681883461057e-04
5.936838769511497329e-04,1.289155352237280846e-04
6.171128634755052456e-04,1.254892524459911174e-04
6.192912846543812333e-04,1.237778932286786216e-04
6.254642667276027329e-04,1.320604547436264413e-04
6.454552947077189145e-04,1.351050587447016774e-04
6.295256625174052226e-04,1.361074034071456363e-04
6.596510345062695088e-04,1.595925220676011039e-04
6.950652255140017059e-04,1.534157507880271065e-04
7.010396254181407594e-04,1.967901293732785201e-04
7.483912445157520988e-04,1.855605175645798225e-04
7.518743086610144228e-04,2.070981610324244436e-04
7.504696895465761157e-04,2.145729365416900705e-04
7.664142753583142592e-04,2.265451180604370032e-04
7.848658778740491039e-04,2.363534266471833403e-04
8.318437743882092349e-04,2.550825298850210691e-04
7.564278140626652051e-04,3.038303513526523724e-04
7.582710748172489992e-04,2.874806533772991560e-04
7.685323822770570622e-04,2.993038565262039164e-04
7.543196016031835423e-04,3.020493313024839085e-04
7.911759400625698610e-04,3.321694138473152468e-04
7.896770497979468213e-04,3.320693324953883675e-04
8.008039916831346952e-04,3.566987964523531444e-04
8.514211551343980498e-04,3.750530866976676831e-04
8.912279883364930197e-04,4.231099360727854372e-04
9.225588588490347226e-04,4.416061943270292267e-04
9.373081519162277308e-04,4.551703974534697882e-04
9.624093593751140933e-04,4.650985530369983016e-04
1.015532066576199394e-03,5.027023841546830523e-04
9.914706641678467432e-04,5.078151815141201432e-04
9.798609143945498107e-04,5.298794146192941116e-04
9.888364140607833717e-04,5.505985474299295284e-04
9.949861740484570744e-04,5.841174215940909010e-04
9.827898909504316754e-04,5.760849455453911526e-04
9.853631426467975366e-04,5.856375524750015828e-04
1.007644100772246698e-03,6.086353462542930899e-04
1.034655426775091822e-03,6.071401113128535110e-04
1.065855304695893400e-03,6.122077872092001986e-04
1.072574576187183435e-03,6.228253877407025291e-04
1.073882515431579324e-03,6.308261388497075775e-04
1.058469837540931607e-03,6.328257364747415974e-04
1.065870053097759708e-03,6.690567203795984340e-04
1.063417012508124622e-03,6.618527936440722192e-04
1.065065310510981749e-03,6.722378402278330646e-04
1.082779701259342772e-03,6.449400193676501584e-04
1.084919120101703266e-03,6.568537237200234658e-04
1.119401369299113762e-03,6.654814836023196416e-04
1.109029639530641209e-03,6.604771488386166961e-04
1.099841831168281176e-03,6.831502404426910294e-04
1.088141631466968060e-03,6.592355710761852415e-04
1.077708503362501125e-03,6.245029366769138529e-04
1.079914711887678975e-03,5.950728722498042694e-04
1.059642972222116794e-03,5.558256208172488713e-04
1.085491230464750425e-03,5.497921092453627668e-04
1.105737262953413250e-03,6.080992345435279030e-04
1.142548238781688173e-03,6.046307930195256872e-04
1.149502244527428850e-03,5.663719433601722888e-04
1.161179363926128629e-03,5.311508024401049048e-04
1.183936631409381176e-03,5.305857337750505710e-04
1.158333046215684380e-03,5.344297670632782403e-04
1.153506732092113600e-03,5.610486442670716304e-04
1.091946579640558747e-03,5.340644394305013197e-04
1.071915865706627368e-03,4.903371066233396924e-04
1.034726565431857937e-03,4.884672539708252974e-04
1.012220257640396087e-03,4.890913733493028456e-04
9.865631997600799851e-04,4.838811740885327309e-04
9.905569849391533156e-04,4.776165150407292383e-04
9.879758928164332921e-04,4.677796108141272320e-04
9.794619710954380505e-04,4.487941177739595026e-04
9.697890621573432724e-04,4.516165564604683147e-04
9.294386030331865242e-04,4.399853385032778674e-04
9.432136608141367378e-04,4.286359920459009579e-04
9.314772760795599288e-04,4.372244071899631713e-04
9.017237855406084720e-04,4.345416131182024068e-04
8.795598007324560621e-04,4.228371717817275863e-04
8.681879067875260085e-04,4.163188447084239705e-04
8.202108527952410360e-04,4.181328273984151228e-04
8.244808467745101503e-04,4.237446890032170975e-04
8.147229774253333077e-04,4.247162265175442549e-04
7.786986075781397948e-04,4.085035834770619156e-04
7.632175801370657273e-04,4.008915996035028700e-04
7.600663812061454229e-04,4.132712445509539715e-04
7.336479632549753813e-04,4.299818529809406697e-04
7.373479279943813847e-04,4.314369123197971763e-04
7.251892224355343999e-04,4.300618214316905452e-04
6.943295167802240138e-04,4.111772986005119215e-04
7.003584188563410961e-04,4.124518679907435560e-04
6.919951498913593521e-04,4.140655795212840702e-04
6.696096117050577470e-04,4.198260474179250435e-04
6.712048223952529237e-04,4.191998100451836901e-04
6.577477711879074545e-04,4.293263873876150441e-04
6.336499342854529484e-04,4.217548753270696036e-04
6.324239045382424977e-04,4.181470517042073284e-04
6.210557277467550251e-04,4.179164471008069539e-04
6.010114683638005792e-04,4.265530500790084114e-04
6.050575309496414485e-04,4.216046348863818679e-04
6.000608366847168685e-04,4.277992238249411945e-04
5.771352828483992123e-04,4.306680092389855437e-04
5.880347078669340968e-04,4.320835327976309281e-04
5.586564056572567404e-04,4.407063146681349376e-04
5.716811083340902783e-04,4.389266829352772505e-04
5.319071400474965775e-04,4.452773399078656879e-04
5.308516662605267198e-04,4.403999039554143836e-04
4.936330643674390539e-04,4.337303619114898814e-04
4.888599399692823309e-04,4.360986028644308460e-04
4.990836942154249379e-04,4.358507324525165492e-04
4.815745156682371903e-04,4.412196869137918168e-04
4.825582389438993992e-04,4.145201766920663961e-04
4.791864034134303628e-04,4.219462491626619943e-04
4.726053107731483373e-04,4.268325997178625377e-04
4.726622320931799025e-04,4.158965081259240583e-04
4.695540599663550804e-04,4.029575510994544397e-04
4.622694343949341556e-04,3.952451803288646484e-04
4.605032197117002956e-04,3.871861097050264514e-04
4.611549927246712081e-04,3.807915977095150274e-04
4.641786517191125280e-04,3.733639332384666308e-04
4.609096586075043774e-04,3.606082392191536012e-04
4.607785616876738152e-04,3.579457988217050481e-04
4.614157896597210345e-04,3.484008007151617216e-04
4.648850168671161617e-04,3.408722297242533310e-04
4.688866724877448623e-04,3.286291135195648833e-04
4.721429225997455094e-04,3.258286536888058962e-04
4.730638445178682013e-04,3.157320753900233175e-04
4.779880258743026376e-04,2.853493487925545260e-04
4.772998148330740461e-04,2.625100490392924622e-04
4.812973742914512364e-04,2.241645038505697229e-04
4.874412052728851943e-04,1.864278832913103697e-04
4.970800126948089672e-04,1.937159479698227413e-04
5.188173656445607207e-04,1.747642534970784132e-04
5.373966166992314927e-04,1.251394044597545024e-04
5.303543521907646413e-04,1.253525469585095868e-04
5.219574835561087596e-04,1.261315817799460253e-04
5.046927151597128611e-04,1.267643295912111159e-04
4.980992602714042579e-04,1.325797884984449145e-04
5.019213714521890022e-04,2.077910620788225816e-04
5.056651003607054006e-04,1.906683657426357602e-04
5.060712528579113401e-04,2.086761759365401904e-04
5.049031423032917772e-04,2.643153378678540755e-04
5.016514182643659440e-04,2.624947382944052641e-04
4.958987081051852066e-04,5.229161757665764295e-04
4.886778490980152843e-04,5.681078022595460004e-04
4.709463150466349662e-04,6.753712470520896374e-04
4.704134148074303043e-04,6.467540234676932105e-04
4.624520155005707941e-04,7.125823865057208904e-04
4.358274480692929994e-04,7.994883582767034437e-04
4.459554657998740360e-04,9.634879722588911939e-04
4.357377689806473937e-04,1.187214603262575115e-03
4.256342510397084821e-04,1.232955594610626784e-03
4.184964087736730317e-04,1.366485015459830863e-03
3.967810873971930742e-04,1.333709597285366328e-03
4.008655689859324579e-04,1.403138196679555192e-03
3.964231110669331256e-04,1.357945025397866694e-03
3.734902904700455081e-04,1.294373538663870374e-03
3.639073653493714810e-04,1.212113798187186607e-03
3.596207509455862073e-04,1.158577022165685998e-03
3.308005469475860352e-04,1.092733016819881888e-03
3.398506274143700719e-04,8.772529804238522614e-04
3.302940688606118393e-04,1.015641616158934057e-03
3.250909813589489034e-04,9.096600171021914771e-04
3.147444156598309300e-04,8.959293922604117137e-04
2.956152278402205888e-04,8.657462609800347037e-04
2.899268536257696544e-04,8.689871139585746661e-04
2.905541732769558773e-04,8.215269616285528773e-04
2.805368125239869614e-04,8.223199318156313407e-04
2.817654587027771610e-04,7.152574160410211457e-04
2.738942357008219280e-04,6.477576832453459327e-04
2.492973454755077344e-04,6.659639076639451913e-04
2.499564970013299194e-04,6.393884160448518473e-04
2.350059332532300298e-04,6.070107546513761696e-04
2.288463261909525013e-04,6.062132773132046038e-04
2.210335143135458359e-04,6.050908855430898884e-04
2.154428927882441733e-04,6.054180023851682716e-04
2.103856099259107204e-04,6.048123972086391718e-04
2.094981113020682214e-04,6.033353223319905083e-04
2.067322316007946933e-04,5.981880096603345298e-04
2.025286228129601909e-04,5.913677065475470094e-04
1.951637219267935341e-04,5.751725458402815990e-04
1.891636046109501504e-04,5.681852915679283522e-04
1.799368207382365486e-04,5.604510717114665223e-04
1.734494565610433651e-04,5.967349985681369472e-04
1.688425375966695944e-04,5.688727341331606185e-04
1.556043362954037928e-04,5.528983230845870966e-04
1.424813750883592643e-04,5.968678152865479654e-04
1.307089129293809594e-04,6.089804591166702056e-04
1.314768559860977578e-04,6.254536886398047836e-04
1.179998872034133625e-04,6.419293635019718627e-04
1.206194920963897109e-04,6.727089785162773889e-04
1.191486775438692949e-04,6.993780037410510459e-04
1.251750317936253700e-04,7.201101874427623091e-04
1.194033616408393808e-04,7.413822499201122313e-04
1.142111487382718699e-04,7.509526322317915939e-04
9.329196433819752360e-05,7.441596910280568128e-04
9.271160073296505499e-05,7.533865040750791896e-04
9.494965654390435461e-05,7.721149890873933285e-04
9.671815191448758595e-05,8.065549276512270094e-04
1.186227743710227257e-04,8.527046125098036462e-04
1.261541247829571727e-04,9.092570303491989692e-04
1.277893578527501781e-04,9.223322297074426201e-04
1.232095856777508912e-04,9.328821657608644567e-04
1.372568647034429787e-04,9.402020912884551020e-04
1.682917497550524410e-04,9.512785917528005777e-04
1.732522633079552064e-04,9.656901754970835050e-04
1.883641616854542515e-04,9.895159405907808826e-04
1.845226341622375674e-04,1.003825231261969066e-03
2.074152655560554089e-04,1.017197391536482556e-03
2.300983625249195669e-04,1.018014214145865348e-03
2.485639715294790295e-04,1.024402709407745866e-03
2.796652375369956746e-04,1.025364587270766702e-03
3.820928192114461295e-04,1.027516704890904780e-03
4.019198352347956452e-04,1.031892763742412594e-03
4.223294371558106706e-04,1.037396173761486861e-03
4.442002768147480535e-04,1.043678571608008462e-03
4.939986989709858499e-04,1.048310959092047965e-03
5.287713344690099255e-04,1.053095506876411923e-03
5.859476663516027676e-04,1.041169413238647503e-03
5.766329564131711990e-04,1.026260721514060063e-03
5.898744991035383351e-04,9.919895014940806159e-04
5.994582313230636559e-04,8.903445585953586065e-04
5.986616657015169209e-04,8.199914456396605392e-04
5.963732569424431019e-04,7.613830536734822419e-04
5.954499554690087732e-04,6.074084237144353193e-04
5.925711134540033150e-04,6.227108728680503602e-04
5.939729502697710861e-04,5.489789569177324323e-04
5.962363083647692543e-04,4.478338295889158121e-04
6.020065785440816561e-04,3.240428780498540965e-04
6.118360757376507851e-04,3.258392682537685045e-04
6.261854853821414036e-04,2.445154650777643310e-04
6.448194943148024497e-04,1.542888320796085677e-04
6.663205680803244027e-04,1.128885568769394122e-04
6.855838561661909206e-04,1.169976975047848784e-04
6.771692066519897175e-04,1.968027553484406867e-04
6.323458600416244834e-04,2.475984151704777188e-04
5.987380833529841549e-04,3.600951178739195558e-04
5.920499257899015369e-04,4.143616546267075225e-04
5.876410327132609943e-04,5.950976346306452881e-04
5.870074958055754820e-04,6.401422977597861315e-04
5.877994808470870429e-04,8.483488785867806560e-04
5.917802932241426417e-04,8.496718176593224961e-04
5.902204040027514160e-04,9.950214792481489913e-04
5.861405985231180798e-04,1.090220378517134121e-03
5.816600352554585030e-04,1.191540642788732661e-03
5.780184661866592842e-04,1.203072332337336596e-03
5.757263704018704539e-04,1.357130242214340393e-03
5.729658903770082747e-04,1.375268920679718464e-03
5.684952454816330925e-04,1.369963222368639861e-03
5.615144791466202120e-04,1.301856614929453168e-03
5.474180542280459184e-04,1.218564570361820813e-03
5.290396949598180198e-04,1.165123954487456634e-03
5.034795367634086046e-04,1.081769326957434003e-03
4.894888783286081412e-04,1.030017262375729475e-03
4.606822622957809795e-04,9.247846514894237160e-04
4.681147378923891157e-04,9.156451303150277363e-04
4.542332170031758583e-04,8.725296025110425031e-04
4.424352940899832975e-04,8.383291804401529074e-04
4.292327839226867331e-04,8.604812859604282597e-04
4.034656712553937583e-04,8.651321247053544517e-04
3.931914264976233342e-04,8.783025535270676818e-04
3.721298307661830744e-04,8.905802780755202666e-04
3.574801982020659515e-04,9.139150024357624823e-04
3.621511993372007266e-04,9.341230303205952379e-04
3.648033126274817062e-04,9.468680983808581628e-04
3.620400722508751467e-04,8.092596250837841027e-04
3.383723212281184649e-04,8.444710892027284957e-04
3.370755411462544285e-04,8.744507229322736469e-04
3.202878893166585545e-04,8.155752851361235036e-04
2.690806590392761061e-04,6.891172558380435085e-04
2.723311008706733646e-04,7.187005296941669603e-04
2.484864089608035008e-04,6.254109640713095093e-04
2.440961122290120965e-04,6.487092081427398320e-04
2.175457470071327510e-04,6.592453888364155747e-04
2.056961401285925170e-04,6.590357408843942888e-04
1.687260038779141678e-04,6.636457991991413612e-04
1.611230600524589049e-04,6.816500549404490078e-04
1.536685679666576528e-04,7.157819788999079339e-04
1.150696260851335448e-04,7.724830766425102874e-04
1.192517113950647103e-04,8.180833327951674483e-04
5.614496552359284331e-05,8.833853364185280041e-04
6.497852458848017232e-05,8.569180089742814118e-04
5.956616958935198662e-05,9.223760572225906318e-04
6.023143110562612540e-05,1.007106110552381719e-03
5.699403378829140930e-05,1.016880437103848296e-03
6.211267183429543498e-05,1.056432953778986940e-03
5.797774881026449744e-05,1.106275345092615605e-03
5.725324326480891345e-05,1.109532011992322379e-03
5.917812884769979771e-05,1.123488472752388629e-03
6.780971587420376180e-05,1.154791127105144399e-03
6.372201532108383586e-05,1.198169075468712456e-03
7.765943554614387922e-05,1.220043211459728933e-03
7.322072877110771762e-05,1.258276245752763204e-03
6.497326646638575684e-05,1.225461828229780070e-03
6.484918123679997014e-05,1.262710394521692446e-03
6.982054973720931918e-05,1.336136769030949085e-03
6.472960886711424814e-05,1.263675419344258448e-03
8.109970960857295567e-05,1.255440125540107634e-03
8.535780069735607724e-05,1.246417913161848969e-03
1.058468677113265811e-04,1.240597898316675137e-03
1.166054295968764362e-04,1.213269966587382075e-03
1.635229850223149459e-04,1.227459364549986090e-03
1.906259616091989103e-04,1.308864897536632117e-03
1.727397279148947971e-04,1.265472527938315585e-03
1.690862959895047027e-04,1.261118892648973276e-03
1.612261607500040919e-04,1.273499184606421714e-03
1.612753468689771754e-04,1.334274766335926668e-03
1.531826680536091205e-04,1.345330220072884228e-03
1.998256701019205587e-04,1.385482322944024984e-03
2.139202390569849128e-04,1.414495468428466794e-03
2.290431138288109153e-04,1.368528215230963192e-03
2.247815030466221138e-04,1.387398113950045336e-03
2.463553209308687623e-04,1.408543509168116905e-03
2.529937342249624264e-04,1.412939352053166776e-03
2.630616839073680554e-04,1.408411064525208131e-03
2.801618170787121610e-04,1.416951934028364479e-03
2.730252801478263058e-04,1.394650985347971285e-03
2.491810350998827561e-04,1.363928975563051278e-03
2.665621893015502654e-04,1.317115060979054918e-03
2.634078399288785721e-04,1.291760724969840323e-03
2.187715346397784766e-04,1.255181103421469701e-03
2.006221577865236925e-04,1.250817946975020089e-03
2.403268234852067714e-04,1.256797496783675430e-03
2.034210643004878292e-04,1.261347312341944528e-03
1.969178904255282174e-04,1.294798894537894712e-03
1.949252427435319078e-04,1.360391393510959569e-03
1.229981134715866229e-04,1.227190675594159574e-03
7.851428404964628594e-05,9.000221688556991678e-04
5.050405892387808856e-05,8.274656371756083841e-04
5.070357502576691689e-05,8.616909529968502963e-04
5.360717655721915898e-05,7.381615321310300857e-04
6.588449403235241604e-05,7.147411200338571685e-04
1.128486630374050779e-04,6.007943751717777399e-04
1.997481698093726170e-04,4.285703471383602373e-04
2.602259354417071099e-04,3.097891450884865112e-04
2.979261000485906754e-04,1.717340661351317874e-04
4.376692016485608187e-04,2.057655371698973552e-04
5.111677657834156089e-04,2.015123966770848880e-04
7.488235248050774569e-04,1.311045139234849556e-04
7.364909991015713498e-04,1.224497133588723860e-04
7.961037311304639420e-04,1.573482546372827477e-04
8.144960270973698692e-04,3.386003859343234435e-04
9.062613353029062109e-04,4.511832435256006926e-04
9.445282366450681588e-04,6.816576700696510335e-04
1.011575594445621651e-03,6.514147323390490031e-04
1.189699564079654522e-03,7.004359201210115125e-04
1.142785566722685818e-03,8.244507764322634357e-04
1.176098384233775860e-03,1.090888594616459947e-03
1.251817891144977159e-03,1.108759487583578073e-03
1.324374568933148330e-03,1.302438645337750632e-03
1.409190037694239925e-03,1.331973208430385549e-03
1.357625633153094515e-03,1.341512518979938668e-03
1.340031392840168156e-03,1.300032895648999204e-03
1.316407547789907309e-03,1.319078915417890800e-03
1.291143602063308518e-03,1.228598845698330175e-03
1.297918205886580039e-03,1.158707524472005895e-03
1.302591144899816833e-03,9.827087075585012616e-04
1.320496140192027688e-03,9.751255103421708386e-04
1.324192477303584971e-03,8.430335882131400650e-04
1.331604420982141629e-03,7.749908169114036807e-04
1.345296343939995139e-03,7.665688785853932638e-04
1.370175327714598899e-03,6.229712203682947341e-04
1.386883959313582994e-03,6.394475035056179689e-04
1.394319547265115587e-03,5.819518373401971105e-04
1.369940684950528851e-03,5.195976996687032973e-04
1.377101780253334748e-03,5.101835379005898374e-04
1.375472558850187243e-03,4.491578281114621575e-04
1.359154438985346776e-03,3.584545764614072215e-04
1.343625709156746981e-03,2.827297832272610521e-04
1.343884785496963531e-03,2.687884056119054475e-04
1.341575021609377931e-03,2.483456082072253821e-04
1.334888768604875712e-03,2.240686942569391929e-04
1.322020586891138692e-03,1.668677349065287934e-04
1.300664112415909034e-03,1.938535662134455032e-04
1.285572695334088068e-03,1.889196815846864617e-04
1.278703680343098439e-03,1.521396163966323592e-04
1.274881346476238386e-03,1.174440663556582413e-04
1.249015339914714669e-03,1.227332059397046667e-04
1.252384379156866109e-03,1.171522964442331264e-04
1.276577431075700186e-03,1.393449355605100705e-04
1.258201423076131444e-03,1.490213290720599339e-04
1.244864574195338885e-03,1.784385591298250963e-04
1.258794714808112152e-03,1.767708708881056661e-04
1.250179746849790479e-03,1.932093392179256262e-04
1.251556382205214332e-03,1.955548078076258770e-04
1.258508847435765203e-03,1.877384650791729922e-04
1.263080661969538405e-03,1.685684606987423279e-04
1.264886697921316664e-03,1.538942754772583692e-04
1.259530065994480521e-03,1.324312120930013577e-04
1.234192752893377475e-03,1.205592440086680436e-04
1.190884159648770892e-03,1.251229566007049522e-04
1.142821567664519802e-03,1.150462738043288692e-04
1.112756025479062121e-03,1.835521705343815316e-04
1.108638676939759571e-03,1.781980901344771835e-04
1.107018180709855477e-03,1.945537127038302028e-04
1.096213776118525529e-03,2.091364591657022165e-04
1.072771161021630415e-03,2.469459557377447385e-04
1.078067808912455726e-03,2.360643793411085147e-04
1.069289657216487138e-03,2.516950623376719388e-04
1.062646937505651226e-03,2.649089040281613094e-04
1.049465125777552512e-03,3.112068752117498767e-04
1.042661282285953141e-03,4.798004750778021919e-04
1.036470224532986661e-03,4.392011062300783483e-04
1.028681266970400254e-03,5.315852214795209214e-04
1.038991779558183374e-03,6.621525180489159926e-04
1.044695955164171713e-03,8.537654630808431304e-04
1.060324494366330283e-03,9.957408171875562885e-04
1.068939377732584231e-03,1.331710672249095638e-03
1.083839103713188931e-03,1.225330510899115500e-03
1.109037484259192642e-03,1.370860026591925280e-03
1.113952888834476374e-03,1.288330505207528880e-03
1.103351148555044813e-03,1.241369858017577106e-03
1.106345465147857412e-03,1.148185454643858936e-03
1.111149862993531749e-03,1.066350850320492384e-03
1.117306144584522291e-03,1.094071996249803202e-03
1.127688746106261363e-03,1.092422324170695723e-03
1.141035061993517837e-03,1.081226452410046510e-03
1.153643184797965328e-03,1.040298289501794763e-03
1.173172292055765960e-03,1.099374969694437562e-03
1.177393191364257659e-03,1.101043857246859770e-03
1.162202539291955260e-03,1.057513229213451547e-03
1.186835972323836046e-03,1.101362942363787309e-03
1.224994519557880092e-03,1.082937651897600316e-03
1.215127087884490574e-03,1.074650042687514458e-03
1.218795075225660501e-03,1.077936537571037422e-03
1.230203126033956951e-03,1.103250986963511633e-03
1.220581113188332501e-03,1.091691581016443176e-03
1.230154692243754302e-03,1.099053400924594314e-03
1.207321312221777210e-03,1.113255508240778733e-03
1.190988901201092947e-03,1.136147033478171952e-03
1.180137741552028706e-03,1.155302038907583297e-03
1.131439460325971928e-03,1.123432041074315770e-03
1.120528562383263198e-03,1.155795191916074221e-03
1.106083610102276318e-03,1.160964401070038298e-03
1.091996583556028612e-03,1.202682189302187914e-03
1.073350361599179461e-03,1.179046580313550035e-03
1.068057489975050411e-03,1.171367436783491301e-03
1.064304147594936131e-03,1.187598776378342470e-03
1.076612028519367869e-03,1.187323920891100899e-03
1.111695862213992695e-03,1.196512923335804569e-03
1.290629333547453498e-03,1.223017464818702913e-03
1.298530346547321001e-03,1.213870467966092449e-03
1.291546057776421638e-03,1.232573058806975394e-03
1.231176511817855300e-03,1.261876701137422960e-03
1.273138059543677328e-03,1.269197042429988246e-03
1.312076802344897247e-03,1.294416593198400396e-03
1.326113559774616708e-03,1.305247774825735304e-03
1.346054606716853147e-03,1.343246210967048064e-03
1.308785455391508167e-03,1.339004718249618177e-03
1.320726699177584900e-03,1.366550537885399211e-03
1.273566717607684060e-03,1.392947368820227896e-03
1.250603563138168563e-03,1.380339965181528843e-03
1.245700548505594219e-03,1.398282192751764677e-03
1.217449321166149236e-03,1.405928797341949709e-03
1.209452959158323479e-03,1.418191066351314053e-03
1.184383261157695736e-03,1.373593034032480819e-03
1.179839315883187897e-03,1.389285305909801265e-03
1.190542431929250558e-03,1.388358060740814848e-03
1.190589427773045862e-03,1.363136242297680436e-03
1.186943686518195356e-03,1.373249173497426059e-03
1.161678729110139641e-03,1.344855147098359804e-03
1.158603616808236668e-03,1.321711338857044574e-03
1.156768530490586864e-03,1.304074510071282422e-03
1.153363396706147664e-03,1.286800883469853317e-03
1.149816832040550943e-03,1.280257977215108886e-03
1.132961977783994434e-03,1.255497376539603700e-03
1.139734847469659872e-03,1.237252888864685514e-03
1.135230808896056133e-03,1.215161056940007589e-03
1.169034783133955256e-03,1.206858283444746729e-03
1.213395417729135712e-03,1.187870813479335484e-03
1.244144562916704765e-03,1.209682530863472440e-03
1.272536405434248133e-03,1.185344823484704756e-03
1.303443816531802074e-03,1.167741810951258537e-03
1.339168243317952981e-03,1.159312906035012223e-03
1.330930577797783928e-03,1.168989463238610501e-03
1.347002726695749721e-03,1.176168594346981141e-03
1.341022143953555981e-03,1.189290452423702200e-03
1.340959271914151426e-03,1.232964200935174554e-03
1.333425593686311111e-03,1.313020165722189906e-03
1.327923779899514928e-03,1.338090785750096394e-03
1.299758219547884246e-03,1.323933874285910823e-03
1.300334008576264693e-03,1.340612886363218639e-03
1.304355458796732474e-03,1.310676349809609866e-03
1.310657940840610726e-03,1.373038072317492959e-03
1.316049664849264743e-03,1.388762963626792926e-03
1.313310034147831956e-03,1.335479235464790988e-03
1.314484705263245035e-03,1.348679512492429768e-03
1.267275770432521598e-03,1.368162428637712804e-03
1.241748830478989164e-03,1.330489685303980901e-03
1.211201096482259106e-03,1.299298051643186201e-03
1.185058134085074976e-03,1.260856489510326023e-03
1.168165452196118096e-03,1.232179375993056264e-03
1.160424781595250721e-03,1.152760957568112112e-03
1.175324281957594369e-03,1.141085079995932203e-03
1.180676316194563015e-03,1.047449332007101492e-03
1.177734625000605682e-03,8.425593589054938609e-04
1.179290023930111087e-03,6.338895934190222564e-04
1.193082466025193952e-03,5.915791706978851434e-04
1.192646037271756325e-03,4.717740556129442625e-04
1.201244831195859069e-03,3.694177610443712166e-04
1.214876446140333377e-03,1.824209329612371878e-04
1.209208810629151072e-03,2.393672896538517534e-04
1.224837890929467024e-03,1.953046861614498556e-04
1.207372847341012419e-03,1.318916411348049157e-04
1.198163055188879210e-03,2.458703877093760810e-04
1.203162011340557207e-03,3.925445498895407362e-04
1.205682823517834242e-03,4.309635459994504863e-04
1.227987655035889508e-03,5.534479251756201307e-04
1.242364071577195268e-03,7.704626400076399536e-04
1.249381802853221550e-03,8.166515573371882801e-04
1.265537943547420923e-03,9.673413950339590289e-04
1.263637862480737617e-03,1.045815636151784531e-03
1.273298887508735738e-03,1.024203758492200043e-03
1.263417526386688113e-03,1.070751212284010243e-03
1.262406325580685013e-03,1.109842064402273435e-03
1.256977781341262791e-03,1.139657593681888455e-03
1.238896907366707125e-03,1.179420617905266484e-03
1.215650606621264049e-03,1.220051803088371620e-03
1.210757828151917724e-03,1.252802381710515752e-03
1.190662384607090417e-03,1.287398349104000193e-03
1.199227298778477845e-03,1.314423324088934836e-03
1.202989523632651140e-03,1.364642345671673255e-03
1.197410854293271638e-03,1.312481699106742439e-03
1.191738415381701170e-03,1.236454072513385816e-03
1.185751380336988112e-03,1.286816452309700416e-03
1.178718813545166170e-03,1.282229479100012231e-03
1.149795843208737322e-03,1.385538587353205963e-03
1.150893509713179271e-03,1.367485376117629110e-03
1.161526875966460790e-03,1.248398778004079952e-03
1.184035813794927878e-03,1.200117129765447630e-03
1.178671974347044946e-03,1.279312779346077587e-03
1.175537655547887177e-03,1.236594416020503351e-03
1.178218026426504405e-03,1.175874235276536464e-03
1.187024795133692894e-03,1.109516308320284078e-03
1.194314379281043777e-03,1.036485808825950410e-03
1.197573969654825571e-03,9.690211579796871979e-04
1.196246264056599054e-03,9.546126216863106946e-04
1.196031432997012554e-03,7.497636268387720482e-04
1.191931491450380414e-03,7.008057511134432351e-04
1.180563661694190251e-03,6.351510113060428305e-04
1.172948073152631351e-03,5.704902974666048367e-04
1.172019625550426401e-03,4.949583425187445819e-04
1.169489572934196949e-03,3.722281897364071424e-04
1.172872497706186311e-03,2.800374073543829886e-04
1.177132146718168001e-03,1.926437672576047184e-04
1.186498338027139722e-03,1.188437073623607433e-04
1.188624694325669980e-03,1.115747863166761722e-04
1.204278209999064611e-03,1.355999834148200638e-04
1.207869841601986105e-03,1.832896998328681696e-04
1.219916117098700670e-03,3.935018026621554224e-04
1.206954215762784258e-03,3.197228095470265141e-04
1.209815611997938590e-03,3.096502865120937995e-04
1.209871832928466600e-03,3.974051353821665038e-04
1.201557924140747450e-03,5.875582327675036914e-04
1.186853175516583122e-03,5.625464871896181064e-04
1.194341726914105754e-03,8.186931213293692977e-04
1.200970291539179505e-03,9.401634550181345437e-04
1.220399974219839615e-03,8.308731065874090226e-04
1.222106859374609165e-03,8.984585102639356877e-04
1.253675666913768019e-03,1.008061968000873452e-03
1.277933890712079374e-03,1.178113369408802322e-03
1.272774150776478062e-03,1.210600733729436194e-03
1.283836016707307634e-03,1.324625044850260072e-03
1.316030622919490663e-03,1.227292046102199585e-03
1.321431300517144887e-03,1.192725590506632473e-03
1.351627110185934155e-03,1.105535983407296505e-03
1.371823461076682790e-03,1.001096533391365945e-03
1.376458920912827875e-03,8.237335292842454422e-04
1.393227708808124528e-03,8.223854284664538529e-04
1.378784171242630405e-03,7.758517941279680650e-04
1.371757112285041432e-03,7.446757194637395423e-04
1.354538216599727920e-03,6.128551689167933535e-04
1.338884931429776661e-03,6.408723346516150259e-04
1.275868410848208416e-03,5.485051396568220439e-04
1.314143234783127874e-03,5.430514579550460791e-04
1.322339942392400727e-03,4.940295367426010987e-04
1.320058889370442348e-03,5.297920646177663910e-04
1.314041524964099702e-03,5.362057767026717900e-04
1.327158211616563405e-03,5.685648564470787564e-04
1.314999457827936008e-03,5.634354318507581042e-04
1.281387911019759782e-03,5.671358887267797470e-04
1.264944052433682447e-03,5.699155465104818827e-04
1.257058701599474181e-03,5.789539687627366952e-04
1.263967573494612865e-03,5.575734757642675102e-04
1.228767960865648082e-03,4.731192498034179493e-04
1.142277227110401151e-03,4.721225071670084265e-04
1.135465593442586520e-03,4.629536435599301706e-04
1.119778064684985542e-03,4.297181786080155248e-04
1.089240378614917629e-03,4.461748347302863307e-04
1.120663603248973818e-03,4.086419258695211942e-04
1.100031454145797370e-03,3.812418406491971086e-04
1.069943839389054857e-03,3.521887248042938640e-04
1.064548621227754364e-03,2.978639904309718736e-04
1.054743426740629509e-03,2.407396500625457716e-04
1.044111935015461018e-03,1.730657351395520674e-04
1.029921246537299521e-03,2.303985426195697588e-04
1.020218865042878511e-03,2.141852478312756939e-04
1.024710455004183059e-03,1.774772572738910154e-04
1.023569663036141830e-03,1.844795104737262576e-04
9.995749144458656362e-04,1.525526509008899622e-04
1.003700808541709661e-03,1.199338276974053978e-04
1.001147658679652679e-03,1.212244082551714532e-04
9.933792980233119383e-04,1.276525016594652606e-04
9.919668980476218853e-04,1.267816718981427189e-04
9.841535571893755656e-04,1.309162502352361694e-04
9.727678054914758524e-04,2.482422545114151163e-04
9.657516632798091591e-04,2.700022987502036470e-04
9.523932528760399325e-04,3.234863936098960322e-04
9.527525909368303545e-04,2.820687323313638556e-04
9.358047504745264228e-04,3.024842261481213877e-04
9.435905464011452599e-04,3.705869898040560517e-04
9.371898392043448520e-04,4.957562625328537208e-04
9.235370523886314012e-04,5.773776829321285034e-04
9.152332169987554417e-04,8.107082720798035021e-04
9.000104208281616220e-04,7.779037697483102672e-04
8.727825465849126454e-04,8.838525035665821712e-04
8.780916537619600469e-04,9.321075836433189484e-04
8.656237465102885244e-04,9.646144878396401348e-04
8.403517455013371270e-04,1.014390684569538206e-03
8.694417419887314012e-04,1.067710938742734515e-03
8.664776008533434711e-04,1.086670006121352641e-03
8.785260416443694013e-04,1.232457572318829868e-03
8.639748197360327345e-04,1.200424953423981974e-03
8.485736775531568452e-04,1.264704224734674838e-03
8.234414273116981301e-04,1.252569019772086564e-03
7.944464494004350270e-04,1.329404256680088818e-03
7.773366375153843407e-04,1.308338183386976213e-03
7.968182169173477179e-04,1.287866327168800873e-03
7.867600067948733213e-04,1.298719707456332494e-03
7.695873492138950679e-04,1.331462889664769859e-03
7.637254511661266312e-04,1.391240611095277213e-03
7.381553689664696778e-04,1.383147841186655640e-03
7.124918963581760439e-04,1.397105583357740417e-03
7.277770743179028329e-04,1.400613723085892800e-03
7.328094909242516188e-04,1.372111866213308190e-03
7.260697110473803484e-04,1.297528653724487786e-03
7.406093049596036140e-04,1.224740708638781756e-03
7.278894503002734245e-04,1.140284028391600792e-03
6.924847683319454222e-04,1.134260342929401671e-03
7.065960365883622047e-04,1.096834925993384491e-03
7.056580273669600016e-04,1.063416797362375750e-03
6.803332752382247692e-04,1.055476128631722965e-03
6.856192270019134108e-04,1.039044482636786041e-03
6.730205620617282997e-04,1.007882946018243218e-03
6.440614138906333806e-04,9.004454167848189401e-04
6.415856476285292185e-04,9.602090316531840426e-04
6.034207137354255989e-04,8.618972057226695089e-04
5.929484365750758296e-04,7.686002695762869999e-04
5.408170192442656550e-04,6.780252085171044763e-04
5.321203652791647387e-04,6.143882571344907832e-04
4.918281945575681165e-04,5.240901343464527502e-04
4.997393335940957275e-04,5.508265938959257388e-04
