# step_dp, step_pinn
5.000000000000000278e-02,5.000000000000000278e-02
5.000000000000000278e-02,5.000000000000000278e-02
5.000000000000000278e-02,5.000000000000000278e-02
5.000000000000000278e-02,5.000000000000000278e-02
5.000000000000000278e-02,5.000000000000000278e-02
5.000000000000000278e-02,5.000000000000000278e-02
1.001419836285183180e+02,5.000000000000000278e-02
1.700542302002388262e-01,5.000000000000000278e-02
8.391057856384066815e-02,1.053664416264900865e+03
3.122592157343959118e-01,3.337289744746165659e-02
3.670799888497641161e-01,3.111207379287394548e-01
5.000000000000000278e-02,5.069990341466948380e-02
5.000000000000000278e-02,2.238348436309222311e+00
5.000000000000000278e-02,2.480125490833784974e-01
5.000000000000000278e-02,5.000000000000000278e-02
5.000000000000000278e-02,5.475394707587257770e-01
5.000000000000000278e-02,5.000000000000000278e-02
5.000000000000000278e-02,5.000000000000000278e-02
5.000000000000000278e-02,5.000000000000000278e-02
5.000000000000000278e-02,5.000000000000000278e-02
5.000000000000000278e-02,5.000000000000000278e-02
5.000000000000000278e-02,5.000000000000000278e-02
5.000000000000000278e-02,5.000000000000000278e-02
5.000000000000000278e-02,5.000000000000000278e-02
5.000000000000000278e-02,5.000000000000000278e-02
5.000000000000000278e-02,5.000000000000000278e-02
5.000000000000000278e-02,5.000000000000000278e-02
5.000000000000000278e-02,5.000000000000000278e-02
5.000000000000000278e-02,5.000000000000000278e-02
5.000000000000000278e-02,5.000000000000000278e-02
5.000000000000000278e-02,5.000000000000000278e-02
5.000000000000000278e-02,5.000000000000000278e-02
5.000000000000000278e-02,5.000000000000000278e-02
5.000000000000000278e-02,5.000000000000000278e-02
5.000000000000000278e-02,5.000000000000000278e-02
5.000000000000000278e-02,5.000000000000000278e-02
5.000000000000000278e-02,5.000000000000000278e-02
5.000000000000000278e-02,5.000000000000000278e-02
5.000000000000000278e-02,5.000000000000000278e-02
5.000000000000000278e-02,5.000000000000000278e-02
5.000000000000000278e-02,5.000000000000000278e-02
5.000000000000000278e-02,5.000000000000000278e-02
5.000000000000000278e-02,5.000000000000000278e-02
5.000000000000000278e-02,7.715231817534234926e-02
5.000000000000000278e-02,1.038882170619518652e-01
5.000000000000000278e-02,2.562145374539349096e-01
5.000000000000000278e-02,5.000000000000000278e-02
5.000000000000000278e-02,5.000000000000000278e-02
3.338496198634544609e-01,5.000000000000000278e-02
5.000000000000000278e-02,5.000000000000000278e-02
5.000000000000000278e-02,5.000000000000000278e-02
5.674132650195067296e-01,5.000000000000000278e-02
5.000000000000000278e-02,5.000000000000000278e-02
5.000000000000000278e-02,5.000000000000000278e-02
5.000000000000000278e-02,5.000000000000000278e-02
3.333416007958793781e-01,5.000000000000000278e-02
5.000000000000000278e-02,5.000000000000000278e-02
5.000000000000000278e-02,5.000000000000000278e-02
5.000000000000000278e-02,5.000000000000000278e-02
5.000000000000000278e-02,4.088641502429153918e-01
5.000000000000000278e-02,5.000000000000000278e-02
5.000000000000000278e-02,5.000000000000000278e-02
5.000000000000000278e-02,5.000000000000000278e-02
5.000000000000000278e-02,5.000000000000000278e-02
5.000000000000000278e-02,5.000000000000000278e-02
5.000000000000000278e-02,5.000000000000000278e-02
5.000000000000000278e-02,5.000000000000000278e-02
5.000000000000000278e-02,5.000000000000000278e-02
5.000000000000000278e-02,5.000000000000000278e-02
5.571693987567638562e-01,5.000000000000000278e-02
5.000000000000000278e-02,5.000000000000000278e-02
5.162914717835732636e-01,5.000000000000000278e-02
2.955327232229484902e-01,5.000000000000000278e-02
2.698202258988125490e-01,5.000000000000000278e-02
5.000000000000000278e-02,1.791520829007164362e-01
5.000000000000000278e-02,2.078804132319299891e-01
5.000000000000000278e-02,7.634515005245648966e-01
5.000000000000000278e-02,5.000000000000000278e-02
5.000000000000000278e-02,4.656595771345165002e-01
5.433460923170115864e-01,5.000000000000000278e-02
4.791561622968364409e-01,5.000000000000000278e-02
5.000000000000000278e-02,5.000000000000000278e-02
5.000000000000000278e-02,5.000000000000000278e-02
5.000000000000000278e-02,5.000000000000000278e-02
5.000000000000000278e-02,5.000000000000000278e-02
5.000000000000000278e-02,5.000000000000000278e-02
5.000000000000000278e-02,5.000000000000000278e-02
5.000000000000000278e-02,5.000000000000000278e-02
5.000000000000000278e-02,5.000000000000000278e-02
5.000000000000000278e-02,5.000000000000000278e-02
5.000000000000000278e-02,5.000000000000000278e-02
1.354387178931309998e-01,5.000000000000000278e-02
4.244010138531041920e-01,5.000000000000000278e-02
5.000000000000000278e-02,5.000000000000000278e-02
5.000000000000000278e-02,5.000000000000000278e-02
5.000000000000000278e-02,5.000000000000000278e-02
5.000000000000000278e-02,3.078603626863831155e-01
5.000000000000000278e-02,5.000000000000000278e-02
5.000000000000000278e-02,5.000000000000000278e-02
5.000000000000000278e-02,5.000000000000000278e-02
5.000000000000000278e-02,5.000000000000000278e-02
5.000000000000000278e-02,5.000000000000000278e-02
5.000000000000000278e-02,5.000000000000000278e-02
3.025829579168787253e-01,5.000000000000000278e-02
5.000000000000000278e-02,5.000000000000000278e-02
5.000000000000000278e-02,5.000000000000000278e-02
5.000000000000000278e-02,5.024290067144144833e-01
5.000000000000000278e-02,5.000000000000000278e-02
5.000000000000000278e-02,5.000000000000000278e-02
5.000000000000000278e-02,5.000000000000000278e-02
5.000000000000000278e-02,5.000000000000000278e-02
5.000000000000000278e-02,5.000000000000000278e-02
5.000000000000000278e-02,5.000000000000000278e-02
5.000000000000000278e-02,5.000000000000000278e-02
5.000000000000000278e-02,1.976900661126355374e-01
5.352126153565858191e-01,5.495028391731352491e-01
5.000000000000000278e-02,5.000000000000000278e-02
5.000000000000000278e-02,5.000000000000000278e-02
5.000000000000000278e-02,5.718186882677125382e-01
5.000000000000000278e-02,5.000000000000000278e-02
2.858538155431756822e-01,5.000000000000000278e-02
5.000000000000000278e-02,4.435170409550323600e-01
5.771139487034664395e-01,5.000000000000000278e-02
5.000000000000000278e-02,5.000000000000000278e-02
5.000000000000000278e-02,5.000000000000000278e-02
5.000000000000000278e-02,5.000000000000000278e-02
5.000000000000000278e-02,5.000000000000000278e-02
6.137579065214761043e-01,5.000000000000000278e-02
5.000000000000000278e-02,5.000000000000000278e-02
5.000000000000000278e-02,3.797824268603639530e-01
3.418406950895735430e-01,5.000000000000000278e-02
7.395054184723331980e-01,5.000000000000000278e-02
5.000000000000000278e-02,5.034487335166888400e-01
5.000000000000000278e-02,5.000000000000000278e-02
2.107032417972273808e-01,5.000000000000000278e-02
5.000000000000000278e-02,5.000000000000000278e-02
5.123550004241606004e-01,5.000000000000000278e-02
6.058225604921132490e-01,5.000000000000000278e-02
5.000000000000000278e-02,5.000000000000000278e-02
5.000000000000000278e-02,5.000000000000000278e-02
5.000000000000000278e-02,5.000000000000000278e-02
5.000000000000000278e-02,5.000000000000000278e-02
5.000000000000000278e-02,5.000000000000000278e-02
4.455117380699793461e-01,5.000000000000000278e-02
3.626184262690999027e-01,5.000000000000000278e-02
5.000000000000000278e-02,5.000000000000000278e-02
5.000000000000000278e-02,5.000000000000000278e-02
2.894050711595104741e-01,4.609662907630523443e-01
5.000000000000000278e-02,5.000000000000000278e-02
5.000000000000000278e-02,5.000000000000000278e-02
5.000000000000000278e-02,5.000000000000000278e-02
5.000000000000000278e-02,5.000000000000000278e-02
5.000000000000000278e-02,5.000000000000000278e-02
5.000000000000000278e-02,5.000000000000000278e-02
5.000000000000000278e-02,3.527436468073210096e-01
5.000000000000000278e-02,5.000000000000000278e-02
5.000000000000000278e-02,5.000000000000000278e-02
5.000000000000000278e-02,5.000000000000000278e-02
5.000000000000000278e-02,5.000000000000000278e-02
5.000000000000000278e-02,5.000000000000000278e-02
5.000000000000000278e-02,5.000000000000000278e-02
5.000000000000000278e-02,5.000000000000000278e-02
5.000000000000000278e-02,5.000000000000000278e-02
5.000000000000000278e-02,5.000000000000000278e-02
5.000000000000000278e-02,5.000000000000000278e-02
5.000000000000000278e-02,5.000000000000000278e-02
5.000000000000000278e-02,5.000000000000000278e-02
5.000000000000000278e-02,5.000000000000000278e-02
5.000000000000000278e-02,5.000000000000000278e-02
5.000000000000000278e-02,5.000000000000000278e-02
5.000000000000000278e-02,5.000000000000000278e-02
5.000000000000000278e-02,5.000000000000000278e-02
5.000000000000000278e-02,3.009265035906121821e-01
4.245332175941502473e-01,5.000000000000000278e-02
5.000000000000000278e-02,5.000000000000000278e-02
5.000000000000000278e-02,5.000000000000000278e-02
5.000000000000000278e-02,5.000000000000000278e-02
5.000000000000000278e-02,5.000000000000000278e-02
5.000000000000000278e-02,5.000000000000000278e-02
5.000000000000000278e-02,5.000000000000000278e-02
5.000000000000000278e-02,5.000000000000000278e-02
5.000000000000000278e-02,5.000000000000000278e-02
5.000000000000000278e-02,6.981016083637036074e-01
5.000000000000000278e-02,5.000000000000000278e-02
5.000000000000000278e-02,5.000000000000000278e-02
5.000000000000000278e-02,5.000000000000000278e-02
5.000000000000000278e-02,5.000000000000000278e-02
5.000000000000000278e-02,5.000000000000000278e-02
5.000000000000000278e-02,5.000000000000000278e-02
5.000000000000000278e-02,5.000000000000000278e-02
2.998051837232011407e-01,5.000000000000000278e-02
5.000000000000000278e-02,5.000000000000000278e-02
5.000000000000000278e-02,5.000000000000000278e-02
5.000000000000000278e-02,5.000000000000000278e-02
5.000000000000000278e-02,5.000000000000000278e-02
5.000000000000000278e-02,5.000000000000000278e-02
1.040530961579815838e-01,5.000000000000000278e-02
5.000000000000000278e-02,5.000000000000000278e-02
5.000000000000000278e-02,5.000000000000000278e-02
5.000000000000000278e-02,5.000000000000000278e-02
5.000000000000000278e-02,5.000000000000000278e-02
6.174577187268588396e-01,9.491780986420975119e-02
5.000000000000000278e-02,5.534940330305010425e-01
5.000000000000000278e-02,5.000000000000000278e-02
2.067596340116395481e-01,5.000000000000000278e-02
3.338232450969852994e-01,5.000000000000000278e-02
5.000000000000000278e-02,5.000000000000000278e-02
5.000000000000000278e-02,5.000000000000000278e-02
5.000000000000000278e-02,5.000000000000000278e-02
5.000000000000000278e-02,5.000000000000000278e-02
5.000000000000000278e-02,5.000000000000000278e-02
6.702234095271600856e-01,5.000000000000000278e-02
5.000000000000000278e-02,5.000000000000000278e-02
5.000000000000000278e-02,4.118500306898789098e-01
5.000000000000000278e-02,4.814932469862049924e-01
5.000000000000000278e-02,5.000000000000000278e-02
5.000000000000000278e-02,5.000000000000000278e-02
5.000000000000000278e-02,5.000000000000000278e-02
5.000000000000000278e-02,5.000000000000000278e-02
5.000000000000000278e-02,9.833957421666955634e-02
5.000000000000000278e-02,4.464919774569965916e-01
3.192509926921773683e-02,5.000000000000000278e-02
4.872064152785422070e-02,5.000000000000000278e-02
5.813697944988827082e-01,2.470845700857747518e-01
3.551968637639093540e-01,2.583735189707756508e-01
5.000000000000000278e-02,5.000000000000000278e-02
5.000000000000000278e-02,5.000000000000000278e-02
5.000000000000000278e-02,5.000000000000000278e-02
5.000000000000000278e-02,2.293392636078702695e-01
5.000000000000000278e-02,2.149710929683091021e-01
5.000000000000000278e-02,5.000000000000000278e-02
5.000000000000000278e-02,5.000000000000000278e-02
5.000000000000000278e-02,5.000000000000000278e-02
4.508922087336744711e-02,4.611925621329070468e-01
3.891300668086252745e-01,5.000000000000000278e-02
5.000000000000000278e-02,5.000000000000000278e-02
5.000000000000000278e-02,5.000000000000000278e-02
4.616719925299344607e-01,5.000000000000000278e-02
5.000000000000000278e-02,5.000000000000000278e-02
5.000000000000000278e-02,5.000000000000000278e-02
5.000000000000000278e-02,5.000000000000000278e-02
5.000000000000000278e-02,5.000000000000000278e-02
1.121810836712364423e-01,5.000000000000000278e-02
2.493810798017060959e-01,5.000000000000000278e-02
5.000000000000000278e-02,5.000000000000000278e-02
5.000000000000000278e-02,5.000000000000000278e-02
5.000000000000000278e-02,5.000000000000000278e-02
5.000000000000000278e-02,5.000000000000000278e-02
5.000000000000000278e-02,5.000000000000000278e-02
5.548979242103986298e-01,5.000000000000000278e-02
5.000000000000000278e-02,4.290820109825360107e-01
5.000000000000000278e-02,5.000000000000000278e-02
4.391655050083788092e-01,5.000000000000000278e-02
5.000000000000000278e-02,5.000000000000000278e-02
5.000000000000000278e-02,5.000000000000000278e-02
5.000000000000000278e-02,5.000000000000000278e-02
5.000000000000000278e-02,5.000000000000000278e-02
5.000000000000000278e-02,5.000000000000000278e-02
5.000000000000000278e-02,5.000000000000000278e-02
5.000000000000000278e-02,5.000000000000000278e-02
5.000000000000000278e-02,5.000000000000000278e-02
5.000000000000000278e-02,5.000000000000000278e-02
5.000000000000000278e-02,5.000000000000000278e-02
5.000000000000000278e-02,5.000000000000000278e-02
5.000000000000000278e-02,3.181831249320029031e-01
5.000000000000000278e-02,2.379800756456462163e-01
5.000000000000000278e-02,5.000000000000000278e-02
5.000000000000000278e-02,5.000000000000000278e-02
5.000000000000000278e-02,3.197463714793051359e+00
5.000000000000000278e-02,5.000000000000000278e-02
5.000000000000000278e-02,5.000000000000000278e-02
5.000000000000000278e-02,5.000000000000000278e-02
5.000000000000000278e-02,3.987966485604775846e-01
5.000000000000000278e-02,5.000000000000000278e-02
5.000000000000000278e-02,5.000000000000000278e-02
5.000000000000000278e-02,5.000000000000000278e-02
5.000000000000000278e-02,5.000000000000000278e-02
5.000000000000000278e-02,5.000000000000000278e-02
5.000000000000000278e-02,5.000000000000000278e-02
5.000000000000000278e-02,5.000000000000000278e-02
5.961029946716722705e-01,5.000000000000000278e-02
5.000000000000000278e-02,5.000000000000000278e-02
5.000000000000000278e-02,5.000000000000000278e-02
1.592223004470719461e-01,5.000000000000000278e-02
2.220984459831548685e-01,5.000000000000000278e-02
5.000000000000000278e-02,5.000000000000000278e-02
5.000000000000000278e-02,5.000000000000000278e-02
5.000000000000000278e-02,5.000000000000000278e-02
1.160684422368381541e-01,5.000000000000000278e-02
7.613841740885585185e-01,1.206406938668493772e-01
5.000000000000000278e-02,1.917487142803694644e-01
5.000000000000000278e-02,5.000000000000000278e-02
5.000000000000000278e-02,5.000000000000000278e-02
5.000000000000000278e-02,5.000000000000000278e-02
5.193588642193169846e-01,5.000000000000000278e-02
5.000000000000000278e-02,5.000000000000000278e-02
5.000000000000000278e-02,5.000000000000000278e-02
5.000000000000000278e-02,4.222118740294290573e-01
5.000000000000000278e-02,5.000000000000000278e-02
5.000000000000000278e-02,5.000000000000000278e-02
5.000000000000000278e-02,4.661037462401962372e-01
5.000000000000000278e-02,4.824888614670567732e-01
5.000000000000000278e-02,5.000000000000000278e-02
5.000000000000000278e-02,3.737016389669296501e-01
5.000000000000000278e-02,5.000000000000000278e-02
5.000000000000000278e-02,5.000000000000000278e-02
5.000000000000000278e-02,5.000000000000000278e-02
5.000000000000000278e-02,6.516261850361180219e-01
5.000000000000000278e-02,5.000000000000000278e-02
5.000000000000000278e-02,5.000000000000000278e-02
5.000000000000000278e-02,6.974131893133024285e-01
5.000000000000000278e-02,5.000000000000000278e-02
4.846900296554337295e-01,5.000000000000000278e-02
6.563101778583811940e-01,5.000000000000000278e-02
5.000000000000000278e-02,5.000000000000000278e-02
5.000000000000000278e-02,5.000000000000000278e-02
5.000000000000000278e-02,5.000000000000000278e-02
5.000000000000000278e-02,5.000000000000000278e-02
5.000000000000000278e-02,5.000000000000000278e-02
5.000000000000000278e-02,5.000000000000000278e-02
5.000000000000000278e-02,5.000000000000000278e-02
1.256148153575719628e-01,5.000000000000000278e-02
2.402957930037925849e-01,5.000000000000000278e-02
5.000000000000000278e-02,5.000000000000000278e-02
5.000000000000000278e-02,5.000000000000000278e-02
5.000000000000000278e-02,5.000000000000000278e-02
1.942929563086110145e-01,5.000000000000000278e-02
1.646395791016405097e-01,5.000000000000000278e-02
7.242155909804618430e-01,5.000000000000000278e-02
5.000000000000000278e-02,5.000000000000000278e-02
5.000000000000000278e-02,5.000000000000000278e-02
5.000000000000000278e-02,3.413129367323425867e-01
3.170038043671892791e-01,4.347178104485960315e-01
5.000000000000000278e-02,5.000000000000000278e-02
5.000000000000000278e-02,5.000000000000000278e-02
5.000000000000000278e-02,4.822795999945029832e-01
5.000000000000000278e-02,5.000000000000000278e-02
5.000000000000000278e-02,5.000000000000000278e-02
4.808040824703186944e-01,5.000000000000000278e-02
5.000000000000000278e-02,5.000000000000000278e-02
5.000000000000000278e-02,5.135265966362214662e-01
5.000000000000000278e-02,5.000000000000000278e-02
1.546212868064174573e-01,5.000000000000000278e-02
4.393945238517140556e-02,5.000000000000000278e-02
5.534481793578847064e-01,5.000000000000000278e-02
5.000000000000000278e-02,5.000000000000000278e-02
5.000000000000000278e-02,5.000000000000000278e-02
5.000000000000000278e-02,5.000000000000000278e-02
2.590749107538191098e-01,5.000000000000000278e-02
4.403617088359388920e-01,5.000000000000000278e-02
5.000000000000000278e-02,5.000000000000000278e-02
2.718747309059675876e-01,5.000000000000000278e-02
5.000000000000000278e-02,7.588641402825073434e-02
5.000000000000000278e-02,4.704663497201579947e-01
5.000000000000000278e-02,5.000000000000000278e-02
5.000000000000000278e-02,5.000000000000000278e-02
7.851631658531113556e-02,3.404613597101213696e-01
2.998515164927287868e-01,7.055218461743547609e-01
5.000000000000000278e-02,5.000000000000000278e-02
5.000000000000000278e-02,5.000000000000000278e-02
5.000000000000000278e-02,5.000000000000000278e-02
5.000000000000000278e-02,5.000000000000000278e-02
5.000000000000000278e-02,5.000000000000000278e-02
5.000000000000000278e-02,5.000000000000000278e-02
5.000000000000000278e-02,5.000000000000000278e-02
5.000000000000000278e-02,1.290674915592678884e-01
5.000000000000000278e-02,2.092828521151555987e-01
2.925955410224877484e-01,1.730294547397285554e-01
5.000000000000000278e-02,3.241394194486988400e-01
5.000000000000000278e-02,5.000000000000000278e-02
5.000000000000000278e-02,5.000000000000000278e-02
5.000000000000000278e-02,4.390360051190687618e-01
5.000000000000000278e-02,4.208964293580435556e-01
5.000000000000000278e-02,5.670078317651950917e-01
2.258961058310419989e-01,5.000000000000000278e-02
5.000000000000000278e-02,5.000000000000000278e-02
5.000000000000000278e-02,5.000000000000000278e-02
5.000000000000000278e-02,4.993380933686210055e-01
5.000000000000000278e-02,5.000000000000000278e-02
1.353203841943400321e-01,1.578518116670979410e-01
3.236239068953973841e-01,5.000000000000000278e-02
5.000000000000000278e-02,5.000000000000000278e-02
5.000000000000000278e-02,5.000000000000000278e-02
5.000000000000000278e-02,5.000000000000000278e-02
3.315065090101315670e-01,5.000000000000000278e-02
6.998659541596593536e-01,5.717711289079527859e-01
5.000000000000000278e-02,5.000000000000000278e-02
5.000000000000000278e-02,5.000000000000000278e-02
5.000000000000000278e-02,5.000000000000000278e-02
5.000000000000000278e-02,5.000000000000000278e-02
5.000000000000000278e-02,5.000000000000000278e-02
5.000000000000000278e-02,5.000000000000000278e-02
5.000000000000000278e-02,5.000000000000000278e-02
5.000000000000000278e-02,5.000000000000000278e-02
4.661678674108001297e-01,5.000000000000000278e-02
5.000000000000000278e-02,5.000000000000000278e-02
5.000000000000000278e-02,5.000000000000000278e-02
5.000000000000000278e-02,5.000000000000000278e-02
5.000000000000000278e-02,5.000000000000000278e-02
5.000000000000000278e-02,5.000000000000000278e-02
5.000000000000000278e-02,3.684969791441449760e-01
5.000000000000000278e-02,5.000000000000000278e-02
5.000000000000000278e-02,5.000000000000000278e-02
5.000000000000000278e-02,6.031585733992647080e-01
5.000000000000000278e-02,5.000000000000000278e-02
4.493730745863095954e-01,4.727019465634402784e-01
5.000000000000000278e-02,5.000000000000000278e-02
5.203875646019882062e-01,5.000000000000000278e-02
5.000000000000000278e-02,4.662758552901594689e-01
1.174775181043447025e-01,4.045186287014070903e-01
3.210989210121324433e-01,5.000000000000000278e-02
5.000000000000000278e-02,5.000000000000000278e-02
5.000000000000000278e-02,5.000000000000000278e-02
5.000000000000000278e-02,5.000000000000000278e-02
5.000000000000000278e-02,6.160426848848442605e-01
5.669964206408579788e-01,5.000000000000000278e-02
5.000000000000000278e-02,5.000000000000000278e-02
3.809859053254502914e-01,5.000000000000000278e-02
5.000000000000000278e-02,1.405736197041055902e-01
5.000000000000000278e-02,1.347852167305334803e-01
3.467290890260206482e-02,6.106411258076324122e-01
1.540322175250903591e-01,5.000000000000000278e-02
1.793605605127598923e-01,3.306518015267296828e-01
5.000000000000000278e-02,5.000000000000000278e-02
5.000000000000000278e-02,4.088015625206397052e-01
5.000000000000000278e-02,5.000000000000000278e-02
5.000000000000000278e-02,5.000000000000000278e-02
5.000000000000000278e-02,6.355014901996483001e-01
5.000000000000000278e-02,5.000000000000000278e-02
4.810780163700996148e-01,5.000000000000000278e-02
5.000000000000000278e-02,5.000000000000000278e-02
5.000000000000000278e-02,4.582021474657419491e-01
4.007405969272010426e-01,5.000000000000000278e-02
5.000000000000000278e-02,6.476775556968304981e-01
5.000000000000000278e-02,5.000000000000000278e-02
5.000000000000000278e-02,5.000000000000000278e-02
5.000000000000000278e-02,8.668708325527726966e-02
5.000000000000000278e-02,4.618579285340843610e-01
6.551242698018507893e-01,5.000000000000000278e-02
5.000000000000000278e-02,5.000000000000000278e-02
5.000000000000000278e-02,1.220641217573016496e-01
6.999126640247531617e-01,7.270849484763527437e-01
5.000000000000000278e-02,5.000000000000000278e-02
5.000000000000000278e-02,5.000000000000000278e-02
6.839080179956316119e-01,3.739666107161212505e-01
5.000000000000000278e-02,5.000000000000000278e-02
5.000000000000000278e-02,5.000000000000000278e-02
5.000000000000000278e-02,5.000000000000000278e-02
5.000000000000000278e-02,5.000000000000000278e-02
5.000000000000000278e-02,4.003227178028035960e-01
5.000000000000000278e-02,3.818839412985777781e-01
5.000000000000000278e-02,5.000000000000000278e-02
5.000000000000000278e-02,6.871248809316101713e-01
5.000000000000000278e-02,5.000000000000000278e-02
3.348784602325647342e+00,5.000000000000000278e-02
5.000000000000000278e-02,5.000000000000000278e-02
5.729548688244782140e-01,5.000000000000000278e-02
5.000000000000000278e-02,5.000000000000000278e-02
5.000000000000000278e-02,5.000000000000000278e-02
5.390433276517544448e-01,5.000000000000000278e-02
5.000000000000000278e-02,5.000000000000000278e-02
5.000000000000000278e-02,2.477843343283107069e-01
5.265615527873114265e-01,1.945717400477788572e-01
5.000000000000000278e-02,5.000000000000000278e-02
5.000000000000000278e-02,5.000000000000000278e-02
5.000000000000000278e-02,5.000000000000000278e-02
5.000000000000000278e-02,5.000000000000000278e-02
5.000000000000000278e-02,6.375622179338160667e-01
5.000000000000000278e-02,5.000000000000000278e-02
5.000000000000000278e-02,5.000000000000000278e-02
5.000000000000000278e-02,5.566837886858415629e-01
5.000000000000000278e-02,5.000000000000000278e-02
5.000000000000000278e-02,5.000000000000000278e-02
5.000000000000000278e-02,5.000000000000000278e-02
5.000000000000000278e-02,5.000000000000000278e-02
1.227631987528936541e-01,5.000000000000000278e-02
5.813527102408536651e-01,5.000000000000000278e-02
5.000000000000000278e-02,5.000000000000000278e-02
5.000000000000000278e-02,5.000000000000000278e-02
5.000000000000000278e-02,2.986741826191592342e-01
5.000000000000000278e-02,5.000000000000000278e-02
5.000000000000000278e-02,5.000000000000000278e-02
5.000000000000000278e-02,5.000000000000000278e-02
5.000000000000000278e-02,3.271600999120887754e-01
5.000000000000000278e-02,5.359346242589141385e-01
5.000000000000000278e-02,5.000000000000000278e-02
5.000000000000000278e-02,1.396189304021562272e-01
5.000000000000000278e-02,5.000000000000000278e-02
5.000000000000000278e-02,5.000000000000000278e-02
5.000000000000000278e-02,5.000000000000000278e-02
5.000000000000000278e-02,6.581807337894263199e-01
5.000000000000000278e-02,5.000000000000000278e-02
5.000000000000000278e-02,5.000000000000000278e-02
5.000000000000000278e-02,1.971928109927065520e-01
5.000000000000000278e-02,4.802002310020971332e-01
5.000000000000000278e-02,5.000000000000000278e-02
5.000000000000000278e-02,6.297043748331774271e-01
5.000000000000000278e-02,5.000000000000000278e-02
5.000000000000000278e-02,5.000000000000000278e-02
5.000000000000000278e-02,5.000000000000000278e-02
2.211009589184988744e-01,3.824595634857558268e-01
1.412161710705890361e-01,5.564614521289528160e-01
6.605876040508863456e-01,5.000000000000000278e-02
5.000000000000000278e-02,5.000000000000000278e-02
5.000000000000000278e-02,5.000000000000000278e-02
5.786673270708611039e-01,5.000000000000000278e-02
5.000000000000000278e-02,5.000000000000000278e-02
5.000000000000000278e-02,5.000000000000000278e-02
5.000000000000000278e-02,2.987150882842266597e-01
5.000000000000000278e-02,5.000000000000000278e-02
5.000000000000000278e-02,5.000000000000000278e-02
1.038295005608436961e-01,5.000000000000000278e-02
3.063419413999851071e-01,3.852058045733331992e-01
5.000000000000000278e-02,5.000000000000000278e-02
5.000000000000000278e-02,5.000000000000000278e-02
5.000000000000000278e-02,5.000000000000000278e-02
5.000000000000000278e-02,5.000000000000000278e-02
5.000000000000000278e-02,5.000000000000000278e-02
5.000000000000000278e-02,4.641780144568410926e-01
5.000000000000000278e-02,5.000000000000000278e-02
5.000000000000000278e-02,5.000000000000000278e-02
5.000000000000000278e-02,5.000000000000000278e-02
5.000000000000000278e-02,5.000000000000000278e-02
5.000000000000000278e-02,5.000000000000000278e-02
5.000000000000000278e-02,5.000000000000000278e-02
3.239662803009645820e-01,5.000000000000000278e-02
5.000000000000000278e-02,5.000000000000000278e-02
5.000000000000000278e-02,5.000000000000000278e-02
5.000000000000000278e-02,5.000000000000000278e-02
5.202563038519869565e-01,5.000000000000000278e-02
5.000000000000000278e-02,5.000000000000000278e-02
5.000000000000000278e-02,5.000000000000000278e-02
1.638787020568704678e-01,3.743249876730730952e-01
5.000000000000000278e-02,5.000000000000000278e-02
5.000000000000000278e-02,1.592117793702940709e-01
5.000000000000000278e-02,5.000000000000000278e-02
5.000000000000000278e-02,5.000000000000000278e-02
2.344978710401032507e-01,5.000000000000000278e-02
3.462710276000949827e-01,5.000000000000000278e-02
5.000000000000000278e-02,5.000000000000000278e-02
5.000000000000000278e-02,5.000000000000000278e-02
2.654391894436266552e-01,5.000000000000000278e-02
5.000000000000000278e-02,5.000000000000000278e-02
3.158572016260867699e-01,5.000000000000000278e-02
5.000000000000000278e-02,3.890408583677894550e-01
5.000000000000000278e-02,3.797513951645555830e-01
5.000000000000000278e-02,3.600745763085358431e-01
5.000000000000000278e-02,5.000000000000000278e-02
5.000000000000000278e-02,5.000000000000000278e-02
5.000000000000000278e-02,5.000000000000000278e-02
5.472535307568577867e-01,5.000000000000000278e-02
5.000000000000000278e-02,5.079858246762669616e-01
5.000000000000000278e-02,5.000000000000000278e-02
5.000000000000000278e-02,5.000000000000000278e-02
2.834838951280148622e-01,5.000000000000000278e-02
3.189647306223936662e-01,5.000000000000000278e-02
3.741287196124212233e-01,5.000000000000000278e-02
5.000000000000000278e-02,4.586001889339850757e-01
2.702648949385843546e-01,5.000000000000000278e-02
9.788422597730798980e-02,5.000000000000000278e-02
1.830026276128782492e-01,5.000000000000000278e-02
7.332504143502657223e-01,5.000000000000000278e-02
5.000000000000000278e-02,5.000000000000000278e-02
5.000000000000000278e-02,5.000000000000000278e-02
5.000000000000000278e-02,5.000000000000000278e-02
5.000000000000000278e-02,5.000000000000000278e-02
5.000000000000000278e-02,5.000000000000000278e-02
3.927616269350922007e-01,5.000000000000000278e-02
5.000000000000000278e-02,5.000000000000000278e-02
5.000000000000000278e-02,5.000000000000000278e-02
5.000000000000000278e-02,5.000000000000000278e-02
5.000000000000000278e-02,5.000000000000000278e-02
5.000000000000000278e-02,3.595819968901788899e-01
5.000000000000000278e-02,5.460579946468269164e-01
5.000000000000000278e-02,5.234211677239837268e-01
5.000000000000000278e-02,5.000000000000000278e-02
5.000000000000000278e-02,5.000000000000000278e-02
5.000000000000000278e-02,5.000000000000000278e-02
5.000000000000000278e-02,5.000000000000000278e-02
5.000000000000000278e-02,4.837224630859245367e-01
5.000000000000000278e-02,5.000000000000000278e-02
5.000000000000000278e-02,5.000000000000000278e-02
5.124643903416072899e-01,5.502640068675909157e-01
2.062107241206220520e-01,5.000000000000000278e-02
5.000000000000000278e-02,5.000000000000000278e-02
5.000000000000000278e-02,6.812653316427980110e-01
5.000000000000000278e-02,5.000000000000000278e-02
5.000000000000000278e-02,5.000000000000000278e-02
5.000000000000000278e-02,5.000000000000000278e-02
5.000000000000000278e-02,5.000000000000000278e-02
5.000000000000000278e-02,5.000000000000000278e-02
5.409055854028819166e-01,5.000000000000000278e-02
5.000000000000000278e-02,5.000000000000000278e-02
5.000000000000000278e-02,5.000000000000000278e-02
5.000000000000000278e-02,3.491123926636484076e-01
5.000000000000000278e-02,5.000000000000000278e-02
5.000000000000000278e-02,5.000000000000000278e-02
5.000000000000000278e-02,5.000000000000000278e-02
5.000000000000000278e-02,5.000000000000000278e-02
5.000000000000000278e-02,6.484840939201905741e-01
5.000000000000000278e-02,5.000000000000000278e-02
5.000000000000000278e-02,5.000000000000000278e-02
3.824477009894625690e-01,5.000000000000000278e-02
5.000000000000000278e-02,5.000000000000000278e-02
5.000000000000000278e-02,5.000000000000000278e-02
5.000000000000000278e-02,5.000000000000000278e-02
2.816906979444783188e-01,5.000000000000000278e-02
3.520856052597342578e-01,5.000000000000000278e-02
5.000000000000000278e-02,5.000000000000000278e-02
5.000000000000000278e-02,5.000000000000000278e-02
5.000000000000000278e-02,5.000000000000000278e-02
3.203836384202345400e-01,5.000000000000000278e-02
5.291129043488015382e-01,5.000000000000000278e-02
1.991120364994798109e-01,5.000000000000000278e-02
5.000000000000000278e-02,5.000000000000000278e-02
5.000000000000000278e-02,4.344126596501445281e-01
5.555994289562267152e-01,5.000000000000000278e-02
5.000000000000000278e-02,5.000000000000000278e-02
5.000000000000000278e-02,5.000000000000000278e-02
5.000000000000000278e-02,5.000000000000000278e-02
5.000000000000000278e-02,5.000000000000000278e-02
5.000000000000000278e-02,5.000000000000000278e-02
5.826715157743559415e-01,5.000000000000000278e-02
5.000000000000000278e-02,5.000000000000000278e-02
5.000000000000000278e-02,5.000000000000000278e-02
3.333437056892860628e-01,5.000000000000000278e-02
4.866052754292585769e-01,5.000000000000000278e-02
5.000000000000000278e-02,5.000000000000000278e-02
5.000000000000000278e-02,5.000000000000000278e-02
5.000000000000000278e-02,5.000000000000000278e-02
5.000000000000000278e-02,5.000000000000000278e-02
3.240260593538534795e-01,5.000000000000000278e-02
5.000000000000000278e-02,5.000000000000000278e-02
5.000000000000000278e-02,5.000000000000000278e-02
5.000000000000000278e-02,5.000000000000000278e-02
5.000000000000000278e-02,5.000000000000000278e-02
5.025368585144968092e-01,5.000000000000000278e-02
5.000000000000000278e-02,5.000000000000000278e-02
5.000000000000000278e-02,5.000000000000000278e-02
5.000000000000000278e-02,5.000000000000000278e-02
7.682538694412791580e-01,5.000000000000000278e-02
5.000000000000000278e-02,5.000000000000000278e-02
5.000000000000000278e-02,5.282328360052533922e-01
6.022686616259747411e-02,2.798589798027443232e-01
5.064784942492654984e-01,5.000000000000000278e-02
5.000000000000000278e-02,5.000000000000000278e-02
5.000000000000000278e-02,1.925968502533015048e-01
7.370874936388810417e-02,1.937070377589075187e-01
4.463983289720110381e-01,2.460795972838177303e-01
5.000000000000000278e-02,5.000000000000000278e-02
5.000000000000000278e-02,5.000000000000000278e-02
5.000000000000000278e-02,5.000000000000000278e-02
5.000000000000000278e-02,5.000000000000000278e-02
1.091062363701321147e-01,6.303969796833087669e-01
1.013478228762849931e-01,5.000000000000000278e-02
5.000000000000000278e-02,5.000000000000000278e-02
4.544862633965736642e-01,6.468931605002026242e-02
5.000000000000000278e-02,6.973347086717053278e-01
5.000000000000000278e-02,5.000000000000000278e-02
5.000000000000000278e-02,3.820932066728862098e-01
5.000000000000000278e-02,5.000000000000000278e-02
5.000000000000000278e-02,5.000000000000000278e-02
1.342212705684603102e-01,5.000000000000000278e-02
3.080556714766244375e-01,3.150665011109698987e-01
5.000000000000000278e-02,5.000000000000000278e-02
5.000000000000000278e-02,5.000000000000000278e-02
5.000000000000000278e-02,5.000000000000000278e-02
5.832722546384926376e-01,5.000000000000000278e-02
5.000000000000000278e-02,5.000000000000000278e-02
5.000000000000000278e-02,5.000000000000000278e-02
5.000000000000000278e-02,5.000000000000000278e-02
5.000000000000000278e-02,5.000000000000000278e-02
6.106237491365554826e-01,5.000000000000000278e-02
3.347309322097889450e-01,5.000000000000000278e-02
5.000000000000000278e-02,5.000000000000000278e-02
5.000000000000000278e-02,5.000000000000000278e-02
3.170391802240055124e-01,5.000000000000000278e-02
5.000000000000000278e-02,4.003125792523158366e-01
5.000000000000000278e-02,5.258217543148152595e-01
5.000000000000000278e-02,5.000000000000000278e-02
2.707832144905676364e-01,5.000000000000000278e-02
5.000000000000000278e-02,5.000000000000000278e-02
5.000000000000000278e-02,5.000000000000000278e-02
3.267261250404512873e-01,5.000000000000000278e-02
5.000000000000000278e-02,5.000000000000000278e-02
5.000000000000000278e-02,2.185711566504570380e-01
5.000000000000000278e-02,5.058341111188391359e-01
5.000000000000000278e-02,5.000000000000000278e-02
1.688478910557580370e-01,5.000000000000000278e-02
5.570730683881044421e-01,5.000000000000000278e-02
5.000000000000000278e-02,5.000000000000000278e-02
5.000000000000000278e-02,5.000000000000000278e-02
5.000000000000000278e-02,5.000000000000000278e-02
4.266900147178984137e-01,5.000000000000000278e-02
5.000000000000000278e-02,5.000000000000000278e-02
5.000000000000000278e-02,5.000000000000000278e-02
5.000000000000000278e-02,5.000000000000000278e-02
5.000000000000000278e-02,1.235074074050209608e-01
5.000000000000000278e-02,6.080735522477896948e-01
5.000000000000000278e-02,5.431311232605380290e-01
2.823729341280993843e-01,5.000000000000000278e-02
5.000000000000000278e-02,5.000000000000000278e-02
5.000000000000000278e-02,5.000000000000000278e-02
5.000000000000000278e-02,5.000000000000000278e-02
5.000000000000000278e-02,2.693367154498698679e-01
5.000000000000000278e-02,5.000000000000000278e-02
5.000000000000000278e-02,5.000000000000000278e-02
5.000000000000000278e-02,5.000000000000000278e-02
5.000000000000000278e-02,5.000000000000000278e-02
5.000000000000000278e-02,5.000000000000000278e-02
5.000000000000000278e-02,5.000000000000000278e-02
5.000000000000000278e-02,5.000000000000000278e-02
5.000000000000000278e-02,5.000000000000000278e-02
5.000000000000000278e-02,5.816045939172308499e-01
5.000000000000000278e-02,5.000000000000000278e-02
5.000000000000000278e-02,5.000000000000000278e-02
3.751154541598747394e-01,5.000000000000000278e-02
5.000000000000000278e-02,5.000000000000000278e-02
5.000000000000000278e-02,6.176576977266189789e-02
5.000000000000000278e-02,1.166174358970006597e-01
5.000000000000000278e-02,1.942741359302450066e-01
5.000000000000000278e-02,5.000000000000000278e-02
5.000000000000000278e-02,5.000000000000000278e-02
5.000000000000000278e-02,5.000000000000000278e-02
5.000000000000000278e-02,5.000000000000000278e-02
5.000000000000000278e-02,5.000000000000000278e-02
5.000000000000000278e-02,5.000000000000000278e-02
6.455490336933592532e-01,4.252842502795435853e-01
2.439630936198955991e-01,3.339913388140852701e-01
4.929489104843114422e-01,5.000000000000000278e-02
5.000000000000000278e-02,5.000000000000000278e-02
2.622092850412031662e-01,5.000000000000000278e-02
6.407354830148356273e-01,5.000000000000000278e-02
5.000000000000000278e-02,5.000000000000000278e-02
5.000000000000000278e-02,5.000000000000000278e-02
5.000000000000000278e-02,5.000000000000000278e-02
5.000000000000000278e-02,5.000000000000000278e-02
5.000000000000000278e-02,5.000000000000000278e-02
5.000000000000000278e-02,5.140213199908910680e-01
5.000000000000000278e-02,5.000000000000000278e-02
5.000000000000000278e-02,5.000000000000000278e-02
3.284182585593136139e-01,3.273520781687913495e+00
5.060534704127555017e-01,5.000000000000000278e-02
5.000000000000000278e-02,1.008207421637454942e-01
5.000000000000000278e-02,1.247018085013259781e-01
5.000000000000000278e-02,6.353341387701679777e-01
5.000000000000000278e-02,5.000000000000000278e-02
5.000000000000000278e-02,5.000000000000000278e-02
5.000000000000000278e-02,5.000000000000000278e-02
5.000000000000000278e-02,5.000000000000000278e-02
5.000000000000000278e-02,5.000000000000000278e-02
1.470387519054308367e-01,5.000000000000000278e-02
5.560636775741413240e-01,5.000000000000000278e-02
5.000000000000000278e-02,5.000000000000000278e-02
5.000000000000000278e-02,5.000000000000000278e-02
5.000000000000000278e-02,5.000000000000000278e-02
5.000000000000000278e-02,5.000000000000000278e-02
5.000000000000000278e-02,5.000000000000000278e-02
5.000000000000000278e-02,5.000000000000000278e-02
5.000000000000000278e-02,5.434881079237821044e-01
5.000000000000000278e-02,5.000000000000000278e-02
5.000000000000000278e-02,5.000000000000000278e-02
5.000000000000000278e-02,5.275842568144397671e-01
5.000000000000000278e-02,5.000000000000000278e-02
5.000000000000000278e-02,5.000000000000000278e-02
5.000000000000000278e-02,5.000000000000000278e-02
5.000000000000000278e-02,5.000000000000000278e-02
7.210623319501047179e-01,4.449290422931300171e-01
4.662111156762477893e-01,3.243508364784550846e-01
5.000000000000000278e-02,4.344435214076607932e-01
5.000000000000000278e-02,5.000000000000000278e-02
5.000000000000000278e-02,4.621032537592479894e-01
5.000000000000000278e-02,5.000000000000000278e-02
2.493401175249016777e-01,1.776923401843134576e-01
4.635271581502296012e-01,5.000000000000000278e-02
5.000000000000000278e-02,5.000000000000000278e-02
5.000000000000000278e-02,5.000000000000000278e-02
5.000000000000000278e-02,3.234437975492440720e-01
5.452634942916808614e-01,5.000000000000000278e-02
5.000000000000000278e-02,5.000000000000000278e-02
5.000000000000000278e-02,5.000000000000000278e-02
3.921163353302335453e-01,5.000000000000000278e-02
5.000000000000000278e-02,6.281298789932868165e-02
5.000000000000000278e-02,5.000000000000000278e-02
5.000000000000000278e-02,5.000000000000000278e-02
5.000000000000000278e-02,5.000000000000000278e-02
5.000000000000000278e-02,5.000000000000000278e-02
5.000000000000000278e-02,5.000000000000000278e-02
5.000000000000000278e-02,5.000000000000000278e-02
5.000000000000000278e-02,4.957728558807197872e-01
1.405428880667264346e-01,5.000000000000000278e-02
1.781281931022883069e-01,5.000000000000000278e-02
5.000000000000000278e-02,2.049955949825428558e-01
5.000000000000000278e-02,5.000000000000000278e-02
5.000000000000000278e-02,5.000000000000000278e-02
5.000000000000000278e-02,2.126183660672095466e-01
5.000000000000000278e-02,5.000000000000000278e-02
5.000000000000000278e-02,5.000000000000000278e-02
5.000000000000000278e-02,5.000000000000000278e-02
5.000000000000000278e-02,5.000000000000000278e-02
5.000000000000000278e-02,5.000000000000000278e-02
6.768635915382534285e-02,5.000000000000000278e-02
7.266450178062238141e-01,8.873689628762355952e-02
5.000000000000000278e-02,1.901450934060659181e-01
5.000000000000000278e-02,5.000000000000000278e-02
4.074295960586439835e-01,5.000000000000000278e-02
4.329423996718060885e-01,5.000000000000000278e-02
5.000000000000000278e-02,5.000000000000000278e-02
7.217457644675613349e-01,5.000000000000000278e-02
5.000000000000000278e-02,5.000000000000000278e-02
5.000000000000000278e-02,5.685118813279164129e-01
6.643897888626582038e-02,5.000000000000000278e-02
5.017812392022860113e-01,5.000000000000000278e-02
5.000000000000000278e-02,5.366810467032864240e-01
5.000000000000000278e-02,5.000000000000000278e-02
5.000000000000000278e-02,5.000000000000000278e-02
5.176269111354024899e-01,5.000000000000000278e-02
5.000000000000000278e-02,5.000000000000000278e-02
5.000000000000000278e-02,5.000000000000000278e-02
5.000000000000000278e-02,5.000000000000000278e-02
5.000000000000000278e-02,5.000000000000000278e-02
3.632118449306555030e-01,2.558970404178989577e-01
5.367464514787596563e-01,5.000000000000000278e-02
5.000000000000000278e-02,5.000000000000000278e-02
5.000000000000000278e-02,7.518518135609501829e-02
5.000000000000000278e-02,7.440117331133337675e-02
5.000000000000000278e-02,4.821296452758284112e-01
5.000000000000000278e-02,5.000000000000000278e-02
5.000000000000000278e-02,5.000000000000000278e-02
5.000000000000000278e-02,5.000000000000000278e-02
5.000000000000000278e-02,5.000000000000000278e-02
5.000000000000000278e-02,5.000000000000000278e-02
5.000000000000000278e-02,5.000000000000000278e-02
5.000000000000000278e-02,1.306385645743398938e-01
5.000000000000000278e-02,5.000000000000000278e-02
5.000000000000000278e-02,5.000000000000000278e-02
5.000000000000000278e-02,5.000000000000000278e-02
6.098325363183766390e-01,5.000000000000000278e-02
5.000000000000000278e-02,5.000000000000000278e-02
5.000000000000000278e-02,5.000000000000000278e-02
5.000000000000000278e-02,2.143293415696324589e-01
5.000000000000000278e-02,5.000000000000000278e-02
5.000000000000000278e-02,5.000000000000000278e-02
4.165303877504614727e-01,5.000000000000000278e-02
5.000000000000000278e-02,5.154184604875422515e-01
5.000000000000000278e-02,5.000000000000000278e-02
5.000000000000000278e-02,5.000000000000000278e-02
5.000000000000000278e-02,5.000000000000000278e-02
5.000000000000000278e-02,5.000000000000000278e-02
6.181615442843265695e-01,5.000000000000000278e-02
5.000000000000000278e-02,5.000000000000000278e-02
5.000000000000000278e-02,5.000000000000000278e-02
4.869492308660499646e-01,5.000000000000000278e-02
5.000000000000000278e-02,5.000000000000000278e-02
5.000000000000000278e-02,6.533195367460790104e-01
5.000000000000000278e-02,5.000000000000000278e-02
5.000000000000000278e-02,5.000000000000000278e-02
5.000000000000000278e-02,5.000000000000000278e-02
5.000000000000000278e-02,5.156830923681307022e-01
5.000000000000000278e-02,5.000000000000000278e-02
5.000000000000000278e-02,5.000000000000000278e-02
5.000000000000000278e-02,5.000000000000000278e-02
5.000000000000000278e-02,5.000000000000000278e-02
1.688780648269523621e-01,5.000000000000000278e-02
4.734368196813095175e-01,5.000000000000000278e-02
5.000000000000000278e-02,5.000000000000000278e-02
5.000000000000000278e-02,5.000000000000000278e-02
1.384224146403355005e-01,5.000000000000000278e-02
5.000000000000000278e-02,5.000000000000000278e-02
5.000000000000000278e-02,5.000000000000000278e-02
5.499703559715699575e-01,5.000000000000000278e-02
5.000000000000000278e-02,5.000000000000000278e-02
5.000000000000000278e-02,5.000000000000000278e-02
5.000000000000000278e-02,5.000000000000000278e-02
5.000000000000000278e-02,5.000000000000000278e-02
5.000000000000000278e-02,3.058361317838726445e-01
5.527773447076171909e-01,5.000000000000000278e-02
4.038828750926994893e-01,5.000000000000000278e-02
5.000000000000000278e-02,4.845555166439967643e-01
5.000000000000000278e-02,5.000000000000000278e-02
5.000000000000000278e-02,5.000000000000000278e-02
5.000000000000000278e-02,5.000000000000000278e-02
5.000000000000000278e-02,5.000000000000000278e-02
5.000000000000000278e-02,5.000000000000000278e-02
5.000000000000000278e-02,1.772745080308485710e-01
5.000000000000000278e-02,5.000000000000000278e-02
5.000000000000000278e-02,5.000000000000000278e-02
5.000000000000000278e-02,5.000000000000000278e-02
3.505437672468973420e-01,5.000000000000000278e-02
5.000000000000000278e-02,8.494650890097538154e-02
5.000000000000000278e-02,5.000000000000000278e-02
5.000000000000000278e-02,5.000000000000000278e-02
4.047624623023506896e-01,5.425123860298157741e-01
5.000000000000000278e-02,5.000000000000000278e-02
5.000000000000000278e-02,5.000000000000000278e-02
7.737413587463330689e-02,5.000000000000000278e-02
4.750777916535450784e-01,1.480297459028508955e-01
5.000000000000000278e-02,1.946414371585614700e-01
5.000000000000000278e-02,5.000000000000000278e-02
5.000000000000000278e-02,5.000000000000000278e-02
5.000000000000000278e-02,5.000000000000000278e-02
1.561727884514478026e-01,5.000000000000000278e-02
5.000000000000000278e-02,5.000000000000000278e-02
5.000000000000000278e-02,5.000000000000000278e-02
5.000000000000000278e-02,5.000000000000000278e-02
3.161638117051319141e-01,5.000000000000000278e-02
5.000000000000000278e-02,5.000000000000000278e-02
5.000000000000000278e-02,5.000000000000000278e-02
5.000000000000000278e-02,5.899297035953841029e-01
5.000000000000000278e-02,5.000000000000000278e-02
4.127872156500839163e-01,5.000000000000000278e-02
5.000000000000000278e-02,2.615853542955061117e-01
5.000000000000000278e-02,5.000000000000000278e-02
4.944526222752635425e-01,5.000000000000000278e-02
5.000000000000000278e-02,4.717879917303306470e-01
5.000000000000000278e-02,5.000000000000000278e-02
5.000000000000000278e-02,6.126592100235384031e-01
5.000000000000000278e-02,3.604523830770982040e-01
5.000000000000000278e-02,5.000000000000000278e-02
5.000000000000000278e-02,5.000000000000000278e-02
2.665428733355262869e-01,5.000000000000000278e-02
1.658858128905763563e-01,5.000000000000000278e-02
5.000000000000000278e-02,5.000000000000000278e-02
5.000000000000000278e-02,5.000000000000000278e-02
5.000000000000000278e-02,5.000000000000000278e-02
1.617054687207835906e-01,5.000000000000000278e-02
7.120382048750842907e-01,5.000000000000000278e-02
5.000000000000000278e-02,5.000000000000000278e-02
5.000000000000000278e-02,5.000000000000000278e-02
5.000000000000000278e-02,5.000000000000000278e-02
5.000000000000000278e-02,5.000000000000000278e-02
4.054766520970742860e-01,5.000000000000000278e-02
5.000000000000000278e-02,5.000000000000000278e-02
5.000000000000000278e-02,5.000000000000000278e-02
5.000000000000000278e-02,5.000000000000000278e-02
4.007959549034876418e-02,5.000000000000000278e-02
2.056123429686647353e-01,5.000000000000000278e-02
6.148447256600843014e-01,5.000000000000000278e-02
5.000000000000000278e-02,5.000000000000000278e-02
5.000000000000000278e-02,5.000000000000000278e-02
5.000000000000000278e-02,5.000000000000000278e-02
5.000000000000000278e-02,5.000000000000000278e-02
5.000000000000000278e-02,5.000000000000000278e-02
5.000000000000000278e-02,5.686349943109960670e-01
5.000000000000000278e-02,5.000000000000000278e-02
5.000000000000000278e-02,5.000000000000000278e-02
3.508481768456280236e-01,5.000000000000000278e-02
5.000000000000000278e-02,5.000000000000000278e-02
3.394773175676126242e-01,5.000000000000000278e-02
5.000000000000000278e-02,5.000000000000000278e-02
5.000000000000000278e-02,4.158997843607172840e-01
5.000000000000000278e-02,5.000000000000000278e-02
5.000000000000000278e-02,5.000000000000000278e-02
5.000000000000000278e-02,2.124808226707652348e-01
5.000000000000000278e-02,5.000000000000000278e-02
5.000000000000000278e-02,2.744069231022776556e-01
5.000000000000000278e-02,4.651761953784184223e-01
5.000000000000000278e-02,5.000000000000000278e-02
5.000000000000000278e-02,2.917060014946014634e-01
5.000000000000000278e-02,5.000000000000000278e-02
5.000000000000000278e-02,5.000000000000000278e-02
5.000000000000000278e-02,5.000000000000000278e-02
1.665488335374806783e-01,5.000000000000000278e-02
3.221859952850484876e-01,5.000000000000000278e-02
5.000000000000000278e-02,5.000000000000000278e-02
5.000000000000000278e-02,5.000000000000000278e-02
5.000000000000000278e-02,5.000000000000000278e-02
5.000000000000000278e-02,5.000000000000000278e-02
4.594115201912429836e-01,5.785899220534485021e-01
1.684437416430941969e-01,5.000000000000000278e-02
5.000000000000000278e-02,5.000000000000000278e-02
5.000000000000000278e-02,5.000000000000000278e-02
5.000000000000000278e-02,5.000000000000000278e-02
5.000000000000000278e-02,5.000000000000000278e-02
5.000000000000000278e-02,5.000000000000000278e-02
4.208102116992464836e-01,2.120179224034075272e-01
5.000000000000000278e-02,5.000000000000000278e-02
5.000000000000000278e-02,5.000000000000000278e-02
6.563662864124568674e-01,5.000000000000000278e-02
5.000000000000000278e-02,5.000000000000000278e-02
5.000000000000000278e-02,5.000000000000000278e-02
7.479424622468990869e-01,5.000000000000000278e-02
5.000000000000000278e-02,5.000000000000000278e-02
5.000000000000000278e-02,5.000000000000000278e-02
5.000000000000000278e-02,5.000000000000000278e-02
5.000000000000000278e-02,5.000000000000000278e-02
5.000000000000000278e-02,6.673801113974285881e-01
5.000000000000000278e-02,5.000000000000000278e-02
5.000000000000000278e-02,5.000000000000000278e-02
5.000000000000000278e-02,5.000000000000000278e-02
5.000000000000000278e-02,5.000000000000000278e-02
5.000000000000000278e-02,1.129415713750589745e-01
5.000000000000000278e-02,2.719118192380730603e-01
5.951704571528956267e-01,5.000000000000000278e-02
5.000000000000000278e-02,5.000000000000000278e-02
5.000000000000000278e-02,5.000000000000000278e-02
5.000000000000000278e-02,5.000000000000000278e-02
6.055461017357302023e-01,5.000000000000000278e-02
5.000000000000000278e-02,5.000000000000000278e-02
6.257365794483306098e-01,5.000000000000000278e-02
5.000000000000000278e-02,3.414992827807061815e-01
