# error_dp, error_pinn
4.265515838124835091e-02,4.314748552521874975e-02
4.218040778108518574e-02,4.218041517455303757e-02
4.218040347429114628e-02,4.218040358546876201e-02
4.218040486971356279e-02,4.218040263713908333e-02
4.218045324587884476e-02,4.218040945839814093e-02
4.218025521735905420e-02,4.218028968351351937e-02
4.218024514338990227e-02,4.218023947067062879e-02
4.218024481095573874e-02,4.218023357625462488e-02
4.218027256411797932e-02,4.218026797176414183e-02
4.218023677867072802e-02,4.218035529057966027e-02
4.218021271157905427e-02,4.218050604304512952e-02
4.221694661083424949e-02,4.218319398673090609e-02
4.219507140901327530e-02,4.218094950984373898e-02
4.221871624549530105e-02,4.217878616721065094e-02
4.222454267391560767e-02,4.217769840488845567e-02
4.320490566398118432e-02,4.218674719611723717e-02
2.892384145495780629e-02,4.222620673764644617e-02
2.462205808666224904e-02,4.250664247079217334e-02
2.995665534928065171e-02,4.297523403690339805e-02
2.010963471716381915e-02,4.328544358878939902e-02
1.589610191431026567e-02,4.177987097429386454e-02
7.018622119539824622e-03,4.187276538377526780e-02
6.394042565261201516e-03,4.539676051943719592e-02
6.319367058546040625e-03,3.545881870910334854e-02
4.898996474164022362e-03,2.309703769757477307e-02
5.023324704596147071e-03,1.589405403850839213e-02
7.999312881590062846e-03,1.646589869842879708e-02
7.143624738680865068e-03,1.569607430826278419e-02
5.224393375117738873e-03,1.540067116413545469e-02
3.972114776197459285e-03,1.580274650462672528e-02
4.135350146506914550e-03,1.561471078176567169e-02
4.724310981264201632e-03,1.550572295689812453e-02
4.456348043534574983e-03,1.506613521636566803e-02
3.392782134217419299e-03,1.444209048695625427e-02
3.320664807582879123e-03,1.395834110823576842e-02
4.617272735237627247e-03,1.416431614854598772e-02
5.980027889541232079e-03,9.703159880918644717e-03
5.133724720686918229e-03,8.251621182817702599e-03
5.981701079694598001e-03,5.189052811058570552e-03
8.626701563900543088e-03,5.200783194926572768e-03
9.062962680018379208e-03,5.148512947817103502e-03
1.086593772444511066e-02,5.888588968167043219e-03
1.324410312908322340e-02,8.264974259700004142e-03
1.746360630959294460e-02,4.432340752303624669e-03
1.977494376402447532e-02,3.225555033804118534e-03
1.669730932431732345e-02,4.055655991178042444e-03
1.526653620807004452e-02,4.035022732863531233e-03
1.311900470973207528e-02,4.424127833838518119e-03
1.046225107985856821e-02,4.880324926818944628e-03
8.946338453780252817e-03,4.756381603676636087e-03
8.008967263821829483e-03,3.557370529209970354e-03
6.572832142100532536e-03,1.736603503216307140e-03
4.948313614667352797e-03,1.175245185287737953e-03
4.462213332185014335e-03,2.861442811526971990e-03
3.181812715652352925e-03,5.087493217556211117e-03
2.160997180606988137e-03,6.911775968050530572e-03
1.282777196695089605e-03,8.631223394437573249e-03
2.613228846031484011e-03,1.034132202283470116e-02
5.139215174704116554e-03,8.599475948942794656e-03
9.865762940872709746e-03,2.594809173808469791e-03
1.034102226136817022e-02,2.220879100253869698e-03
7.725621657142700723e-03,2.811996846180831334e-03
6.257861572843752447e-03,3.251151756397939810e-03
4.485621525640307722e-03,4.623954637596522886e-03
4.439215701057031699e-03,4.249521329166222085e-03
4.076501884253277107e-03,4.618324353231497911e-03
1.055435563796812805e-03,4.722018337843012815e-03
6.586719377321377696e-03,5.585461715171730762e-03
3.386782121986917169e-03,8.072543247482738896e-03
6.214294182176499128e-03,6.883137356306778462e-03
1.039619076612358604e-02,7.526786505760478356e-03
1.182773093267768839e-02,8.497837802978757543e-03
1.638230312874928638e-02,8.125812407001156354e-03
2.061352098235275099e-02,7.647974816824392071e-03
2.437722153913218434e-02,7.292818001160963209e-03
2.668311434798312926e-02,3.828469011208086251e-03
3.180049507240653717e-02,3.962714165614196829e-03
3.436502784684688366e-02,4.578683284429337780e-03
4.158470340983435459e-02,4.400913210465734471e-03
4.570820083981690790e-02,3.169030907531298572e-03
5.424315003218346809e-02,3.492188034727295928e-03
5.463860308041930403e-02,4.694550252277512707e-03
5.632568223566684212e-02,5.189407070428478201e-03
6.178924667368876356e-02,5.316772022582942452e-03
6.755831356833512380e-02,5.572429835459957563e-03
6.877177816405122268e-02,5.212505966983610461e-03
7.528379415010748310e-02,6.387003904711829362e-03
6.883255489389580872e-02,7.825922440253575696e-03
7.547264960131128131e-02,7.829007360055696002e-03
6.943887624168638972e-02,1.285266416811819273e-02
6.339620015607129455e-02,1.264078203458289182e-02
6.124964867990963235e-02,1.062450745091776151e-02
5.355323880871726283e-02,1.060194892971409210e-02
5.130996426084131340e-02,1.069602667191811053e-02
4.390302914845609777e-02,8.583010864603137641e-03
4.174497045166265796e-02,8.275057964210425637e-03
3.628521254469166402e-02,7.479041458492761626e-03
3.397085622177553610e-02,6.662852380627495158e-03
3.291955874707027524e-02,5.863709263169657876e-03
2.791028050415302400e-02,6.583068012132005549e-03
2.830508111994572279e-02,7.703296170342355774e-03
2.643282563375780672e-02,1.116588232454607255e-02
2.343555033961076603e-02,8.427956475206400608e-03
2.097239836344222397e-02,7.972970724690177022e-03
1.864069289783377992e-02,6.229277920168785863e-03
1.829866619424246749e-02,7.435305286960667594e-03
1.482229561851540131e-02,8.129429029409798030e-03
1.581758781485273144e-02,8.534672390042479309e-03
1.515067842471061986e-02,9.254333270080699128e-03
1.457490397985297496e-02,9.101580711015678365e-03
1.360921184343880444e-02,9.126724467131825530e-03
1.228320080717146094e-02,9.526294832734398185e-03
1.027010569572571821e-02,9.255340004057041950e-03
9.710420077464880853e-03,9.594119735222604931e-03
7.630124588102106357e-03,1.002622860058788659e-02
7.498108558551683060e-03,9.923033811180502484e-03
7.195540333183455921e-03,1.076134339847067099e-02
7.005716987046608016e-03,1.037516205013163696e-02
6.572714328716659261e-03,1.049860422674903961e-02
8.819249727833428434e-03,1.070450121065444175e-02
9.387156028087678683e-03,1.061206201112721223e-02
1.076177065901173097e-02,1.048146626263959241e-02
1.222533108256819781e-02,1.049516848251345023e-02
1.308513445470044743e-02,1.057163257823589067e-02
1.360000933215911416e-02,1.062511531177942788e-02
1.546884529401824221e-02,1.100571960966700846e-02
1.773653881202456178e-02,1.203614581404285899e-02
2.101279614272022478e-02,1.223914878795037166e-02
2.096586955845521072e-02,1.303868118556547953e-02
2.098419892489091637e-02,1.290388478676631964e-02
2.198571069855606921e-02,1.306117956727276784e-02
2.373957822888870042e-02,1.303089967155734129e-02
2.472593476309169550e-02,1.318801607976415567e-02
2.631762846518254789e-02,1.311927076540828248e-02
2.719474001457361859e-02,1.324361932393637933e-02
2.851482881419743765e-02,1.328986235918379159e-02
2.830334310715138663e-02,1.351289424381477144e-02
2.855849375602124637e-02,1.344674330184295746e-02
3.101641555610551784e-02,1.335397133355090311e-02
3.075191553221539795e-02,1.348899880912306400e-02
3.063908739122570002e-02,1.300691138292606880e-02
3.104582414633769855e-02,1.337325339967260045e-02
3.054740057592174665e-02,1.380838938111755149e-02
3.037974514470910201e-02,1.398768079262647894e-02
3.028136263710854564e-02,1.361098230187185974e-02
2.957181526289722612e-02,1.338784365865332109e-02
2.979305598386378096e-02,1.190592444949187256e-02
2.994055696498862384e-02,1.041902139937813006e-02
2.985775944772210699e-02,1.070883353414243608e-02
2.931392805061631621e-02,1.056024963987711035e-02
2.823283752262691765e-02,9.997592862442727935e-03
2.769591564058453137e-02,9.930789784449337715e-03
2.804393672800882878e-02,9.440307942950537309e-03
2.818596421914817268e-02,8.296536171461678377e-03
2.774408324970415937e-02,8.158489099292899963e-03
2.834243456297868072e-02,7.910094196105043121e-03
2.882246999838811857e-02,7.140878405142925961e-03
2.995568419369194074e-02,7.383509159469050717e-03
3.007768566428580329e-02,6.590426420143698401e-03
3.031514956920596665e-02,6.925969715585153334e-03
3.047532212536531449e-02,6.797223275009635531e-03
3.090252678557398047e-02,6.586356792783773333e-03
3.269977290299232869e-02,6.402417074506344327e-03
3.273453653971254013e-02,6.146942600681191277e-03
3.282323367800486086e-02,5.857443965382902462e-03
3.288779080390290960e-02,5.798592165047085356e-03
3.439937189579172355e-02,5.674453473533167848e-03
3.421177079337744953e-02,5.490715497571919609e-03
3.376375609273302852e-02,5.412136253402054231e-03
3.383257263115826280e-02,5.349832975919537568e-03
3.428859932998536142e-02,5.317115735137488072e-03
3.431092642071562754e-02,5.300404130006069157e-03
3.440800027658170307e-02,5.233427154634751749e-03
3.348961543524709566e-02,5.227022856017486500e-03
3.300315190654391773e-02,5.406386494251926716e-03
3.276559844872636157e-02,5.441871261206171310e-03
3.190807241439361924e-02,5.515055945182542087e-03
3.123244089893110684e-02,5.521043115584267635e-03
2.918193662799533489e-02,5.540528114689810026e-03
2.937763264579037678e-02,5.543984325593370038e-03
2.958467584034506215e-02,5.552770296327986729e-03
2.965094263963457405e-02,5.558446263480424851e-03
2.966540238793939285e-02,5.564436398763451808e-03
2.963571965806283126e-02,5.573009735911839575e-03
2.944699810423843586e-02,5.582001860965545882e-03
2.902432832398749163e-02,5.594729059356798664e-03
2.959568344079421820e-02,5.608667267637719618e-03
2.962566336452097590e-02,5.619350790487220339e-03
2.937523071409326239e-02,5.614763629342370797e-03
2.940451032739552911e-02,5.622696915851856103e-03
2.953197018036281263e-02,5.606027651996488455e-03
2.979241910665739526e-02,5.411067864940989798e-03
3.078872472887277806e-02,5.389101762163161016e-03
3.067225597071598919e-02,5.248520364831123219e-03
3.088400738260034875e-02,5.145238999743579483e-03
3.144015887265958625e-02,5.016292809318797195e-03
3.220639104458712654e-02,4.719377705695692281e-03
3.238063657964680708e-02,4.675281221013203280e-03
3.293631297816588394e-02,4.570444174496378180e-03
3.420584146430135503e-02,4.512334617507283811e-03
3.375607910582754945e-02,4.510124813465197884e-03
3.452783628740365568e-02,4.324791821661472073e-03
3.395280043499458028e-02,4.272472925783451017e-03
3.392296220624033132e-02,4.138830764555173104e-03
3.386271813302742240e-02,3.936816543885179182e-03
3.334931949487814767e-02,3.800081009524163434e-03
3.318744134719339711e-02,3.722123528920955136e-03
3.293734341927858494e-02,3.757381200640851331e-03
3.291830593612307676e-02,3.719126940198839472e-03
3.259136551158706152e-02,3.639447227304802232e-03
3.236625015040274500e-02,3.628422016867156614e-03
3.225238357539504663e-02,3.553253356261450602e-03
3.212623365913949702e-02,3.513912481433272266e-03
3.184664285566147363e-02,3.487665909466014687e-03
3.183547486316669339e-02,3.475029970100788901e-03
3.160842490729096066e-02,3.464330192148271093e-03
3.170337462969329695e-02,3.411991876588877075e-03
3.181094833054921855e-02,3.361416080077298408e-03
3.181101962793900922e-02,3.171811813749535278e-03
3.169994206902204681e-02,3.185707545030122892e-03
3.118101952241543809e-02,3.170054187574843085e-03
3.135473902983738903e-02,3.130527347116711379e-03
3.160861536426522872e-02,3.068603625385861195e-03
3.161006276134257359e-02,3.089086102756162088e-03
3.148830153146947586e-02,3.089892557114383605e-03
3.150783990979359045e-02,3.102221322745172226e-03
3.147186284545060164e-02,3.117083822430795001e-03
3.140828377660816878e-02,3.124632813937812132e-03
3.122024149860618339e-02,3.130799282257444929e-03
3.102142771526204823e-02,3.135258529243707161e-03
3.089689142793917639e-02,3.143093793440878986e-03
3.085959705857906424e-02,3.155432167835192907e-03
3.071458417284773923e-02,3.176050298620797501e-03
3.072216462105945012e-02,3.210547849700756164e-03
2.964293204999030734e-02,3.268405655616972005e-03
2.909286356393825032e-02,3.346845152827234143e-03
2.626386271641654307e-02,3.385036792368487785e-03
2.681226293215309420e-02,3.457057011430649755e-03
2.624851565860877173e-02,3.559196887579860018e-03
2.331143337048054154e-02,3.576094330672265325e-03
2.477947723148424611e-02,3.559890451633362669e-03
2.400430524470315019e-02,3.610855546208176833e-03
2.274369965691875814e-02,3.619183626843460160e-03
2.271426277643268793e-02,3.625255459280831219e-03
1.877891809849539795e-02,3.655989837740981734e-03
1.926935076596067442e-02,3.653690824060763006e-03
1.897829205682824080e-02,3.678551933249748704e-03
1.819937719940288579e-02,3.678409658465028702e-03
1.681472298086436612e-02,3.684578972457371124e-03
1.735665280913897476e-02,3.689879625661157073e-03
1.694806416555730971e-02,3.700444972898978609e-03
1.658509421254373423e-02,3.717557291106937840e-03
1.525209139959140918e-02,3.730864997968951803e-03
1.573265407500401211e-02,3.735577321752104902e-03
1.532069769657760580e-02,3.738790780382925897e-03
1.489578828816042269e-02,3.739848178854918333e-03
1.436407084246181000e-02,3.737139689427540663e-03
1.299012546118522883e-02,3.735794955399834080e-03
1.312416691799560449e-02,3.737996112180770256e-03
1.246246115658269406e-02,3.758148458060739730e-03
1.225437838269633449e-02,3.795923581995736852e-03
1.175397868785033051e-02,3.869743525727532829e-03
1.082123978358292063e-02,3.918169320911455387e-03
1.094195037292050414e-02,3.933258752468114100e-03
1.055283029083183000e-02,3.963969909217500247e-03
1.023534645737029548e-02,3.995999869888148572e-03
1.003833360288888810e-02,3.985705291589309966e-03
9.770203149968785528e-03,4.105999810325294645e-03
9.453061262921473237e-03,4.132693056044182967e-03
9.468555195884414619e-03,4.248039207301317934e-03
9.427260323693760838e-03,4.235430107911302387e-03
9.407587940106753102e-03,4.242091337171249171e-03
9.596486740538118232e-03,4.300773150846276364e-03
9.874075433252122933e-03,4.294421094961088994e-03
9.953600417647553641e-03,4.450382290341887807e-03
1.019819418219755462e-02,4.449324946429738560e-03
1.051542230354318361e-02,4.392561418164193932e-03
1.068080091161198973e-02,4.477065866802639772e-03
1.087074385365151274e-02,4.603089584144601058e-03
1.079021009707766682e-02,4.696504011391698999e-03
1.056691923672926220e-02,4.718630804165618343e-03
1.075204025401438855e-02,4.813661438654665004e-03
1.274348040925558576e-02,4.815451763009864598e-03
1.224156742449679022e-02,4.907982742170623539e-03
1.303971632889434039e-02,4.933956045689528308e-03
1.451325763959309366e-02,5.000056620260868827e-03
1.528785598270372519e-02,5.044292454591690379e-03
1.511082111012755115e-02,5.334295734736423794e-03
1.612931846579928469e-02,5.326633540601579016e-03
1.773890629368233066e-02,5.395368428639709876e-03
1.740206872037403096e-02,5.573151819770759234e-03
1.813995095409259850e-02,5.507769322241840883e-03
1.865985811646481835e-02,5.568492304768430518e-03
1.939675492509349009e-02,5.603084597551700324e-03
2.082684724369880669e-02,5.635414523188345993e-03
2.131090142016048294e-02,5.750286306541674275e-03
2.154113669407625720e-02,5.696391857383257575e-03
2.223987792474595507e-02,5.725705245346067451e-03
2.323938274881403102e-02,5.851664850193750815e-03
2.315645204978504859e-02,5.835537633500871568e-03
2.384102569275349873e-02,5.912582190483620624e-03
2.581643913780213781e-02,6.083799975533341585e-03
2.505654733877586346e-02,6.055725267872522424e-03
2.560496397343387312e-02,6.147493496074051163e-03
2.588301165576118584e-02,6.193901626532186296e-03
2.720448999961917053e-02,6.234534196685108214e-03
2.662154051982862368e-02,6.295986369519478328e-03
2.792471004736592557e-02,6.492105726351408458e-03
2.900010594148787549e-02,6.446451430489895211e-03
2.875598287347987114e-02,6.762898702851623950e-03
2.903357666831954051e-02,6.596908237516046179e-03
2.998193774888772978e-02,6.651766851672527570e-03
3.064192172092542604e-02,6.733685292849295699e-03
3.125592058598303247e-02,6.727475765868299457e-03
3.154491760643477610e-02,6.780903255770925724e-03
3.175841619319578341e-02,6.890899855804713363e-03
3.275846023031930149e-02,6.869668844369533275e-03
3.244438519126016662e-02,6.941268035267567950e-03
3.369593464073907668e-02,7.041408390747547034e-03
3.350050777228456844e-02,7.075572487185709768e-03
3.374927338999688525e-02,7.201214468581087179e-03
3.498188351772763688e-02,7.288807106194437370e-03
3.481355392809491744e-02,7.520669789545221529e-03
3.521677035474192474e-02,7.503085619653418470e-03
3.546295907634982453e-02,7.552252358069232001e-03
3.658293890375226981e-02,7.626233658430824243e-03
3.629226710993910254e-02,7.760712634310152486e-03
3.677947822514976428e-02,7.740784676001568644e-03
3.797864202828723362e-02,7.748261460396406973e-03
3.801704150750703781e-02,7.779892303456032061e-03
3.851754631265671969e-02,7.833149265153433252e-03
3.946366266941161993e-02,7.956660944195949672e-03
3.936904618103705816e-02,8.006457593125817368e-03
3.970673418033900809e-02,8.131630475501085489e-03
3.997225964470425830e-02,8.193360974311714867e-03
4.025391613277070485e-02,8.368549419088856800e-03
4.146497620409246576e-02,8.639700372519472024e-03
4.134028521117825983e-02,8.790212992332934946e-03
4.167582541280154262e-02,8.584804811895673654e-03
4.157816156218559905e-02,8.677470259304856728e-03
4.169010765763891957e-02,8.786510935473269140e-03
4.194571779616176194e-02,8.783342633033318012e-03
4.186835954697281509e-02,8.804225727480959746e-03
4.178239222425254862e-02,8.822354467039078552e-03
4.159110372335472067e-02,8.929866936571585756e-03
4.152485367604123040e-02,8.916996760810529110e-03
4.153207603723216290e-02,9.008067360374611907e-03
4.121603174257788132e-02,9.071923959562763415e-03
4.106364661006713795e-02,9.282651786465622931e-03
4.091547039325053869e-02,9.338402935265265395e-03
4.080028552748855841e-02,9.507541600406371751e-03
4.070964335008854518e-02,9.524683979101370226e-03
4.059277037422496376e-02,9.581915424326159156e-03
4.064373483738517590e-02,9.538880960042727189e-03
4.067707850678221881e-02,9.657466625769925428e-03
4.069178531159256540e-02,9.727944616201687419e-03
4.069166859051936286e-02,9.837969299619249777e-03
4.067205481534970357e-02,9.983507947670524491e-03
4.063301782494223302e-02,9.931271503064666509e-03
4.061265526362162898e-02,1.002475304701358483e-02
4.059404046351566125e-02,1.026091841813141746e-02
4.055600788262504752e-02,1.025960436338753216e-02
4.055498392981083527e-02,1.039272453265530430e-02
4.032531514573911569e-02,1.044314100850832205e-02
3.968666916243113185e-02,1.054088724768150256e-02
3.951588687983587783e-02,1.071334763219903945e-02
3.943068002304989800e-02,1.075327697653961564e-02
3.925563441441786566e-02,1.095076934538379010e-02
3.895217758959786808e-02,1.110283805796561871e-02
3.805138242886174638e-02,1.128129170562318720e-02
3.558396529066006758e-02,1.158176694392232080e-02
3.536043974110796018e-02,1.145848379266815355e-02
3.538251188123783114e-02,1.155208093051934490e-02
3.533699981011597518e-02,1.169271923147020484e-02
3.515268280211197860e-02,1.192888889219459458e-02
3.517390396062333030e-02,1.194793035267861618e-02
3.494119781708955597e-02,1.197357302178601521e-02
3.494616149908537361e-02,1.201105161807676860e-02
3.466683493857693199e-02,1.190643450827946412e-02
3.427802766634762549e-02,1.191112121330023706e-02
3.366520395027076257e-02,1.191612453244879528e-02
3.331876605701685617e-02,1.203005231573700713e-02
3.276414237972385263e-02,1.202148890131743073e-02
3.285874738075009183e-02,1.200682955931999148e-02
3.262757567691143556e-02,1.200758751790836215e-02
3.151796423975393446e-02,1.205424386161687775e-02
3.207909983201629595e-02,1.208813075655269624e-02
3.203982828087825752e-02,1.218161903568767447e-02
3.170396087039101946e-02,1.224413934640557547e-02
3.142257967435139326e-02,1.225345889096785858e-02
3.104206049289736855e-02,1.232443920803338519e-02
3.057976256475561025e-02,1.236994270688968577e-02
3.094851690219038720e-02,1.262252350342653144e-02
3.080533118170515616e-02,1.308493975901505423e-02
3.060748455260304049e-02,1.317420477456925608e-02
3.072260401648603534e-02,1.347330365404303745e-02
3.055129992717174267e-02,1.366518719763813033e-02
3.050861734587556953e-02,1.388832281693088214e-02
3.040486569298639710e-02,1.394144980281302598e-02
3.041143238354566264e-02,1.411073259613975471e-02
3.024990852897320101e-02,1.422957727460751401e-02
3.036480667581374637e-02,1.435183698207413185e-02
3.035597805064564614e-02,1.425510455624711369e-02
3.060397890849589700e-02,1.427640291439753739e-02
3.076948854884511628e-02,1.428766034491362434e-02
3.086702672369928332e-02,1.416039080732801360e-02
3.122489832586393399e-02,1.423367193140262846e-02
3.135791821952654129e-02,1.423244055148262244e-02
3.188969076196636332e-02,1.423208992182260074e-02
3.321161135201770170e-02,1.438554554098936400e-02
3.313787301508763772e-02,1.440658010380348880e-02
3.308336035482228876e-02,1.457775406677764077e-02
3.345371692000538577e-02,1.470746198416313447e-02
3.361263376244617157e-02,1.508736286650406121e-02
3.403398603547389684e-02,1.521484272310517569e-02
3.436964209579827095e-02,1.547393731330133984e-02
3.515583461233875995e-02,1.562202448504504924e-02
3.520966646262959493e-02,1.575361742349193350e-02
3.564205535065386593e-02,1.594224424043544364e-02
3.561173021520122606e-02,1.596114257050050209e-02
3.624357033299045738e-02,1.612762844061511186e-02
3.591026953042913278e-02,1.626395614052913996e-02
3.598449676887967991e-02,1.623855815147780962e-02
3.610931392892709202e-02,1.624535980451142364e-02
3.610979722852437901e-02,1.630754822023985570e-02
3.611403074354563314e-02,1.632888047398148995e-02
3.620358108399350516e-02,1.636798202280721065e-02
3.649569418282478522e-02,1.642491468394390378e-02
3.730474560670364592e-02,1.649545703452238998e-02
3.811273882294020227e-02,1.660156004639277288e-02
3.872495298668143793e-02,1.663066114045602673e-02
3.855175432109233385e-02,1.667899117191895889e-02
3.902287006252760926e-02,1.673622023201604483e-02
3.953864211206344764e-02,1.685002507861861620e-02
3.997875183474494665e-02,1.701407632253693764e-02
4.041187920323153354e-02,1.731203308641197924e-02
4.075934949131973517e-02,1.727907042748379196e-02
4.117901567726275913e-02,1.726231752216972337e-02
4.152021519238500991e-02,1.699651811105329716e-02
4.197576756446104451e-02,1.686034736707067369e-02
4.190816847054173316e-02,1.665319749642927769e-02
4.219442921681115094e-02,1.656197198266889242e-02
4.143216840734245676e-02,1.659377499454520177e-02
4.012954842040039605e-02,1.649747778732367151e-02
3.931205355572582605e-02,1.642233348407619656e-02
3.860364658790747805e-02,1.566962081888761266e-02
3.888580868238290106e-02,1.583893978748585410e-02
3.822564898501138592e-02,1.583614882239626348e-02
3.783771949964347819e-02,1.561833326172689350e-02
3.805573608776216532e-02,1.522038556866372495e-02
3.784466774657265636e-02,1.539675233083848994e-02
3.753517971374649431e-02,1.531204677333852446e-02
3.682214983646368844e-02,1.511825383543842667e-02
3.674010540523839352e-02,1.498974056703142148e-02
3.630996729792233119e-02,1.484187366125862620e-02
3.592978008186124839e-02,1.466010481750309319e-02
3.573397738859116629e-02,1.425592449991275323e-02
3.523649189090665573e-02,1.418537200637449980e-02
3.504271954959899127e-02,1.397273124659457674e-02
3.501987944477222975e-02,1.399337004282670029e-02
3.488492312803215950e-02,1.400453836189773961e-02
3.458247998625624264e-02,1.388590598583433998e-02
3.462167674613612911e-02,1.386955779299361979e-02
3.455174800354603171e-02,1.381299014812673726e-02
3.437570430789439746e-02,1.370739996832134704e-02
3.471916567089838174e-02,1.368395013895873716e-02
3.473922617928491829e-02,1.365957840904139658e-02
3.491533669903922749e-02,1.366419648990504533e-02
3.542410993034793981e-02,1.366504938043554968e-02
3.607505852707332261e-02,1.366684577444849877e-02
3.613181708386330182e-02,1.367546003204930458e-02
3.649550037043330919e-02,1.370967294189147367e-02
3.691492473133421021e-02,1.379518456509488435e-02
3.709578827189025096e-02,1.398189364411162386e-02
3.738084348305773658e-02,1.425779727944278229e-02
3.761033874686316170e-02,1.440475509988844126e-02
3.900071514357527497e-02,1.458173563543280205e-02
3.886226489217977503e-02,1.451822555319669424e-02
3.949275936543211740e-02,1.460132307657406071e-02
3.952272022306029670e-02,1.484995182303352514e-02
3.986866600442614400e-02,1.471658450112873183e-02
4.055559388428613132e-02,1.476588063750744126e-02
4.096563876378082197e-02,1.477593123442893543e-02
4.268404682531286298e-02,1.485450601460595182e-02
4.235306298948819659e-02,1.496524837258726530e-02
4.244550194318828795e-02,1.502391626574839205e-02
4.223211286718124569e-02,1.508058761547757115e-02
4.231065474943122851e-02,1.508446958587367735e-02
4.243065589446493729e-02,1.509434992927833133e-02
4.258229943475598522e-02,1.510288351167352397e-02
4.178514936446523637e-02,1.513385691036743357e-02
4.180192580053289364e-02,1.521126342262561076e-02
4.181254856581458068e-02,1.538698933829391741e-02
4.158729437449996957e-02,1.549565145999055697e-02
4.108600256258228278e-02,1.578277918758714399e-02
4.072466447185352223e-02,1.561951801463960440e-02
4.046584765897350000e-02,1.564119010504037843e-02
4.022150891858754934e-02,1.571655851372981416e-02
3.975249431746857159e-02,1.580701814382261955e-02
3.981588500979028888e-02,1.572835774649947865e-02
3.947535408543487168e-02,1.571444815660117886e-02
3.940455326821278026e-02,1.570116740774049960e-02
3.924619601581891271e-02,1.554464657781303924e-02
3.893106936256084116e-02,1.556476214673449369e-02
3.830421336725303022e-02,1.551947062418722496e-02
3.778447196969092481e-02,1.554226614188667505e-02
3.688193976228754112e-02,1.546234192014700123e-02
3.645789665841267513e-02,1.545944943932278312e-02
3.577328107516786204e-02,1.546302434690952077e-02
3.487695695742214219e-02,1.546431711488524714e-02
3.487674105637050131e-02,1.548606443107282751e-02
3.440654363851186615e-02,1.555791196173904843e-02
3.415866245366407095e-02,1.558103465314739956e-02
3.405695100398681979e-02,1.559207202373860852e-02
3.388060375108825628e-02,1.570553941084938329e-02
3.318191742157682728e-02,1.573794841890133189e-02
3.287254996739046725e-02,1.577047448830695697e-02
3.240186750548700728e-02,1.576365206190539006e-02
3.240999630346598492e-02,1.576145576456412095e-02
3.218607736384009738e-02,1.576048249508209959e-02
3.197336595870180903e-02,1.576053047857354714e-02
3.156503393270811836e-02,1.577588382130507005e-02
3.157744119622035717e-02,1.579082835075069913e-02
3.151850856767515752e-02,1.582252881098785216e-02
3.157298892404215157e-02,1.596317743664703651e-02
3.133505242926322432e-02,1.615457067832923657e-02
3.116434687819766985e-02,1.615632972635999004e-02
3.090426861077212942e-02,1.625882230013055152e-02
3.061615976564959971e-02,1.619608215541388022e-02
3.061131149813138205e-02,1.620395285058759058e-02
3.073135531390132000e-02,1.618570286151809964e-02
3.154071226499322034e-02,1.618863158619003942e-02
3.166702977924675672e-02,1.613167673699338056e-02
3.202888537066302110e-02,1.613156422811404950e-02
3.219348671133382550e-02,1.607331635836300662e-02
3.226882405158383593e-02,1.604937392046081046e-02
3.250761674869584450e-02,1.599299568073237962e-02
3.274889571610564015e-02,1.594168610182431639e-02
3.359838965907335773e-02,1.584250184949709608e-02
3.326004607105434441e-02,1.555958570411531024e-02
3.352855926931062186e-02,1.550277154415122260e-02
3.374281649255763543e-02,1.540556335913442938e-02
3.419011661042518219e-02,1.535540909157089365e-02
3.432904273053585809e-02,1.529274994825139192e-02
3.497179221263811005e-02,1.514718444978206853e-02
3.491479741797681030e-02,1.499494639437939404e-02
3.487834066577003705e-02,1.496748038022050094e-02
3.528706539244361173e-02,1.485342152578387684e-02
3.525278661148629339e-02,1.487018203694990583e-02
3.548535640432688709e-02,1.486695043523275812e-02
3.597754158113116579e-02,1.484531358392810613e-02
3.618887449799153971e-02,1.483109312958121213e-02
3.632082207132474733e-02,1.485139632596845123e-02
3.639358555633861320e-02,1.492780368640342706e-02
3.676154965574134070e-02,1.494375905945696456e-02
3.659024141023763110e-02,1.506916366069234806e-02
3.662497528333586577e-02,1.513255446148577266e-02
3.682076492102599047e-02,1.546213736073906962e-02
3.695631634047188280e-02,1.564633979111433940e-02
3.701564897296521356e-02,1.571233813540829499e-02
3.706516055179401997e-02,1.573463388152583284e-02
3.725486332423379870e-02,1.593054010960783320e-02
3.721095169124145896e-02,1.601995850731060059e-02
3.726725089241923056e-02,1.599467703860017048e-02
3.734919048801250974e-02,1.602392826402732756e-02
3.731080963334494627e-02,1.604808178617780565e-02
3.720352483122983667e-02,1.601344447369804427e-02
3.703473019779937592e-02,1.607537436845933240e-02
3.667906097169700008e-02,1.607418395867464544e-02
3.637223918855633092e-02,1.603976826440548994e-02
3.637652873688064503e-02,1.601053342105990263e-02
3.591408378560762005e-02,1.598183386033891207e-02
3.555353128870393509e-02,1.592937743382928997e-02
3.503673495289252177e-02,1.590728629759005988e-02
3.473977993276716747e-02,1.597039704537150939e-02
3.398543198374090468e-02,1.596225674137751946e-02
3.405887648555690900e-02,1.594009584029828369e-02
3.359228937707942758e-02,1.574777395877552041e-02
3.328941435760186807e-02,1.572072809145960356e-02
3.225114271102415969e-02,1.560141251360296251e-02
3.243862196284605370e-02,1.520788408058202333e-02
3.215186499515824969e-02,1.538428986062214017e-02
3.155581168215813859e-02,1.527394794560315086e-02
3.160539694093705138e-02,1.510428785357591577e-02
3.010698991611529193e-02,1.511447078753549306e-02
3.072051136142612410e-02,1.495807514827570892e-02
3.053538557941529522e-02,1.478495677115668379e-02
3.027077703363662692e-02,1.455887850909963477e-02
3.010155415640920068e-02,1.457708928009543090e-02
2.936626683292367646e-02,1.446832626646092981e-02
2.921045455209127575e-02,1.435765390490626597e-02
2.930573275799605235e-02,1.439239975638902623e-02
2.934292402423409329e-02,1.432283505707272753e-02
2.934799266372702803e-02,1.421491180797706394e-02
2.922410934432454963e-02,1.425009083193265295e-02
2.891085538786360154e-02,1.406909969464561344e-02
2.867581822213615544e-02,1.398074499962525218e-02
2.834874252373511747e-02,1.396755490031111741e-02
2.792750086134607179e-02,1.399510035064727327e-02
2.749443734442690024e-02,1.396326049307928564e-02
2.738776635839177895e-02,1.394729485927309436e-02
2.678648794791207988e-02,1.397048567549592085e-02
2.717407779090437459e-02,1.406295992030883249e-02
2.705713275859061850e-02,1.407417508244856487e-02
2.690497416665698846e-02,1.405416031288625120e-02
2.669033361703201240e-02,1.410150107916955178e-02
2.636931002612969907e-02,1.422786912735717404e-02
2.650339550231593788e-02,1.421444259310532775e-02
2.633201536900841092e-02,1.429319344119675192e-02
2.629341318803803118e-02,1.473900201414791999e-02
2.648786479897132645e-02,1.508500690289377340e-02
2.717709661916456812e-02,1.516668087958868844e-02
2.724462678949295460e-02,1.517149744587038655e-02
2.717117792334945714e-02,1.520250561985864342e-02
2.766560548803454270e-02,1.533190573682487699e-02
2.805950023498523377e-02,1.550675392411160307e-02
2.799374796258586109e-02,1.560204483821631301e-02
2.816141547445089044e-02,1.567739197115250449e-02
2.879891475695281478e-02,1.577686690487026255e-02
2.923810606429518358e-02,1.576463564840003065e-02
2.967847501613517583e-02,1.587963677000334833e-02
3.067719987356933020e-02,1.585246373341247031e-02
3.131625513923787241e-02,1.583310346391075124e-02
3.134315980755847386e-02,1.584502716329607916e-02
3.151152836638097116e-02,1.583278696505467306e-02
3.194515123567969600e-02,1.580845732673199708e-02
3.263031752776188177e-02,1.575268639034986540e-02
3.263807313392230736e-02,1.569005399674433532e-02
3.302677134004623760e-02,1.568468661723923172e-02
3.343368469793732423e-02,1.563354129561209116e-02
3.351729397355762696e-02,1.569728819619385651e-02
3.396031416648352674e-02,1.575112358112892158e-02
3.417888672546441631e-02,1.574029480139127468e-02
3.444687959885356365e-02,1.570534070804413193e-02
3.480152985374683483e-02,1.544492770889485146e-02
3.489753972611696342e-02,1.528330602783152178e-02
3.524383123890263009e-02,1.520427992574946430e-02
3.565537975282412342e-02,1.513520899872808183e-02
3.580855526156931368e-02,1.473013962503143953e-02
3.605477669387077005e-02,1.458906484639631469e-02
3.604162261588686467e-02,1.450991007769073492e-02
3.597185796518965334e-02,1.425614438575245613e-02
3.577170980850200716e-02,1.393188246543657603e-02
3.563412817320367465e-02,1.395601445609671865e-02
3.555252759953814179e-02,1.400962626749307702e-02
3.517305726547188816e-02,1.381114704516195509e-02
3.535087262851545342e-02,1.360185001141124214e-02
3.533710386458298325e-02,1.352819998732440396e-02
3.533483448853708131e-02,1.334294380891425970e-02
3.528665370029657189e-02,1.316651417817932268e-02
3.529356523803283546e-02,1.311280116273775762e-02
3.516188430487442174e-02,1.301604723705691163e-02
3.501743483595499973e-02,1.284623596451383958e-02
3.455697047652473569e-02,1.284375197593720132e-02
3.457694776831695543e-02,1.271296317847641320e-02
3.473869105591346346e-02,1.248460072907955735e-02
3.476846960138520182e-02,1.219608196298172312e-02
3.439631824910414915e-02,1.212669817798514051e-02
3.442810336660848819e-02,1.206595634820083023e-02
3.420062376332297371e-02,1.199383966906916385e-02
3.389583350273949608e-02,1.188520936503408010e-02
3.298235479961734301e-02,1.195283076779732681e-02
3.279104434375090110e-02,1.192952326912924410e-02
3.220679789395024251e-02,1.193231348222653122e-02
3.200273243564248637e-02,1.188283938866688781e-02
3.225452570502326810e-02,1.198177725956273143e-02
3.188225561354178506e-02,1.211539949932839352e-02
3.153011715700811818e-02,1.242025585056266701e-02
3.151775130600699415e-02,1.241990895735436626e-02
3.103460050296201131e-02,1.234366083212178576e-02
3.042661739859594747e-02,1.251782238956047205e-02
3.037306563647401356e-02,1.279196550493265708e-02
3.014560554716678997e-02,1.284215294851596967e-02
2.978014060871738561e-02,1.278517287083461365e-02
2.985504561966854931e-02,1.282233066323506913e-02
2.880405623280610228e-02,1.279140631384155687e-02
2.906508479614701781e-02,1.294415310768544554e-02
2.887259122419385399e-02,1.296870531764747307e-02
2.850239625675205640e-02,1.297623373319500839e-02
2.846877169419920889e-02,1.294216365364222673e-02
2.819566551206957247e-02,1.288847183282282316e-02
2.795788460454869118e-02,1.288848521556476383e-02
2.807173141012356266e-02,1.289284803608675006e-02
2.798780928294224840e-02,1.285850023254852398e-02
2.785792859794735885e-02,1.274715524502764881e-02
2.779043492668158838e-02,1.269065999947453435e-02
2.763600979360772772e-02,1.263817270583248754e-02
2.768614643098663008e-02,1.257915772017859611e-02
2.778923928266463159e-02,1.254133060932437899e-02
2.786134165294546633e-02,1.242590727057390869e-02
2.804721190636239730e-02,1.221656575506119800e-02
2.824200928967705165e-02,1.198690916571325954e-02
2.870907501121184799e-02,1.185029701407615960e-02
2.872380291074456971e-02,1.165797611217586800e-02
2.918111069501540950e-02,1.132207787200563247e-02
2.999530026320138681e-02,1.138201626828924673e-02
2.990229697087164185e-02,1.141835630984869808e-02
3.012299486046354433e-02,1.128732684370579997e-02
3.037563073866485219e-02,1.114192914189089320e-02
3.067428701893909829e-02,1.107296913457953697e-02
3.109748833544358215e-02,1.091045461403498604e-02
3.140025690774925909e-02,1.087058213593042159e-02
3.170503258344394004e-02,1.074940558917658259e-02
3.180710520074640779e-02,1.040682734494108308e-02
3.186767911505252598e-02,1.040688588010165762e-02
3.196690412487111776e-02,1.028652627601696345e-02
3.186912180169158143e-02,9.957582943671522413e-03
3.187715672348697543e-02,9.973740126240198886e-03
3.182348512758047948e-02,9.906794847177744640e-03
3.177957577946961126e-02,9.561497673051753618e-03
3.168696255415006519e-02,9.527551221848938948e-03
3.160568205313823986e-02,9.434384210477316651e-03
3.144943725555171543e-02,9.262103083242066714e-03
3.106543026630986110e-02,9.086663141890509790e-03
3.075631344713075990e-02,8.777965199498336674e-03
3.016227766978335847e-02,8.232176267044520948e-03
2.994017396460177394e-02,8.183510403280098294e-03
3.012991080784047440e-02,7.939707038126599808e-03
2.996029019692536197e-02,7.707766954780503367e-03
2.940095533375780557e-02,7.788020874196867338e-03
2.935155511529026831e-02,7.715127950555580871e-03
2.917286974380058420e-02,7.550725512714876950e-03
2.855394118537363593e-02,7.483321791258697696e-03
2.879294858513413435e-02,7.383568954854053540e-03
2.869412562649341358e-02,7.319435706618178036e-03
2.840193483428896104e-02,7.336734969491398757e-03
2.803448758684429568e-02,7.330030790109002062e-03
2.807504143417827863e-02,7.252664708866254570e-03
2.790575030132875708e-02,6.941498049053739308e-03
2.752618701847479865e-02,6.973392514745774783e-03
2.744080747358190742e-02,6.898043989416635831e-03
2.700287569873702567e-02,6.905322727421018582e-03
2.688652283812496824e-02,6.891303508666815798e-03
2.642287688103258855e-02,6.838444282252744560e-03
2.643501168701492890e-02,6.757765931323671607e-03
2.643467376018508383e-02,6.618428666261312598e-03
2.631203264978276488e-02,6.453148656611231229e-03
2.638357096696809095e-02,6.212891854373655057e-03
2.642025767437723369e-02,6.150864975803413577e-03
2.649768187927688257e-02,5.724233959870126537e-03
2.651560292779547509e-02,5.898696207114357930e-03
2.654941795056710643e-02,5.860359021898997253e-03
2.666637394646108675e-02,5.668176467334910817e-03
2.658218827587977354e-02,5.649900942551583892e-03
2.659130027876424607e-02,5.651858817518220710e-03
2.660864014735454461e-02,5.697695869855986736e-03
2.659890022969264856e-02,6.276920013632505783e-03
2.652358023762127134e-02,6.509874376312121784e-03
2.638057549512879893e-02,6.371550796309825501e-03
2.625499045869218034e-02,6.471224671146342741e-03
2.604820888344245439e-02,6.609560109532863249e-03
2.598856947206452592e-02,6.706880680871136514e-03
2.581100531396671866e-02,6.785294335062194010e-03
2.574254930135943392e-02,6.957184939805774807e-03
2.534783255461226653e-02,7.006879142393780506e-03
2.529114108291790480e-02,7.118387416741631113e-03
2.480466044386827121e-02,7.282824650644172462e-03
2.454679256453958305e-02,7.280733446030184311e-03
2.393334990486588321e-02,7.305804589019481571e-03
2.367677755543209223e-02,7.294475037190650650e-03
2.385356803622451852e-02,7.244748216073172015e-03
2.376953586741859664e-02,6.975158225662026791e-03
2.361568730936982122e-02,6.891822953083167648e-03
2.351154012380313532e-02,6.667484936490668430e-03
2.355889574894508634e-02,6.615765835831573238e-03
2.372867342729543388e-02,6.635331428800917905e-03
2.372969633289422065e-02,6.505437231260341804e-03
2.374374267502786170e-02,6.476623890635541808e-03
2.388623573410322137e-02,6.454535860840114429e-03
2.399798807973895637e-02,6.408115976762148412e-03
2.415999168480040607e-02,6.416633204278031702e-03
2.392787472443172470e-02,6.449754887557403692e-03
2.390348645444407422e-02,6.593436610288968061e-03
2.368299685247457834e-02,6.588085534670505387e-03
2.329526408006915225e-02,6.571389467544140085e-03
2.311909785930250927e-02,6.601950732932280498e-03
2.302103151717201784e-02,6.616315721657268015e-03
2.288687973443329429e-02,6.628352850465951684e-03
2.302967847590816144e-02,6.625391659462057450e-03
2.295478238452307307e-02,6.600048375367440108e-03
2.294495154748861857e-02,6.551026977213748881e-03
2.289664578486193952e-02,6.544041855234950140e-03
2.287049989243341436e-02,6.523702642033737953e-03
2.261287135135855650e-02,6.477069704639585625e-03
2.260098890307519343e-02,6.396085866240685223e-03
2.262954332559986154e-02,6.422255264286055691e-03
2.246746534781834601e-02,6.401597646461902429e-03
2.228585513968017739e-02,6.673560104984789347e-03
2.210438213683605171e-02,6.613683190844713705e-03
2.207307297508529290e-02,6.641287437166823633e-03
2.185186203058686258e-02,6.759542925097732254e-03
2.182763797593270313e-02,6.986438495219194841e-03
2.161604612382276094e-02,6.990401081457535415e-03
2.164350360681100913e-02,7.032380473914462762e-03
2.154594649946177387e-02,7.506109932173469883e-03
2.126918775618914792e-02,7.645641166894304695e-03
2.119304599359617472e-02,8.074202700083280351e-03
2.089013531189670356e-02,8.044385863411947224e-03
2.028134087404534491e-02,7.994917345596206856e-03
2.030413200242486491e-02,8.289502607282067323e-03
2.032823343261831728e-02,8.793080754595554438e-03
2.027274483953963452e-02,8.938781412407786550e-03
2.024248803019523812e-02,8.942135416394554615e-03
2.023273947080072438e-02,8.986501919098935018e-03
2.035918609513774277e-02,9.038457936590105560e-03
2.035475956170888084e-02,9.081995513451183305e-03
2.029467938209012640e-02,9.095838513537660500e-03
2.026448498284535646e-02,9.087521383004417558e-03
2.020410091759724039e-02,9.063537530224083372e-03
2.018124225867453519e-02,9.034509075220601912e-03
2.027715382941740543e-02,9.007835229849475017e-03
2.036742077849135191e-02,8.988802282428090193e-03
2.036811400597607694e-02,8.944321990477592174e-03
2.040699732705902186e-02,8.982376312189704892e-03
2.056929485128434695e-02,8.739313069952039242e-03
2.045880200146824035e-02,8.761806667398121598e-03
2.044743603065247300e-02,8.593115871669282022e-03
2.047962831436434678e-02,8.368048246778043639e-03
2.053448576472355000e-02,8.405004219498489471e-03
2.047784671855698568e-02,8.290597262614864127e-03
2.035419425730079779e-02,8.268099863672443567e-03
2.039231271851402877e-02,8.200366406985471965e-03
2.036736496247158745e-02,8.059388449561853685e-03
2.038080251750185382e-02,8.086836023174746868e-03
2.042030666306220155e-02,8.076490557302373058e-03
2.048609788365092846e-02,8.026840498328970466e-03
2.066919925452763776e-02,7.995323807627368121e-03
2.071041827242212779e-02,8.052330513010696328e-03
2.079393898202910873e-02,8.169076771600043349e-03
2.083868272204048022e-02,8.433547660184633962e-03
2.079394951975158459e-02,8.519028065556818324e-03
2.083070390212254930e-02,8.536058645208847301e-03
2.095352184695356904e-02,8.643990831186146653e-03
2.118633463612762391e-02,8.735214895260700468e-03
2.125959301323732120e-02,8.763886613215780483e-03
2.156517015461530476e-02,8.808846600163839149e-03
2.144886142414402855e-02,9.035797764812959418e-03
2.149933321941647699e-02,8.911184844793822515e-03
2.177964453616085261e-02,8.854345078948095901e-03
2.169183334424836310e-02,8.757993528273184253e-03
2.173573347555019311e-02,8.694034467915816994e-03
2.189554734807805034e-02,8.449157815402678212e-03
2.186529167565922499e-02,8.430127147243407504e-03
2.187355234050796654e-02,8.406511542862430547e-03
2.197383761318820114e-02,8.321858538977463041e-03
2.209089767149695349e-02,8.325916431078184479e-03
2.246555675922970452e-02,8.162899841118226654e-03
2.253292993926076654e-02,8.056058046346774998e-03
2.282817260455060476e-02,7.934577334802479093e-03
2.308231266126809650e-02,7.873005160658488877e-03
2.389886800432162658e-02,7.566353896200178793e-03
2.396993357745061046e-02,7.633787921227716024e-03
2.388060130307916723e-02,7.614105385192495440e-03
2.393219498701799550e-02,7.451882012764514222e-03
2.432991449652152291e-02,7.473052050352192895e-03
2.431584168342607738e-02,7.352428874339136076e-03
2.450670384993785741e-02,7.274782636949517038e-03
2.470043519847967342e-02,7.331960327466038874e-03
2.484750177190445455e-02,7.296456438857093670e-03
2.500059075335129416e-02,7.229435715971774257e-03
2.518505578334455722e-02,7.199529259100541020e-03
2.546002967852931120e-02,7.197568644431324818e-03
2.577165685164762784e-02,7.103161954804476999e-03
2.603775042370653353e-02,7.089092030011194014e-03
2.603823299711261266e-02,7.074224726278357384e-03
2.626349639807928557e-02,7.042666793329464998e-03
2.628640756145569218e-02,6.938824467664118922e-03
2.630119970553165820e-02,6.944828029827835626e-03
2.641730631339019725e-02,6.906438774337575817e-03
2.643862164699007158e-02,6.721606298171381444e-03
2.670589617418018397e-02,6.628802345016728340e-03
2.675465259974892790e-02,6.590455463801990141e-03
2.704157355476785596e-02,6.475199135798439393e-03
2.702907480066753243e-02,6.348100584994255911e-03
2.715865921736663677e-02,6.359374518822825950e-03
2.722579618760867862e-02,6.294507661156397392e-03
2.778047468436737819e-02,6.215356598895746369e-03
2.768231108756484884e-02,6.149581448275539403e-03
2.780525169730767299e-02,5.976765229746667206e-03
2.786555725687824350e-02,5.772754338074548991e-03
2.811684559306411313e-02,5.586257136774416300e-03
2.825925302598090300e-02,5.682676680541095919e-03
2.851674001608552056e-02,5.639658913888978033e-03
2.863169287620613915e-02,5.515931215146431012e-03
2.879774164188743379e-02,5.510487856169783184e-03
2.893377863742383274e-02,5.415239983089002208e-03
2.905305424999749669e-02,5.261258684098370393e-03
2.928017771713787784e-02,5.178920518808581216e-03
2.942271931825544626e-02,5.101490879858869981e-03
2.959134217191327146e-02,5.025226413746921965e-03
3.017427848132767099e-02,4.992272995932580185e-03
3.041480852262000434e-02,4.908327619769435081e-03
3.074203259268534771e-02,4.850054731505405205e-03
3.105336516450579384e-02,4.793518920433056246e-03
3.102169643447919706e-02,4.757797301547682031e-03
3.103995669437394425e-02,4.747188988927278017e-03
3.109757315717975173e-02,4.742182942963116613e-03
3.121613488980262349e-02,4.720269733702011500e-03
3.134759618583528307e-02,4.715384961834405940e-03
3.145274197129875604e-02,4.704829163550907842e-03
3.146594633240314132e-02,4.687452419306389895e-03
3.160911836616730336e-02,4.677845646458783126e-03
3.158441887802761888e-02,4.660502283023967504e-03
3.171836348251879517e-02,4.637938628844142860e-03
3.176689619025552247e-02,4.607091717332869978e-03
3.175552667242910465e-02,4.573466152316895197e-03
3.182266543537778242e-02,4.545023616203333616e-03
3.191739667244035406e-02,4.573603088513584353e-03
3.196600655539433983e-02,4.588594715196309820e-03
3.203094486412463859e-02,4.656966833844785117e-03
3.194285630910381757e-02,4.689929445755555530e-03
3.181780486017071752e-02,4.750696338617869420e-03
3.166561303121329107e-02,4.944547066055860092e-03
3.150988685439767845e-02,4.948542229317592911e-03
3.146652155677148732e-02,5.026060313166828136e-03
3.150230569941094017e-02,5.180002500169172096e-03
3.139664293686821733e-02,5.183090275979226891e-03
3.128733136666995984e-02,5.231375335903624274e-03
3.115987651685863530e-02,5.273839886973518722e-03
3.117471150560691823e-02,5.305893248624785584e-03
3.110540695240279416e-02,5.342961567453494154e-03
3.096861430846678184e-02,5.386059611188451744e-03
3.094124631417754373e-02,5.399489709350252520e-03
3.086764274044060882e-02,5.324459827111958921e-03
3.084210382446276807e-02,5.311419487938393198e-03
3.083261368474251099e-02,5.313314163394323650e-03
3.074862974438198962e-02,5.235353855696892565e-03
3.076815202211512223e-02,5.146555301087182670e-03
3.072910199090468988e-02,5.095410497695461970e-03
3.074605820410937843e-02,5.128455168668792988e-03
3.080198574696017474e-02,5.104932958798024875e-03
3.125354143371251309e-02,5.017169594378288917e-03
3.145839015775078740e-02,4.998942576401171727e-03
3.168012582172540642e-02,4.960236189668829933e-03
3.153245456961561305e-02,4.955030253846507207e-03
3.166698198811361553e-02,5.023532727639550000e-03
3.186007165731291613e-02,5.010845372298386446e-03
3.213474951840281785e-02,5.017856211147455649e-03
3.231912584517340759e-02,5.027873838002984257e-03
3.225242162232157261e-02,5.088367607706558576e-03
3.231033165857583045e-02,5.076886885100471286e-03
3.241162065584730217e-02,5.086376879397186239e-03
3.228274898875374554e-02,5.178792593631858718e-03
3.230978470871800901e-02,5.222902621242137347e-03
3.238783525821362780e-02,5.250522583189857172e-03
3.243507605477209677e-02,5.225896020951630028e-03
3.246406534544925976e-02,5.260108230097319121e-03
3.248242890927357379e-02,5.272996501200418254e-03
3.254663504790696743e-02,5.332584843447715772e-03
3.253645285290734240e-02,5.273264976317654923e-03
3.253528577769342067e-02,5.270399413264219984e-03
3.254894329926175806e-02,5.283675963056191915e-03
3.256545500197023657e-02,5.280023209097444228e-03
3.258550394604798478e-02,5.210259292703244526e-03
3.264273238505648045e-02,5.195134203059030217e-03
3.273060195338654832e-02,5.157341218233016909e-03
3.291156100453127009e-02,5.037332945324685986e-03
3.290220618601601837e-02,5.005421690221068150e-03
3.292049500949612711e-02,4.949129968362362547e-03
3.293121687409972936e-02,4.935261573831147344e-03
3.295039681702660594e-02,4.843443053979843392e-03
3.296307024591296764e-02,4.835621346189318548e-03
3.298255733301886511e-02,4.564285432091279814e-03
3.297865652738608822e-02,4.521673369255023618e-03
3.299068043530990757e-02,4.531013798308221145e-03
3.296922291020285001e-02,4.487495934496059727e-03
3.296633939195676294e-02,4.360455283112617611e-03
3.296376371505951863e-02,4.332642886277588042e-03
3.294364695080877203e-02,4.177073280110096473e-03
3.293211553058492114e-02,4.095715024586018757e-03
3.289263968110708175e-02,3.921032403417137879e-03
3.286899171890176469e-02,3.869515025714451856e-03
3.283572308625080927e-02,3.744801489393195966e-03
3.278759609931138769e-02,3.649934125563446003e-03
3.271723819305101533e-02,3.554389108930495946e-03
3.261717012180868902e-02,3.492999699756899230e-03
3.249538169536537319e-02,3.287571546037447879e-03
3.243831109767587872e-02,3.430169816480231355e-03
3.238719535584951709e-02,3.351207850107958998e-03
3.232526352336974329e-02,3.209330329026767459e-03
3.214390623221938942e-02,3.253571619890456915e-03
3.214417539221549325e-02,3.048776494098890712e-03
3.204215332512189152e-02,2.941713238782223041e-03
3.216622808074696277e-02,2.956213161602725195e-03
3.214141278892607145e-02,2.878754251723533372e-03
3.192796215807944954e-02,2.750435199038467858e-03
3.192846750591150917e-02,2.777055514440642924e-03
3.194945415602292588e-02,2.717023395957913860e-03
3.169720219322758742e-02,2.570622693881722317e-03
3.148595941688991928e-02,2.629807133383448448e-03
3.136911395812300163e-02,2.587045268916836772e-03
3.127359052077449686e-02,2.562465211900755071e-03
3.127645735593746062e-02,2.522572178796174316e-03
3.125017868377219510e-02,2.405503462577076711e-03
3.130722886407361072e-02,2.443234650756835862e-03
3.125000392146638079e-02,2.312677077642436713e-03
3.133106204044977527e-02,2.289708888675651404e-03
3.136566679955959946e-02,2.206978538403800340e-03
3.133370810704786541e-02,2.153708519159053692e-03
3.129637130251303884e-02,2.185761886586182114e-03
3.124350109128869526e-02,2.154377352004036451e-03
