# loss_dp, loss_pinn
5.039730009855174497e-01,2.145597898296788472e-03
5.038402576670449884e-01,2.060063680189986365e-03
5.038208896390478087e-01,2.029874569381493864e-03
5.038208894562649087e-01,2.029874210051535281e-03
5.038208892673021744e-01,2.029873876103106475e-03
5.038208839308202514e-01,2.029871251935964644e-03
5.038208629456720766e-01,2.029862378890410698e-03
5.038208623121185337e-01,2.029860287111598903e-03
5.038208621130658704e-01,2.029859533816878898e-03
5.038208617222749153e-01,2.029858088593697318e-03
5.038208600043809771e-01,2.029844180630903730e-03
5.038208451842857150e-01,2.029838372858417273e-03
5.038205197650942324e-01,2.029832056199486114e-03
5.038200584697188900e-01,2.029781829992296713e-03
5.038157943272250083e-01,2.029737899354816088e-03
5.038138238091657284e-01,2.029537167893908506e-03
5.038089902366361672e-01,2.029216915591313189e-03
5.014842845118014925e-01,2.028567186277547858e-03
5.013677256862152376e-01,2.027821777220565648e-03
5.012104456146099229e-01,2.019682486892868979e-03
5.008626660209235526e-01,2.017322717708059428e-03
5.002433501207776967e-01,1.985306017240097420e-03
5.001592473503517766e-01,1.749405047532356624e-03
5.001153716355333234e-01,1.701201979729858064e-03
5.001125042230860629e-01,1.186554711205546966e-03
5.001058788491421492e-01,7.649484009324755826e-04
5.000988199021038083e-01,6.380657046853440914e-04
5.000957615894230379e-01,6.119415586555843186e-04
5.000943739728941351e-01,6.060594130896700474e-04
5.000855218741626640e-01,6.056392300130830630e-04
5.000734246356233204e-01,5.944975424062129725e-04
5.000677052421542701e-01,5.765897859071701442e-04
5.000621695850157034e-01,5.705919188286781400e-04
5.000589013552698692e-01,5.537750082379970388e-04
5.000559581588925884e-01,5.399951258425600420e-04
5.000524800634830180e-01,5.289439038440504198e-04
5.000487262658883658e-01,5.185416433498951346e-04
5.000475028353442708e-01,1.784499095174527377e-04
5.000452995106912102e-01,1.539879113486030163e-04
5.000436381681412357e-01,1.301936622942584897e-04
5.000419730745508939e-01,1.223181407803964314e-04
5.000403855880948267e-01,1.179773671383956251e-04
5.000393076254292524e-01,1.061488820715597288e-04
5.000385543803393951e-01,8.868905489098278161e-05
5.000372856722006265e-01,5.184861044602002918e-05
5.000343549670187571e-01,2.943873045572038366e-05
5.000296451344592441e-01,2.850000313402880803e-05
5.000254478315111495e-01,2.662808824104509272e-05
5.000215845098088252e-01,2.613412313189476363e-05
5.000189654550648566e-01,2.554524296062009821e-05
5.000185736921908264e-01,2.512688719019011088e-05
5.000160991403559407e-01,2.449832530432832355e-05
5.000154355855617183e-01,2.402764425653230405e-05
5.000148210189228060e-01,2.369898613929239601e-05
5.000145153121851038e-01,2.330052716821949866e-05
5.000142998024470486e-01,2.279139040022584516e-05
5.000141232428271243e-01,2.215718498701270897e-05
5.000138143283605618e-01,2.102493733879936934e-05
5.000132296905031026e-01,1.935167779249466095e-05
5.000124470904636631e-01,1.704297710477000979e-05
5.000114217034994368e-01,1.332159808039637530e-05
5.000109439512325782e-01,1.285842297798430418e-05
5.000094341238755513e-01,1.261934498670683540e-05
5.000078826444926960e-01,1.256469103404720138e-05
5.000071182208288834e-01,1.254287346495856103e-05
5.000070377543678335e-01,1.251054967309103401e-05
5.000068986901735624e-01,1.249354799371413584e-05
5.000066458876725184e-01,1.244976941304749622e-05
5.000061487170301966e-01,1.232316600382571360e-05
5.000058005514087522e-01,1.223468655590624095e-05
5.000052475436180810e-01,1.205987134761130693e-05
5.000050366969051030e-01,1.196474536194375701e-05
5.000048698073182862e-01,1.192143452772945324e-05
5.000046740628438791e-01,1.186257248291672646e-05
5.000044765101682165e-01,1.180851588558902970e-05
5.000044385460448160e-01,1.172458999748399248e-05
5.000043441825462454e-01,1.147444497063660462e-05
5.000042966272111311e-01,1.125081967678343066e-05
5.000042424782594752e-01,1.073212814681773191e-05
5.000041858063828393e-01,1.017528597049419920e-05
5.000041118802571738e-01,9.603538822834397804e-06
5.000040986187536118e-01,9.000687665377264774e-06
5.000040400031724452e-01,8.325253725895781704e-06
5.000040198754026610e-01,7.228876169312737054e-06
5.000039873125952106e-01,6.724571485167034648e-06
5.000039128852846737e-01,6.026831342322154609e-06
5.000037149775957701e-01,5.633227440143795837e-06
5.000034451470823926e-01,5.426520243225084081e-06
5.000031001388449692e-01,5.328465912880771019e-06
5.000027210793610566e-01,5.131169312379578076e-06
5.000025134655069481e-01,4.424318332874709900e-06
5.000024091749883937e-01,4.219403506775968163e-06
5.000023009026345333e-01,4.146274719384989917e-06
5.000021829677054885e-01,4.093559097099605393e-06
5.000021297882929483e-01,4.000587050967466319e-06
5.000020668343551078e-01,3.891296389902796350e-06
5.000019870970884295e-01,3.753741063809343091e-06
5.000019094654752916e-01,3.678219170307476002e-06
5.000018898480929064e-01,3.612427877537789408e-06
5.000018694764462035e-01,3.529183712328817151e-06
5.000018484446774325e-01,3.378829649705434058e-06
5.000018378043319389e-01,3.073087712895940798e-06
5.000018204762087803e-01,2.790093207631160464e-06
5.000017997930619185e-01,2.337969785057728556e-06
5.000017692971622241e-01,2.114529093006934038e-06
5.000017388942636920e-01,2.062976426307338937e-06
5.000017248458451524e-01,1.938854724946298284e-06
5.000017064596735672e-01,1.891403847197060827e-06
5.000016945284996295e-01,1.813629464086336834e-06
5.000016819672093993e-01,1.748192560398790266e-06
5.000016744250348477e-01,1.662186175458705483e-06
5.000016604019970057e-01,1.617103969705008861e-06
5.000016414749273164e-01,1.588129628276046550e-06
5.000016128348060418e-01,1.541652507529960119e-06
5.000015772524336599e-01,1.520032063999335829e-06
5.000015536321091858e-01,1.506270032898069234e-06
5.000015388324765553e-01,1.490087598414409009e-06
5.000015303975258174e-01,1.467035125392489800e-06
5.000015138333600007e-01,1.462462663905087903e-06
5.000015027283835067e-01,1.454283766283753893e-06
5.000014403630155257e-01,1.450593917276190117e-06
5.000013881785322356e-01,1.445690976075676323e-06
5.000013375005940564e-01,1.435058572084213811e-06
5.000013203794682060e-01,1.425984779351522418e-06
5.000012798623506560e-01,1.416937652873917919e-06
5.000012388088321824e-01,1.395953238245477397e-06
5.000011797236882938e-01,1.325207356852981061e-06
5.000011251827981562e-01,1.231720645865455521e-06
5.000010976670270502e-01,1.180051395707592173e-06
5.000010923434299315e-01,1.147014509542508294e-06
5.000010845028626250e-01,1.117795442139498597e-06
5.000010782163033518e-01,1.107016727000109222e-06
5.000010712238249777e-01,1.093066186533167127e-06
5.000010660935441109e-01,1.078221760453943228e-06
5.000010599054666161e-01,1.061252881995076279e-06
5.000010563877244074e-01,1.040325581429193457e-06
5.000010550841268442e-01,1.014656732600211317e-06
5.000010537477432848e-01,1.008769055842066647e-06
5.000010497581173219e-01,9.877035821961878195e-07
5.000010327902628671e-01,9.778055651853015313e-07
5.000010274466210047e-01,9.654311286150337452e-07
5.000010247498477556e-01,9.341475065237781120e-07
5.000010238510959049e-01,8.945113054103432087e-07
5.000010233134715154e-01,8.725043018125218029e-07
5.000010230968831015e-01,8.443669399136571146e-07
5.000010229642323223e-01,7.932395590354609446e-07
5.000010225735107561e-01,7.504664315996069404e-07
5.000010215774590705e-01,6.704545429894042933e-07
5.000010190581632985e-01,6.266952555878775125e-07
5.000010144526487732e-01,4.943376981541461582e-07
5.000010087006714343e-01,4.552539286947515227e-07
5.000009966028517994e-01,3.991580369118246197e-07
5.000009800687504891e-01,3.658301827686030558e-07
5.000009756484300460e-01,3.313673708197396108e-07
5.000009648024359432e-01,2.938734477788034183e-07
5.000009574299560944e-01,2.737916535083519909e-07
5.000009444453301644e-01,2.564650068503556019e-07
5.000009407957656249e-01,2.425730353692265642e-07
5.000009209335145588e-01,2.167469290057604683e-07
5.000009090687256297e-01,1.998685657382232916e-07
5.000008997198273075e-01,1.824985552469831862e-07
5.000008896646127576e-01,1.706892718439351668e-07
5.000008772933324241e-01,1.661043128466957320e-07
5.000008630465432313e-01,1.617955419584995228e-07
5.000008484050197932e-01,1.531022112211963423e-07
5.000008439157297424e-01,1.513202950340225002e-07
5.000008356296203882e-01,1.497908614222653462e-07
5.000008235512372057e-01,1.481231376643031942e-07
5.000008139347336122e-01,1.472872164031372613e-07
5.000008000071675118e-01,1.469022191506269172e-07
5.000007974560989332e-01,1.466469548679705112e-07
5.000007852216665771e-01,1.465801567299125533e-07
5.000007700130166821e-01,1.459785315350167202e-07
5.000007471511492829e-01,1.449262082402738097e-07
5.000007178452843259e-01,1.425464350939797359e-07
5.000007125774976746e-01,1.405997940087495283e-07
5.000006907572387416e-01,1.389807322334493207e-07
5.000006725500901750e-01,1.383308995389977963e-07
5.000006659025163502e-01,1.382434808481508421e-07
5.000006610806777552e-01,1.382302225409808312e-07
5.000006513257281293e-01,1.382224024468982434e-07
5.000006502457791102e-01,1.382181059437771439e-07
5.000006494035107441e-01,1.382163001078324042e-07
5.000006485397880951e-01,1.382127917285303689e-07
5.000006478155476497e-01,1.382045939303733577e-07
5.000006448453795382e-01,1.381879192652796451e-07
5.000006376185363033e-01,1.381420304937111760e-07
5.000006148947186979e-01,1.380295093171934221e-07
5.000005987148662401e-01,1.377359528318178479e-07
5.000005765392051549e-01,1.368856293106581245e-07
5.000005523134731789e-01,1.346783264242529701e-07
5.000005425460656294e-01,1.330256152237670158e-07
5.000005266742432175e-01,1.309483753539106936e-07
5.000005110120135932e-01,1.303239882893266610e-07
5.000005018332760454e-01,1.290764506142569130e-07
5.000004947852524362e-01,1.279797852345629308e-07
5.000004897226437706e-01,1.264781393950948165e-07
5.000004853423535289e-01,1.235904322948422583e-07
5.000004801852566683e-01,1.220632793888207655e-07
5.000004726860769466e-01,1.190333832883695388e-07
5.000004592466505970e-01,1.172660548492043791e-07
5.000004355418813384e-01,1.160570263523744344e-07
5.000004206514123695e-01,1.131834895505230973e-07
5.000004098782747652e-01,1.124346849695888267e-07
5.000003950820656184e-01,1.106950236889861982e-07
5.000003886274015930e-01,1.087115806776554475e-07
5.000003794319509698e-01,1.075845488242868784e-07
5.000003720788652739e-01,1.058190649225641821e-07
5.000003568330263493e-01,1.053728659936956168e-07
5.000003518404185776e-01,1.048279187181322784e-07
5.000003439012448148e-01,1.045384151656635536e-07
5.000003349142512210e-01,1.042341546997595222e-07
5.000003273176462093e-01,1.038949474419196255e-07
5.000003186801289523e-01,1.038109515639344688e-07
5.000003119345409752e-01,1.037861963497821729e-07
5.000003069214731255e-01,1.037798203425275796e-07
5.000002900056998989e-01,1.037679659448564368e-07
5.000002782646413291e-01,1.036779009138202030e-07
5.000002647227185237e-01,1.035281677309764196e-07
5.000002492842104962e-01,1.031765347852437219e-07
5.000002366412797938e-01,1.029126847226738413e-07
5.000002260358723527e-01,1.027713811412931490e-07
5.000002130351709484e-01,1.025276200785244421e-07
5.000002099634069941e-01,1.024427569128264179e-07
5.000002020736814545e-01,1.024086964412300333e-07
5.000001967661766855e-01,1.023952276463957643e-07
5.000001934804650938e-01,1.023815856130238563e-07
5.000001878043979220e-01,1.023772431351367999e-07
5.000001861961025362e-01,1.023757873727214145e-07
5.000001848467371390e-01,1.023746574740915421e-07
5.000001838707150981e-01,1.023736844082611117e-07
5.000001835571097342e-01,1.023713955608932409e-07
5.000001833534005735e-01,1.023666614110067835e-07
5.000001831615518144e-01,1.023563291455645534e-07
5.000001813818135687e-01,1.023338889040596380e-07
5.000001727734207924e-01,1.022859909035348064e-07
5.000001687255832827e-01,1.022211257420556040e-07
5.000001610868132218e-01,1.021583088957373677e-07
5.000001475537092510e-01,1.021020171164153137e-07
5.000001349218443636e-01,1.020583489997341460e-07
5.000001309238619740e-01,1.020098319326948788e-07
5.000001167169181304e-01,1.019971209236929315e-07
5.000001116523502542e-01,1.019784794242217267e-07
5.000001079404364779e-01,1.019648228295642192e-07
5.000001048750096766e-01,1.019524259657163237e-07
5.000000946523774914e-01,1.019402671167255877e-07
5.000000885825850450e-01,1.019289644186744371e-07
5.000000836962917861e-01,1.019191502682174718e-07
5.000000748085924318e-01,1.019164420198833832e-07
5.000000715000778584e-01,1.019157264481769871e-07
5.000000642144977192e-01,1.019150891445483049e-07
5.000000587828297149e-01,1.019142192134704433e-07
5.000000556304284860e-01,1.019132320100285147e-07
5.000000523967433885e-01,1.019126279304144381e-07
5.000000480120196933e-01,1.019123118849788548e-07
5.000000457435337387e-01,1.019118467869710620e-07
5.000000435789890840e-01,1.019111553665512695e-07
5.000000409689443481e-01,1.019099284257332855e-07
5.000000373169464218e-01,1.019071759365665798e-07
5.000000314777031107e-01,1.019005755589572013e-07
5.000000258825277877e-01,1.018858572071267407e-07
5.000000245005401522e-01,1.018573569618046587e-07
5.000000215182086594e-01,1.017822892070310723e-07
5.000000185703590283e-01,1.017623588573831306e-07
5.000000168763923947e-01,1.017270387390516259e-07
5.000000156567845355e-01,1.016182966727209572e-07
5.000000142812062176e-01,1.014923060038648837e-07
5.000000134863058499e-01,1.013993218031438358e-07
5.000000122957006798e-01,1.011978379959809861e-07
5.000000118549137174e-01,1.011480510999368778e-07
5.000000113182050399e-01,1.011179965105280569e-07
5.000000110191815672e-01,1.010626517895887884e-07
5.000000109699505035e-01,1.010143550672881893e-07
5.000000108181033021e-01,1.009007673131950379e-07
5.000000104648920640e-01,1.008415388663770380e-07
5.000000101050208201e-01,1.007861089390891841e-07
5.000000094586012356e-01,1.006902430608799952e-07
5.000000089766336586e-01,1.006048744293254383e-07
5.000000088515099694e-01,1.004928460907055646e-07
5.000000087126823534e-01,1.003781117943435469e-07
5.000000086683689116e-01,1.002862166911992583e-07
5.000000085088066593e-01,1.002232331749660455e-07
5.000000074114752113e-01,1.000924261569283026e-07
5.000000051959069269e-01,9.998167179748192935e-08
5.000000021327787314e-01,9.992103033888597228e-08
4.999999998638051113e-01,9.982989647516485800e-08
4.999999970745409028e-01,9.972900295008374308e-08
4.999999957862401034e-01,9.968932140372615754e-08
4.999999944949684583e-01,9.958325920647118844e-08
4.999999923450739181e-01,9.945070535250444432e-08
4.999999918756549144e-01,9.936348456933806249e-08
4.999999900391339791e-01,9.932396521879562672e-08
4.999999890036112005e-01,9.923035369049522931e-08
4.999999882968564346e-01,9.916518680323663356e-08
4.999999875061749144e-01,9.912912013031421799e-08
4.999999863313649429e-01,9.909597373455856306e-08
4.999999853528437344e-01,9.907321425823215385e-08
4.999999851146426089e-01,9.898980675492829124e-08
4.999999845845447544e-01,9.894618869632757318e-08
4.999999843141419431e-01,9.889741793661801646e-08
4.999999838698454546e-01,9.883647702156000169e-08
4.999999832290291657e-01,9.877834755791327322e-08
4.999999828837414784e-01,9.875096938761014019e-08
4.999999823072642235e-01,9.868164495000368753e-08
4.999999818911607941e-01,9.863064434985489913e-08
4.999999817384803702e-01,9.860532056745035834e-08
4.999999816562876176e-01,9.858495953597317594e-08
4.999999812357094897e-01,9.855503108589027048e-08
4.999999806605175401e-01,9.853131835256515530e-08
4.999999802045669850e-01,9.847029942893890756e-08
4.999999797865787299e-01,9.843014160734916962e-08
4.999999794309391010e-01,9.838250982247122243e-08
4.999999790266342337e-01,9.833269450346048828e-08
4.999999787515743144e-01,9.830620387837005824e-08
4.999999783600306280e-01,9.828244342618682289e-08
4.999999782440984752e-01,9.822165532916682049e-08
4.999999781637217700e-01,9.820149976607673166e-08
4.999999780343759581e-01,9.814733187684079929e-08
4.999999778762288516e-01,9.810348362240758531e-08
4.999999776513562866e-01,9.808129990993724288e-08
4.999999775522788736e-01,9.805192442114775829e-08
4.999999774295931232e-01,9.800355387883985673e-08
4.999999772727362624e-01,9.797042021179302936e-08
4.999999769069644051e-01,9.792648293623937451e-08
4.999999765149858444e-01,9.790822899171848196e-08
4.999999763535095676e-01,9.787184345330341037e-08
4.999999759486727369e-01,9.783224918129087408e-08
4.999999754715512834e-01,9.779638357357817790e-08
4.999999748652267373e-01,9.776119721888232419e-08
4.999999742447842621e-01,9.771634448595327406e-08
4.999999733350655173e-01,9.769468363646650285e-08
4.999999722667373692e-01,9.766532227691293569e-08
4.999999717848195857e-01,9.762483368451144399e-08
4.999999711388175005e-01,9.760670469399071015e-08
4.999999706355909845e-01,9.753881119626641457e-08
4.999999703020794328e-01,9.750527078450507962e-08
4.999999699683412846e-01,9.746928331957478926e-08
4.999999689889130794e-01,9.746475769451383718e-08
4.999999683966508401e-01,9.738203919598330757e-08
4.999999679663834073e-01,9.734917861204609337e-08
4.999999674622764845e-01,9.731919452553303089e-08
4.999999670902305349e-01,9.730213476531863632e-08
4.999999665141998673e-01,9.727507820395119460e-08
4.999999661622801517e-01,9.722661910156277946e-08
4.999999649663997570e-01,9.721351503102778342e-08
4.999999633158717094e-01,9.717154029412654341e-08
4.999999603444393870e-01,9.712772742473962586e-08
4.999999566162479647e-01,9.707604527980212027e-08
4.999999558239772712e-01,9.704582747867152893e-08
4.999999553588772017e-01,9.698007796215556442e-08
4.999999551600665670e-01,9.695878147043622382e-08
4.999999548989844111e-01,9.688290459404115043e-08
4.999999546147519958e-01,9.684297707885875248e-08
4.999999544124058559e-01,9.677445336452907835e-08
4.999999542553430487e-01,9.673392516794644073e-08
4.999999541689517102e-01,9.668545035495750748e-08
4.999999541187642449e-01,9.664176190024603788e-08
4.999999540986825863e-01,9.660393921897571166e-08
4.999999540899955908e-01,9.656996424927647490e-08
4.999999540850941782e-01,9.651005899820120401e-08
4.999999540834153544e-01,9.645022945031813492e-08
4.999999540824853206e-01,9.639792815176885305e-08
4.999999540808402476e-01,9.631795757709269772e-08
4.999999540732064096e-01,9.625916884669162194e-08
4.999999540284007504e-01,9.623729973264340042e-08
4.999999539747330690e-01,9.619764059936632683e-08
4.999999539638678159e-01,9.614650285248916361e-08
4.999999539538584337e-01,9.608159356298593325e-08
4.999999539411243421e-01,9.600732267155119672e-08
4.999999539194152076e-01,9.593263478906981955e-08
4.999999538939688959e-01,9.589654088346465551e-08
4.999999536890540330e-01,9.583500364631967117e-08
4.999999536596122507e-01,9.580057084533754524e-08
4.999999535193014877e-01,9.577220226279167784e-08
4.999999534895246955e-01,9.573122555562361750e-08
4.999999534741432772e-01,9.567358495064724516e-08
4.999999534645059862e-01,9.561688057220385960e-08
4.999999534558338121e-01,9.547774751441087622e-08
4.999999534354945263e-01,9.535793728034159035e-08
4.999999534049523464e-01,9.520073795955779897e-08
4.999999533632588089e-01,9.513625713306759709e-08
4.999999533252822981e-01,9.505891591063002102e-08
4.999999532554237902e-01,9.491156605261612209e-08
4.999999532476679942e-01,9.481711343915314610e-08
4.999999531974993472e-01,9.477709449556959510e-08
4.999999531674599318e-01,9.475604836617806753e-08
4.999999531502014594e-01,9.473072523371090690e-08
4.999999531265860164e-01,9.469485965269598776e-08
4.999999530902952682e-01,9.459387212247231395e-08
4.999999530593959296e-01,9.456688234057873749e-08
4.999999530491839872e-01,9.440257141618980465e-08
4.999999530227047240e-01,9.438077137772091571e-08
4.999999529974930024e-01,9.425526338718572877e-08
4.999999529911396401e-01,9.412037907652798098e-08
4.999999529833170087e-01,9.397106373192552905e-08
4.999999529815194466e-01,9.388172070768788460e-08
4.999999529751494309e-01,9.380010352417284901e-08
4.999999529698920808e-01,9.371483936151976387e-08
4.999999529579655100e-01,9.367864862609506523e-08
4.999999529481007343e-01,9.366119458869385043e-08
4.999999529403635901e-01,9.363146491620066722e-08
4.999999529342503690e-01,9.359725702276965528e-08
4.999999529188000613e-01,9.348879245611776337e-08
4.999999528931142745e-01,9.333858173295824410e-08
4.999999528305811292e-01,9.330211665128422329e-08
4.999999527883657313e-01,9.325558148363679452e-08
4.999999527524878751e-01,9.314097778061906187e-08
4.999999526984001963e-01,9.308402744960324239e-08
4.999999526588319032e-01,9.302792343455998618e-08
4.999999525489356444e-01,9.299106657631619124e-08
4.999999525052644112e-01,9.292764040449882481e-08
4.999999524308207377e-01,9.286126457812014816e-08
4.999999523991109363e-01,9.278125975093634665e-08
4.999999523451359451e-01,9.271735487090793012e-08
4.999999523298553350e-01,9.263559680829446458e-08
4.999999523095011722e-01,9.257196631836589532e-08
4.999999522930534956e-01,9.250959229958515232e-08
4.999999522682765374e-01,9.246172066068268242e-08
4.999999522438824950e-01,9.242093797634786652e-08
4.999999521874837205e-01,9.240426406874415132e-08
4.999999521511050427e-01,9.237375747594986031e-08
4.999999521323146290e-01,9.233358330216381779e-08
4.999999521171558658e-01,9.232660385700675292e-08
4.999999521111372358e-01,9.231860173642294094e-08
4.999999521069639075e-01,9.229865431871401389e-08
4.999999521058185459e-01,9.229391460245351865e-08
4.999999521018186344e-01,9.229022539874759919e-08
4.999999520891369453e-01,9.228683004998708346e-08
4.999999520574783807e-01,9.228513590194730640e-08
4.999999519959375527e-01,9.228250995490448456e-08
4.999999519179338936e-01,9.228053219211032886e-08
4.999999518565782508e-01,9.227847208743660959e-08
4.999999517865196252e-01,9.227630426777675038e-08
4.999999517334602905e-01,9.227172675974178754e-08
4.999999517095801149e-01,9.226020383182042294e-08
4.999999516913972708e-01,9.222984361380585200e-08
4.999999516751389428e-01,9.218959114202650649e-08
4.999999516594072491e-01,9.212413576548664849e-08
4.999999516447450332e-01,9.202793802127907767e-08
4.999999516174046255e-01,9.193763855535301880e-08
4.999999515737508782e-01,9.178780963134943710e-08
4.999999514900972386e-01,9.172657131000385821e-08
4.999999514363946407e-01,9.170253978407198834e-08
4.999999512107705657e-01,9.160363155405701161e-08
4.999999509789889718e-01,9.154583767315003580e-08
4.999999507470012095e-01,9.145715696814097002e-08
4.999999506302026386e-01,9.139303477455086304e-08
4.999999504593312105e-01,9.126705560131373862e-08
4.999999503683038582e-01,9.118789169979734992e-08
4.999999502808958329e-01,9.112782598984859924e-08
4.999999502150778152e-01,9.108458965195493590e-08
4.999999501435155036e-01,9.104584758261429591e-08
4.999999500543733100e-01,9.098242096404538920e-08
4.999999499124112012e-01,9.095283945514529817e-08
4.999999498479081317e-01,9.092923716968565298e-08
4.999999497779181734e-01,9.090298061538133139e-08
4.999999497277712868e-01,9.085691527557740509e-08
4.999999496687418388e-01,9.078970383335320863e-08
4.999999496333406013e-01,9.074110810552877737e-08
4.999999495998777022e-01,9.072824169375483549e-08
4.999999495876708000e-01,9.072052126609397602e-08
4.999999495769024138e-01,9.071436114003063994e-08
4.999999495642506453e-01,9.071073239273065555e-08
4.999999495398097515e-01,9.070617882345626384e-08
4.999999494554075996e-01,9.070272157238857109e-08
4.999999494081974749e-01,9.069945850399643973e-08
4.999999493103439163e-01,9.069880442145712556e-08
4.999999491897132442e-01,9.069858866290266012e-08
4.999999491649256278e-01,9.069845564332864915e-08
4.999999489649292195e-01,9.069831453728935356e-08
4.999999487533413611e-01,9.069799163168129529e-08
4.999999486149163674e-01,9.069747132658506324e-08
4.999999483675787726e-01,9.069606290428344777e-08
4.999999482372597948e-01,9.069333663120691887e-08
4.999999481819010771e-01,9.068821630362416179e-08
4.999999481521471001e-01,9.068151906606768961e-08
4.999999480904949722e-01,9.067508904178858377e-08
4.999999479866759633e-01,9.067230911130211661e-08
4.999999479235198718e-01,9.066740854718104545e-08
4.999999479124570545e-01,9.066183051007003262e-08
4.999999478511495399e-01,9.065049662364605357e-08
4.999999478193304370e-01,9.064168763317854355e-08
4.999999477720116214e-01,9.063961843107163726e-08
4.999999477489626143e-01,9.063850625615507489e-08
4.999999477253185276e-01,9.063722679391905030e-08
4.999999477139401294e-01,9.063630378681653370e-08
4.999999477014356319e-01,9.063578395078041336e-08
4.999999476694624301e-01,9.063547281067945340e-08
4.999999476522771213e-01,9.063524763310641192e-08
4.999999476240273300e-01,9.063493636848279428e-08
4.999999475572930452e-01,9.063427327804184767e-08
4.999999474507783592e-01,9.063275403355364452e-08
4.999999474229661622e-01,9.062918142200406179e-08
4.999999473056939703e-01,9.062277768465182308e-08
4.999999471573751686e-01,9.061820552271524207e-08
4.999999470336424778e-01,9.061487901587022660e-08
4.999999468682253534e-01,9.060821230666233728e-08
4.999999467156879263e-01,9.060159426989725735e-08
4.999999465591993264e-01,9.059832972992835664e-08
4.999999463901404484e-01,9.059221874407052544e-08
4.999999463297066238e-01,9.058541654771454607e-08
4.999999462864112010e-01,9.057328254224398702e-08
4.999999462428256214e-01,9.056156211799212621e-08
4.999999461613102159e-01,9.054446995976744803e-08
4.999999460875714785e-01,9.053889965266758425e-08
4.999999459549963610e-01,9.053447376108590755e-08
4.999999458248085560e-01,9.052714632100956624e-08
4.999999455928208492e-01,9.052428186690248473e-08
4.999999455624269951e-01,9.052003582494680187e-08
4.999999454071969440e-01,9.051653100365132929e-08
4.999999453647671066e-01,9.051366738609169477e-08
4.999999452997281879e-01,9.051087739203969646e-08
4.999999452235278641e-01,9.050986993873051969e-08
4.999999451892924718e-01,9.050601858394304712e-08
4.999999451667291317e-01,9.050372755553703054e-08
4.999999451453777111e-01,9.050070416421763500e-08
4.999999451229565350e-01,9.050002688715497701e-08
4.999999450848330307e-01,9.049980358313824085e-08
4.999999450733274564e-01,9.049969802843181174e-08
4.999999450636042897e-01,9.049963968099037279e-08
4.999999450584240446e-01,9.049959965201755837e-08
4.999999450532740530e-01,9.049953534652680727e-08
4.999999450479818419e-01,9.049926611613832259e-08
4.999999450444355675e-01,9.049857242667351546e-08
4.999999450403969092e-01,9.049684846964809568e-08
4.999999450387174749e-01,9.049195928406645912e-08
4.999999450323732719e-01,9.048441092208752735e-08
4.999999450253694855e-01,9.047786182614996864e-08
4.999999449996145318e-01,9.046882253272669849e-08
4.999999449413444763e-01,9.046074407067620708e-08
4.999999448057900198e-01,9.045711849592630788e-08
4.999999446475967835e-01,9.045180946811521030e-08
4.999999445081123595e-01,9.044928985543356290e-08
4.999999441966249680e-01,9.043701780869926675e-08
4.999999441442607440e-01,9.042802839462309766e-08
4.999999441131092182e-01,9.041011350102811441e-08
4.999999440603693501e-01,9.040442929050446910e-08
4.999999440029748166e-01,9.039627352759827607e-08
4.999999439558827641e-01,9.038678368123706831e-08
4.999999438967244192e-01,9.037687175736405204e-08
4.999999438145874553e-01,9.036920377572284678e-08
4.999999437899137478e-01,9.036196271379236829e-08
4.999999437102997102e-01,9.035601090793480322e-08
4.999999436548818177e-01,9.035079184981242871e-08
4.999999435850385754e-01,9.034738185588847884e-08
4.999999435474681286e-01,9.034421779058558429e-08
4.999999435170391360e-01,9.034232525215297696e-08
4.999999434747380844e-01,9.034184300754640396e-08
4.999999434512367724e-01,9.034163733699376140e-08
4.999999434217052285e-01,9.034116529811556629e-08
4.999999433863506759e-01,9.034081173035712743e-08
4.999999433359684220e-01,9.034012335662390923e-08
4.999999432932581422e-01,9.033860099309545826e-08
4.999999432784895670e-01,9.033582160701697158e-08
4.999999432712853853e-01,9.032997056954872492e-08
4.999999432595417237e-01,9.032230381813070778e-08
4.999999432479891315e-01,9.031693846263184710e-08
4.999999432378601227e-01,9.028608894777898665e-08
4.999999432159482060e-01,9.025303593477420719e-08
4.999999431947276252e-01,9.023966787809149058e-08
4.999999431610059331e-01,9.023380360786586175e-08
4.999999431520704696e-01,9.023077867645306942e-08
4.999999431318383203e-01,9.022333873866456629e-08
4.999999431089470203e-01,9.022000760023291320e-08
4.999999430783715337e-01,9.021761090386607440e-08
4.999999430677483092e-01,9.021320890044302203e-08
4.999999430346874774e-01,9.020604822016952144e-08
4.999999429791639471e-01,9.020420758191563310e-08
4.999999429163584086e-01,9.020004189654661904e-08
4.999999428511663346e-01,9.019682742178646645e-08
4.999999427840660093e-01,9.019468501097265356e-08
4.999999427132655327e-01,9.019154998270443430e-08
4.999999426084573706e-01,9.018907451667027682e-08
4.999999425298742306e-01,9.018520075149784231e-08
4.999999424667032066e-01,9.017761014918450170e-08
4.999999424315407781e-01,9.016744287521631879e-08
4.999999423949769151e-01,9.015314779341084217e-08
4.999999423083975048e-01,9.014710039573970757e-08
4.999999422534136539e-01,9.013977498558560647e-08
4.999999422247847214e-01,9.012362787852842853e-08
4.999999421939806954e-01,9.011364184084004139e-08
4.999999421545435752e-01,9.010110953272451650e-08
4.999999421262789623e-01,9.009231612102084329e-08
4.999999421117135578e-01,9.008478047738902475e-08
4.999999420950162476e-01,9.007974669274858430e-08
4.999999420675196315e-01,9.007410354942133639e-08
4.999999420655957261e-01,9.006141059833422048e-08
4.999999420375136339e-01,9.005333948778622807e-08
4.999999420306107112e-01,9.003893746957935570e-08
4.999999420263739891e-01,9.003560529112658336e-08
4.999999420159640939e-01,9.003276657453057091e-08
4.999999420111658766e-01,9.002600903101714992e-08
4.999999420067582356e-01,9.002367430989227913e-08
4.999999420043701459e-01,9.002003415655083854e-08
4.999999419990148741e-01,9.001771477431231060e-08
4.999999419913204179e-01,9.001447539114091936e-08
4.999999419814778467e-01,9.000024621465145410e-08
4.999999419726689487e-01,8.999699110038327971e-08
4.999999419585147153e-01,8.998895471566538114e-08
4.999999419420383395e-01,8.996764397835086458e-08
4.999999419313062576e-01,8.995694575636994371e-08
4.999999419240848675e-01,8.994014973242483127e-08
4.999999419035518478e-01,8.991133682760724399e-08
4.999999419002677525e-01,8.990646988662463550e-08
4.999999418859183975e-01,8.987318326969609997e-08
4.999999418701155940e-01,8.985852862740446998e-08
4.999999418538827456e-01,8.984825937020000935e-08
4.999999418166304888e-01,8.983161158924167100e-08
4.999999417609803376e-01,8.981688307838204858e-08
4.999999416982808809e-01,8.979566552285454680e-08
4.999999416319690360e-01,8.974611420515839930e-08
4.999999415287826876e-01,8.974046151620588575e-08
4.999999413987730179e-01,8.971802651761755731e-08
4.999999413297921969e-01,8.970867556984435186e-08
4.999999412421036182e-01,8.970489680465938441e-08
4.999999411370301683e-01,8.969257196007098970e-08
4.999999410571900338e-01,8.968688752491877282e-08
4.999999410284728940e-01,8.968146271940951621e-08
4.999999409710639275e-01,8.967246802467954982e-08
4.999999408267042922e-01,8.966494583073571725e-08
4.999999406914042988e-01,8.965971674633798709e-08
4.999999405930153351e-01,8.965700768922483850e-08
4.999999403911511431e-01,8.965526947441725183e-08
4.999999403056641922e-01,8.965358166908140216e-08
4.999999402334015519e-01,8.965199181159041013e-08
4.999999401423879108e-01,8.964991601925060888e-08
4.999999400525317883e-01,8.964702420275574865e-08
4.999999399767695030e-01,8.964348460704255919e-08
4.999999399492421337e-01,8.963970221370014417e-08
4.999999398738453893e-01,8.963580905736396110e-08
4.999999398508464532e-01,8.962988918523285438e-08
4.999999398265066453e-01,8.962207862762384412e-08
4.999999398018467600e-01,8.960806360611947342e-08
4.999999397893450936e-01,8.957469921884647295e-08
4.999999397742903029e-01,8.956120642182656007e-08
4.999999397690044201e-01,8.951446320660033761e-08
4.999999397571063264e-01,8.950318354456712299e-08
4.999999397425788361e-01,8.948711759831792191e-08
4.999999397284481395e-01,8.946727830797665888e-08
4.999999397220751818e-01,8.945046230485859793e-08
4.999999397181019711e-01,8.943376620242970763e-08
4.999999397134341494e-01,8.941327722106020073e-08
4.999999397078161989e-01,8.939068668775246003e-08
4.999999397003814794e-01,8.938347153383820208e-08
4.999999396969499466e-01,8.937241120550572728e-08
4.999999396935418949e-01,8.937020065025087146e-08
4.999999396890210113e-01,8.935926233279367023e-08
4.999999396812955244e-01,8.935411680377627615e-08
4.999999396717601519e-01,8.934631606249868959e-08
4.999999396609675073e-01,8.933084356051774699e-08
4.999999396410662600e-01,8.932797947564181661e-08
4.999999396123356865e-01,8.932405725452612937e-08
4.999999395677712233e-01,8.932019367998228109e-08
4.999999394978820177e-01,8.931787063824404836e-08
4.999999394295260857e-01,8.931470499074603732e-08
4.999999393825904637e-01,8.931032398277819996e-08
4.999999393367108302e-01,8.930608586764365080e-08
4.999999392846581348e-01,8.928660149281632127e-08
4.999999391434801765e-01,8.927950715660788298e-08
4.999999390487656070e-01,8.927275377465677323e-08
4.999999389877908262e-01,8.926289320010873357e-08
4.999999388765401509e-01,8.924884554182856750e-08
4.999999387541164131e-01,8.924478658270250615e-08
4.999999386077197960e-01,8.924027810115517561e-08
4.999999385564579124e-01,8.923176098288411887e-08
4.999999384723067819e-01,8.921007905644354737e-08
4.999999384584447037e-01,8.918667441663243682e-08
4.999999383788423235e-01,8.912819342661754173e-08
4.999999383498355821e-01,8.910125256081498138e-08
4.999999383128213570e-01,8.906360243740865587e-08
4.999999382151609217e-01,8.899055713988663130e-08
4.999999382010948401e-01,8.894896145117129410e-08
4.999999381150551092e-01,8.890070092059225973e-08
4.999999380525832482e-01,8.886811364597076295e-08
4.999999380379429592e-01,8.885042989216372225e-08
4.999999380027175810e-01,8.883007768008309422e-08
4.999999379433123781e-01,8.879752601032535800e-08
4.999999378484529244e-01,8.875852021372814437e-08
4.999999378316264398e-01,8.871355106821530405e-08
4.999999377800611877e-01,8.869039353521631472e-08
4.999999377325296535e-01,8.868074639162272208e-08
4.999999376317183497e-01,8.865783731247266762e-08
4.999999376091496806e-01,8.863559426099758223e-08
4.999999375281513059e-01,8.862503113369488079e-08
4.999999374401237207e-01,8.860055448982262022e-08
4.999999373522253654e-01,8.858377589934116125e-08
4.999999372906599460e-01,8.856851772772598634e-08
4.999999371320721364e-01,8.854842605344316331e-08
4.999999370292542711e-01,8.854187785431057841e-08
4.999999367159366215e-01,8.852700148973202973e-08
4.999999366610058948e-01,8.850777461930721452e-08
4.999999365013824137e-01,8.847105947585250947e-08
4.999999362926259572e-01,8.843626087241778560e-08
4.999999360679454052e-01,8.839853112763549288e-08
4.999999358368727442e-01,8.833462421365669155e-08
4.999999356033704156e-01,8.829590767729463071e-08
4.999999354969738574e-01,8.828034776703389665e-08
4.999999353925417833e-01,8.827068848009774832e-08
4.999999353296947779e-01,8.824120905513724536e-08
4.999999352626967042e-01,8.822299603061672782e-08
4.999999352010963127e-01,8.820779505898998400e-08
4.999999351329241781e-01,8.819673221325593615e-08
4.999999350807191045e-01,8.819232796072290871e-08
4.999999350634134476e-01,8.818558162666762000e-08
4.999999350372665852e-01,8.817525755981549619e-08
4.999999350195332148e-01,8.816030899198031773e-08
4.999999349932729431e-01,8.814654985908926378e-08
4.999999349746442334e-01,8.813855511634464034e-08
4.999999349680865346e-01,8.812906527080060761e-08
4.999999349651876868e-01,8.811866923430347471e-08
4.999999349578829744e-01,8.810365810713740851e-08
4.999999349359938172e-01,8.809742285386134986e-08
4.999999348985173508e-01,8.809158878473268796e-08
4.999999348348467820e-01,8.808514976492062918e-08
4.999999347359134760e-01,8.807290400516928963e-08
4.999999346826599078e-01,8.805423105571419402e-08
4.999999345497503356e-01,8.803779919938112277e-08
4.999999344745053587e-01,8.801141124567903611e-08
4.999999344367059839e-01,8.799260650021160057e-08
4.999999343825274334e-01,8.798696320972205278e-08
4.999999343234172722e-01,8.798489091575521981e-08
4.999999342714918082e-01,8.798150255396220113e-08
4.999999342472684072e-01,8.797935313703781422e-08
4.999999342349705778e-01,8.797754672035501714e-08
4.999999341988423662e-01,8.797631891053177326e-08
4.999999341712265122e-01,8.797611193550717848e-08
4.999999341302960310e-01,8.797602461433757880e-08
4.999999341043424028e-01,8.797595023287526818e-08
4.999999340632888534e-01,8.797538467790391523e-08
4.999999340216226829e-01,8.797317499859178378e-08
4.999999339944684595e-01,8.797200751851053123e-08
4.999999339579374591e-01,8.797151407841124196e-08
4.999999338959273398e-01,8.797123142684908993e-08
4.999999338475526467e-01,8.797094801510767703e-08
4.999999338193604204e-01,8.797028690311709453e-08
4.999999337903698882e-01,8.796942364981981226e-08
4.999999337155980328e-01,8.796776518990577128e-08
4.999999336885882495e-01,8.796502662028629921e-08
4.999999336482181533e-01,8.796065016417992325e-08
4.999999335678401158e-01,8.795748815920421801e-08
4.999999335082250806e-01,8.795318664121228557e-08
4.999999334915665172e-01,8.794911639655601000e-08
4.999999334684372965e-01,8.794217278214552131e-08
4.999999334465732304e-01,8.793654201459286375e-08
4.999999334278656948e-01,8.792834331855423373e-08
4.999999334187122946e-01,8.791692029490753712e-08
4.999999333994036288e-01,8.790640178620342694e-08
4.999999333889240116e-01,8.788820246432145615e-08
4.999999333577416216e-01,8.786720749311939277e-08
4.999999333323114081e-01,8.785964506013369119e-08
4.999999333049409689e-01,8.785062345800804491e-08
4.999999332917289263e-01,8.784295597037391131e-08
4.999999332700640897e-01,8.783961312604734028e-08
4.999999332500056903e-01,8.783733874418302003e-08
4.999999332423574749e-01,8.783575671381353246e-08
4.999999332137965991e-01,8.783295204888301353e-08
4.999999331700676897e-01,8.783089211107191290e-08
4.999999330773049477e-01,8.782890199333722597e-08
4.999999330163190647e-01,8.782817789956365842e-08
4.999999329639298606e-01,8.782742315705222554e-08
4.999999329082903121e-01,8.782625910824979977e-08
4.999999328475346894e-01,8.782425092563584427e-08
4.999999328144732469e-01,8.782032055472184837e-08
4.999999327836649465e-01,8.781633410252104728e-08
4.999999327773128055e-01,8.781392868815252715e-08
4.999999327715223263e-01,8.781047147476273926e-08
4.999999327661090454e-01,8.780968535167616729e-08
4.999999327545114891e-01,8.780911565565573524e-08
4.999999327317280473e-01,8.780829162724274498e-08
4.999999327027442320e-01,8.780762350471879270e-08
4.999999326800335098e-01,8.780711879074075681e-08
4.999999326698438273e-01,8.780638769585221705e-08
4.999999326285988754e-01,8.780566760850520886e-08
4.999999326050922899e-01,8.780502722455366518e-08
4.999999325488441171e-01,8.780487982646561970e-08
4.999999325273648543e-01,8.780482271719391434e-08
4.999999324402138456e-01,8.780471784393005733e-08
4.999999323959251063e-01,8.780466646614072382e-08
4.999999323712247534e-01,8.780456871978651520e-08
4.999999323318113365e-01,8.780435871622937972e-08
4.999999322887956898e-01,8.780392809713743415e-08
4.999999322738407082e-01,8.780342502191089141e-08
4.999999322396901369e-01,8.780331263316258317e-08
4.999999322178418359e-01,8.780295737314080209e-08
4.999999321485641968e-01,8.780261137810702464e-08
4.999999321022964294e-01,8.780159950154779130e-08
4.999999320481999243e-01,8.780047578302209296e-08
4.999999319896594185e-01,8.779999423204935787e-08
4.999999319576344803e-01,8.779820300898905605e-08
4.999999318850479879e-01,8.779314555057311701e-08
4.999999318207876131e-01,8.778904423976990121e-08
4.999999317413147404e-01,8.778287091561147847e-08
4.999999316385654868e-01,8.777355849641627199e-08
4.999999315671334044e-01,8.777014666621213687e-08
4.999999315164087577e-01,8.775961695350534246e-08
4.999999314500376268e-01,8.774403723622478015e-08
4.999999313975271864e-01,8.773023398945719984e-08
4.999999313148770774e-01,8.771388624918756118e-08
4.999999312091260584e-01,8.769532851721530203e-08
4.999999311707167826e-01,8.769258360577686670e-08
4.999999310659498097e-01,8.768142591948378724e-08
4.999999309932585678e-01,8.767281791481806071e-08
4.999999309504367107e-01,8.766981757949360859e-08
4.999999308843961487e-01,8.766743540213097271e-08
4.999999307917233904e-01,8.766675681273913930e-08
4.999999307097625634e-01,8.766633469037844502e-08
4.999999306426081147e-01,8.766619388963458609e-08
4.999999305463797006e-01,8.766596494281515574e-08
4.999999304723870552e-01,8.766567643790220485e-08
4.999999303614883206e-01,8.766518902416262914e-08
4.999999303114651128e-01,8.766450729165866564e-08
4.999999302096896914e-01,8.766334782316429696e-08
4.999999301351349956e-01,8.766185149814646531e-08
4.999999300603722441e-01,8.765970520461975487e-08
4.999999298840668849e-01,8.765871349756023803e-08
4.999999298005779469e-01,8.765433276234002725e-08
4.999999296006081284e-01,8.765097561191320805e-08
4.999999294370308656e-01,8.764508378301729238e-08
4.999999293105989451e-01,8.764168972176169279e-08
4.999999292333963674e-01,8.763847185194344366e-08
4.999999291404680912e-01,8.763786168684933463e-08
4.999999290172866262e-01,8.763618417712976684e-08
4.999999289726878016e-01,8.763508649938701252e-08
4.999999289365025801e-01,8.763451029916042951e-08
4.999999289025275906e-01,8.763394870913424873e-08
4.999999288761077798e-01,8.763379126894366642e-08
4.999999288439411771e-01,8.763343621101849379e-08
4.999999287947069493e-01,8.763242824808379161e-08
4.999999287796572656e-01,8.763075055567189612e-08
4.999999287706696771e-01,8.762594421729485639e-08
4.999999287514060864e-01,8.762330321819938355e-08
4.999999287387620339e-01,8.762267193162757116e-08
4.999999287206132736e-01,8.761953148158909796e-08
4.999999286692914380e-01,8.761839416271153252e-08
4.999999286015731625e-01,8.761789136481691747e-08
4.999999285626889889e-01,8.761754818680951562e-08
4.999999285373631364e-01,8.761712813685795625e-08
4.999999284910352504e-01,8.761653499234417576e-08
4.999999284692966395e-01,8.761550969580723264e-08
4.999999284327755755e-01,8.761337505242222277e-08
4.999999284026064306e-01,8.760949622844430923e-08
4.999999283851543352e-01,8.760781875851899781e-08
4.999999283730155453e-01,8.760544439591808074e-08
4.999999283651259674e-01,8.760439152566521630e-08
4.999999283624505519e-01,8.760253361164161146e-08
4.999999283499831360e-01,8.760044524905957247e-08
4.999999283268022898e-01,8.759839439266218794e-08
4.999999283003871975e-01,8.759638171423242653e-08
4.999999281974960574e-01,8.759291908919370050e-08
4.999999280571245652e-01,8.759004914209324235e-08
4.999999279148561460e-01,8.758557431557316648e-08
4.999999277977937306e-01,8.758116667592774094e-08
4.999999276079292732e-01,8.757761015310011321e-08
4.999999275439295787e-01,8.757056352218775205e-08
4.999999274225418455e-01,8.756593909769854880e-08
4.999999273767544716e-01,8.755160928915146500e-08
4.999999272796629146e-01,8.753893055183944860e-08
4.999999272534719208e-01,8.753170011227109659e-08
4.999999272258615068e-01,8.752117562838893430e-08
4.999999272081945279e-01,8.751690083447198795e-08
4.999999271972984105e-01,8.750223965066675994e-08
4.999999271815346868e-01,8.749786355127556452e-08
4.999999271611231810e-01,8.748861523214980375e-08
4.999999271292591141e-01,8.747413900347865276e-08
4.999999271116495891e-01,8.747096584714300361e-08
4.999999270975452603e-01,8.746521112247052892e-08
4.999999270826605557e-01,8.745874307674871234e-08
4.999999270700988818e-01,8.745271156975442847e-08
4.999999270623680658e-01,8.744573199252237487e-08
4.999999270482412550e-01,8.744101037314205294e-08
4.999999270221471837e-01,8.742278220263495549e-08
4.999999269642007027e-01,8.741668569013877155e-08
4.999999269126902957e-01,8.740759219202618068e-08
4.999999268485081361e-01,8.739825030719596001e-08
4.999999268016908083e-01,8.739365356617382231e-08
4.999999267795533497e-01,8.738950813003780072e-08
4.999999267459991903e-01,8.738559074792726755e-08
4.999999266711507295e-01,8.737947994548711541e-08
4.999999266026640132e-01,8.737378320508053914e-08
4.999999265785631808e-01,8.736601144290241392e-08
4.999999265500175705e-01,8.735893238669102780e-08
4.999999264920696462e-01,8.735651804500903244e-08
4.999999264619109929e-01,8.735043710868942318e-08
4.999999264466108428e-01,8.734783784409290916e-08
4.999999264342609440e-01,8.734594449386845151e-08
4.999999264131337329e-01,8.734412871745761123e-08
4.999999264067426230e-01,8.734155414356223677e-08
4.999999263899573831e-01,8.733962317300130016e-08
4.999999263611444311e-01,8.733788891638804632e-08
4.999999263435572772e-01,8.733555744561179432e-08
4.999999263107788305e-01,8.733510740427909664e-08
4.999999262438308834e-01,8.733416237008114710e-08
4.999999261794883521e-01,8.733334441384639714e-08
4.999999261437094722e-01,8.733277337065137624e-08
4.999999261272650708e-01,8.733259207262102573e-08
4.999999261150511187e-01,8.733246327643334762e-08
4.999999261085845137e-01,8.733236160962810462e-08
4.999999261035112386e-01,8.733232806329210451e-08
4.999999260936425771e-01,8.733228371533720262e-08
4.999999260771145204e-01,8.733227323188348993e-08
4.999999260430328940e-01,8.733225549257022848e-08
4.999999259929288065e-01,8.733224248720310264e-08
4.999999259767594628e-01,8.733222695468988525e-08
4.999999259206162616e-01,8.733220203428925256e-08
4.999999258910282629e-01,8.733214545870586251e-08
4.999999258697663262e-01,8.733203602233315093e-08
4.999999258499514543e-01,8.733175153107884582e-08
4.999999258131316848e-01,8.733149539170563373e-08
4.999999257685530107e-01,8.733124545485027868e-08
4.999999257375670192e-01,8.733001164324608656e-08
4.999999257322833568e-01,8.732865351344744318e-08
4.999999256865435560e-01,8.732774147321136693e-08
4.999999256420095128e-01,8.732559871123803613e-08
4.999999256295025729e-01,8.732458258420190782e-08
4.999999255954970523e-01,8.732322398409590995e-08
4.999999255859585712e-01,8.732250359265850181e-08
4.999999255713382662e-01,8.732199775199309279e-08
4.999999255565600320e-01,8.732175274423610865e-08
4.999999255409067755e-01,8.732164650686648001e-08
4.999999255336157189e-01,8.732157143531912161e-08
4.999999255245965446e-01,8.732149265343269092e-08
4.999999255199080728e-01,8.732133094265429567e-08
4.999999255150607280e-01,8.732099292098207573e-08
4.999999255118992014e-01,8.732037348252988789e-08
4.999999255103164120e-01,8.731965402882747524e-08
4.999999255086188255e-01,8.731900177315405157e-08
4.999999255071720383e-01,8.731797944922977805e-08
4.999999255041051027e-01,8.731707866167932675e-08
4.999999255009502930e-01,8.731674195842553591e-08
4.999999254969436646e-01,8.731644020019219428e-08
4.999999254919575975e-01,8.731609182013929222e-08
4.999999254863871645e-01,8.731581483830211487e-08
4.999999254663907156e-01,8.731531579497328571e-08
4.999999254581986019e-01,8.731482493202886025e-08
4.999999254458379894e-01,8.731415831692187801e-08
4.999999254406035654e-01,8.731383038217083896e-08
4.999999254340751764e-01,8.731321513834951244e-08
4.999999254299911655e-01,8.731230678369246487e-08
4.999999254185433228e-01,8.731201057496547933e-08
4.999999254125646608e-01,8.731164524782048314e-08
4.999999254082944100e-01,8.731112209801556822e-08
4.999999253989518833e-01,8.731049449342370181e-08
4.999999253928227860e-01,8.730995876336653879e-08
4.999999253851435399e-01,8.730895273915797015e-08
4.999999253773907970e-01,8.730815274896748163e-08
4.999999253713157676e-01,8.730733068954126075e-08
4.999999253653674147e-01,8.730656173869406954e-08
4.999999253581648984e-01,8.730536975978188504e-08
4.999999253552540046e-01,8.730474014958319590e-08
4.999999253521156262e-01,8.730291097969658623e-08
4.999999253514608721e-01,8.730232172144012589e-08
4.999999253510868380e-01,8.730123203169851715e-08
4.999999253508554675e-01,8.730070869611057042e-08
4.999999253503613628e-01,8.729986330934757632e-08
4.999999253489992856e-01,8.729706063811095730e-08
4.999999253474657346e-01,8.729645335122555185e-08
4.999999253451921088e-01,8.729509410063774340e-08
4.999999253435228330e-01,8.729340720950234348e-08
4.999999253417592993e-01,8.729058702543837931e-08
4.999999253414895151e-01,8.728793071663899270e-08
4.999999253412486522e-01,8.728755870717068690e-08
4.999999253409805888e-01,8.728608633776566302e-08
4.999999253407388933e-01,8.728441051187006438e-08
4.999999253403668575e-01,8.727928247056089605e-08
4.999999253400801980e-01,8.727870578110383222e-08
4.999999253400033150e-01,8.727744170451734395e-08
4.999999253398660914e-01,8.727541516718680950e-08
4.999999253398308419e-01,8.727394740120993787e-08
4.999999253398016430e-01,8.727218754672675197e-08
4.999999253397537924e-01,8.727006097119763347e-08
4.999999253394429855e-01,8.726802816566560886e-08
4.999999253392881648e-01,8.726582760427801931e-08
4.999999253392116705e-01,8.726396168447165181e-08
4.999999253390453036e-01,8.726247854250585315e-08
4.999999253386900877e-01,8.726121838649137938e-08
4.999999253379313613e-01,8.726012773069567117e-08
4.999999253363395235e-01,8.725973296358152670e-08
4.999999253340478012e-01,8.725900845858816722e-08
4.999999253319117321e-01,8.725783677503827040e-08
4.999999253268581079e-01,8.725711506267103340e-08
4.999999253233070595e-01,8.725683811427163307e-08
4.999999253018440060e-01,8.725628882015822942e-08
4.999999253002639366e-01,8.725493375542800619e-08
4.999999252915317549e-01,8.725437250676735281e-08
4.999999252823905671e-01,8.725403152952649993e-08
4.999999252699977026e-01,8.725354716804387839e-08
4.999999252424758289e-01,8.725330637793899934e-08
4.999999252295701524e-01,8.725299576165327248e-08
4.999999252176589026e-01,8.725273125456309722e-08
4.999999251945840828e-01,8.725264558285056070e-08
4.999999251760926522e-01,8.725229729546997170e-08
4.999999251688452273e-01,8.725212153605893047e-08
4.999999251597832539e-01,8.725202770234269785e-08
4.999999251483285834e-01,8.725188198721884339e-08
4.999999251436094139e-01,8.725175456081736484e-08
4.999999251350948359e-01,8.725146268029177190e-08
4.999999251224404029e-01,8.725077986387827257e-08
4.999999251152309476e-01,8.725011935355737418e-08
4.999999251070211259e-01,8.724958945708585354e-08
4.999999251023727886e-01,8.724791390809603238e-08
4.999999250980442511e-01,8.724699191158091509e-08
