# s_error_dp, s_error_pinn
4.226110613285517098e-02,4.243596537417357317e-02
4.218040778108518574e-02,4.218041517455303757e-02
4.218040347429114628e-02,4.218040358546876201e-02
4.218040486971356279e-02,4.218040263713908333e-02
4.218045324587884476e-02,4.218040945839814093e-02
4.218025521735905420e-02,4.218028968351351937e-02
4.218024514338990227e-02,4.218023947067062879e-02
4.218024481095573874e-02,4.218023357625462488e-02
4.218027256411797932e-02,4.218026797176414183e-02
4.218023677867072802e-02,4.218035529057966027e-02
4.218021271157905427e-02,4.218050604304512952e-02
4.218340868574996932e-02,4.218319398673090609e-02
4.219507140901327530e-02,4.218094950984373898e-02
4.214515922709190926e-02,4.217878616721065094e-02
4.213143682967615544e-02,4.217769840488845567e-02
4.205414777338623705e-02,4.218674719611723717e-02
2.502314056168678663e-02,4.214580107147001403e-02
2.423969092642444534e-02,4.205177177574340869e-02
2.311919326344820044e-02,4.180793859780018024e-02
1.977505785458662235e-02,4.178385241158143887e-02
8.510544490973949092e-03,4.161937379482813504e-02
6.539089515340042007e-03,3.787349168560843332e-02
5.046750121261353410e-03,3.577714124049531652e-02
5.000855442615435853e-03,2.856813355000241417e-02
4.898996474164022362e-03,2.090772849016304252e-02
4.461659239409726183e-03,1.543316182321682883e-02
4.424713637842699922e-03,1.590811496118473695e-02
4.184959117377326857e-03,1.569607430826278419e-02
4.009975880888015133e-03,1.534093321819969200e-02
3.972114776197459285e-03,1.580274650462672528e-02
4.135350146506914550e-03,1.561471078176567169e-02
3.634002261305699626e-03,1.550572295689812453e-02
3.307068333931279577e-03,1.506613521636566803e-02
3.392782134217419299e-03,1.444209048695625427e-02
3.320664807582879123e-03,1.374505404113155783e-02
3.043665778916647847e-03,1.416431614854598772e-02
3.180516564431913520e-03,8.980285649875564130e-03
3.057669123491162447e-03,7.191377412437958451e-03
2.722485660445282413e-03,5.189052811058570552e-03
2.784029101606942409e-03,5.200783194926572768e-03
2.607912214907969449e-03,5.148512947817103502e-03
2.633140861447918167e-03,5.076534040286487422e-03
2.753819260236324475e-03,5.248313060903726616e-03
2.446277413233278932e-03,4.432340752303624669e-03
2.600688026262375392e-03,2.047425960748192227e-03
2.209205615990393785e-03,1.574542546935361756e-03
2.246371128826522845e-03,1.543087188810766345e-03
2.507248229520061492e-03,1.870458830599784888e-03
1.911961521149204519e-03,1.527730778569977733e-03
1.925045922639056963e-03,1.553163922384028081e-03
1.565315622883522604e-03,1.225519829129467124e-03
1.587383768839166313e-03,1.736603503216307140e-03
1.677100022583350499e-03,1.175245185287737953e-03
1.959664419083646976e-03,1.089275899750165224e-03
1.312450541851639240e-03,1.277579204442693284e-03
1.708833711597911118e-03,1.538940411064595049e-03
1.282777196695089605e-03,9.820965647856776549e-04
1.351886829325548616e-03,1.550916405384514208e-03
1.370135935344115501e-03,1.253884752256425802e-03
1.766948249763298107e-03,1.441337286412704317e-03
1.609201412414386920e-03,1.732631030144167212e-03
1.373998009642067933e-03,1.384058222791269667e-03
1.081081870923685396e-03,1.412707792804906602e-03
1.597895346368120818e-03,1.903456417721444225e-03
1.619932704158398833e-03,1.842022405887485748e-03
1.464545971718558522e-03,1.958329211143388336e-03
1.055435563796812805e-03,1.862651135677740417e-03
1.226778434742185160e-03,1.451979299695884589e-03
1.044629194692145912e-03,1.597687117139862892e-03
9.920697701665450591e-04,1.760287607438674367e-03
1.273421965922477911e-03,1.771366186021416066e-03
9.763389039880106300e-04,1.473252355434696848e-03
1.044874796175337787e-03,1.530903144935550231e-03
1.145269516218356013e-03,1.745363781543878869e-03
1.354660429226641795e-03,2.073161003729775183e-03
1.452528735555227643e-03,1.610524712404128207e-03
1.044570682195093692e-03,1.624061291545325853e-03
8.937269063786884267e-04,1.757388337393073034e-03
1.141096856953689297e-03,1.801658239430232837e-03
9.066425185594804417e-04,1.290483272764228560e-03
9.449205703330993507e-04,1.222928748710474340e-03
1.194393899470214647e-03,1.480211386704329089e-03
8.171778357452955457e-04,1.173455399714846406e-03
8.930155633022560102e-04,1.131803133200139739e-03
8.864409530696552636e-04,1.335610795486174207e-03
1.217572568689364578e-03,1.156810709222690645e-03
1.281885810003135931e-03,1.189334174490676689e-03
1.245840178840999964e-03,1.380944771065303238e-03
1.120448150819079898e-03,1.294962651693790275e-03
1.436230292525033855e-03,1.649438274160637584e-03
1.414977441119740767e-03,1.658255792415008799e-03
1.197661585429819460e-03,1.240021242540212528e-03
7.250163190301527581e-04,1.278084582479294042e-03
8.002466658694676457e-04,1.216301504920676161e-03
1.505570491258039151e-03,1.028325325460260811e-03
9.538737130597010677e-04,1.048671116784710309e-03
8.162264751616704010e-04,1.461429278996633722e-03
6.558116931907648391e-04,1.353139341046560515e-03
1.213217307554021254e-03,9.446458490406611612e-04
7.406410218279387610e-04,1.265729529102837874e-03
6.352306144971509461e-04,1.203234113160209359e-03
1.157500415616859180e-03,8.645645962313757522e-04
1.013956865241967585e-03,7.811093218699666522e-04
1.318706768591475405e-03,9.915035475720798252e-04
1.319529670435668628e-03,9.490918143646607727e-04
1.455384386996450181e-03,1.360555150414517701e-03
9.065517398499563792e-04,8.294504725924404642e-04
1.315400485534131336e-03,7.208323914218029826e-04
1.167745366434640424e-03,1.057891808505495666e-03
7.374689922567467327e-04,8.744865325477229907e-04
8.111217849798371422e-04,8.793663050897136072e-04
1.123168430726983937e-03,1.225759180511512515e-03
1.203036325189613511e-03,9.624987421589241594e-04
1.330814333719223738e-03,1.241843665160444589e-03
1.020526262746100817e-03,1.448524758145372082e-03
1.131328817742243299e-03,1.527380289503437556e-03
1.404085785439013754e-03,8.146268758587609958e-04
1.421397789243837410e-03,1.104299477870148392e-03
1.020279804756906751e-03,1.003115864222018337e-03
5.842079203438179736e-04,8.462081941293002948e-04
1.006143009332731994e-03,9.106946797353737601e-04
7.225846600647096692e-04,1.008938060349860765e-03
1.021176840800783322e-03,9.939604360458529665e-04
1.159332669112111752e-03,9.323166788516302735e-04
6.950856646153067081e-04,8.840744488997900538e-04
1.382962761013820487e-03,6.079286096733647286e-04
8.565691978053444284e-04,8.778029079738258007e-04
1.269088644191566440e-03,1.033070924354193097e-03
1.224156356455809863e-03,1.207317149481320403e-03
1.238834704540508688e-03,1.319748624585629889e-03
7.387255360185497220e-04,1.160590880207090780e-03
1.168315390118829884e-03,1.188451488448979488e-03
8.155262439586584075e-04,1.038414305052332010e-03
9.347184418683169649e-04,1.100989826591338913e-03
1.149343296970300717e-03,9.831356645828952245e-04
4.332720841112172941e-04,9.401570565344576210e-04
3.670490322677214695e-04,7.381857098031834952e-04
4.616935263253434422e-04,8.014123077106278560e-04
3.806232315505093619e-04,8.872552866360384604e-04
5.200244550199933707e-04,7.624840752017109742e-04
6.055386295524588583e-04,1.199217314137600732e-03
3.878225987282821912e-04,8.487514305031763125e-04
6.815236298344551661e-04,4.740283046535761656e-04
8.259454807370170560e-04,3.875415851978427479e-04
9.145922133761124478e-04,6.232764240702759386e-04
1.345069582341208193e-03,8.150089089939240635e-04
1.557934482460978471e-03,6.622268455983283631e-04
1.232165361882506293e-03,9.513405073310567854e-04
1.309832172941708403e-03,6.543957238548105083e-04
1.098318318389840138e-03,7.898123726605472570e-04
3.885626508359812568e-04,1.346186348958616427e-03
7.061435810298536840e-04,1.405908206065797439e-03
4.648825690882471876e-04,9.805097433728468537e-04
4.071001404905470679e-04,3.389259627130578306e-04
6.665225988473956215e-04,4.092469594229278143e-04
3.894076670199137836e-04,6.281002573788776848e-04
6.717861774063842422e-04,1.380867504329591142e-03
1.219742092558961152e-03,1.125291685762742867e-03
1.103261260848669616e-03,9.569470222299614540e-04
8.830474568982430664e-04,1.276763996291124673e-03
7.396357644142693933e-04,1.148181921589998397e-03
4.268742745345272113e-04,9.406234803459568271e-04
1.290928684193970791e-03,7.569148827338213932e-04
1.255688245120829914e-03,5.079593227933855469e-04
1.171112692760892249e-03,2.474002218771989559e-04
1.110543992581208058e-03,1.973311509071262032e-04
5.831480394964155996e-04,1.399708981695129155e-04
4.473755664418006556e-04,2.200509622943684119e-04
3.912866009217231557e-04,2.835054550756419683e-04
3.653464031976604888e-04,3.380446370561474901e-04
4.970053305208750084e-04,3.678085715215434286e-04
5.092842796215697526e-04,3.818289318322778069e-04
5.844871532111355810e-04,4.457637872322568751e-04
5.628884401558542508e-04,4.521542992391338733e-04
9.970398438826073677e-04,2.813454441677181329e-04
1.221873764102075505e-03,2.475133747406911013e-04
8.705298799095486382e-04,1.822666932085376026e-04
3.743022748679621266e-04,1.773564144178303617e-04
9.698307894889867482e-04,1.624348637758531817e-04
1.154250434153904995e-03,1.604084545250714837e-04
1.351440016683067664e-03,1.546480767872104476e-04
1.415050541561914833e-03,1.509177728382040014e-04
1.428676566250225563e-03,1.470335055721765441e-04
1.400053734415439548e-03,1.416683435580279868e-04
1.218998236602680590e-03,1.363486844617847250e-04
8.265920112524886496e-04,1.294669147975346902e-04
1.359549286561486606e-03,1.229450551060623010e-04
1.387820272168369118e-03,1.187569300107463104e-04
1.144543771114312847e-03,1.205311453757585793e-04
1.169096852039624079e-03,1.192840041462257263e-04
1.291049697954769343e-03,1.182257042735110109e-04
1.357057943153411978e-03,2.684183690778394480e-04
4.474188898949676562e-04,2.860670389039917738e-04
5.342049058706486043e-04,4.207780723080257394e-04
3.743035029579668709e-04,5.222234429252444864e-04
4.411663824894045127e-04,6.498703866457544590e-04
1.133429113638393868e-03,9.461671752119436233e-04
1.301754166772020908e-03,9.884480703653078255e-04
1.039111224346669828e-03,1.092356176076272542e-03
3.830787047468520428e-04,1.150983924691625958e-03
3.272458522637108728e-04,1.152190685531094983e-03
6.535222361780216064e-04,1.336976792988795208e-03
2.824349600818755728e-04,1.389345848669064441e-03
2.763423017236814718e-04,1.313262246333515588e-03
2.882284891121215920e-04,1.112520821791350119e-03
6.512209982866696808e-04,9.761224606547717637e-04
8.017301525918227052e-04,8.996217504179422749e-04
1.038200415811989415e-03,9.340488646513780968e-04
1.056130654480290669e-03,8.958419160141229288e-04
1.374215744045765783e-03,8.175189600034385483e-04
1.285753475863042486e-03,8.064093990783740900e-04
1.174841895377536040e-03,7.323025191765302139e-04
1.052714202501113701e-03,6.936153542758487483e-04
7.881664257114863285e-04,6.678284178815132232e-04
7.793400607139834308e-04,6.554963941278086096e-04
5.659090908337046722e-04,6.449599799582902580e-04
6.476320788244294959e-04,5.935389281796866557e-04
7.463868705602598724e-04,5.441793481983536089e-04
7.417078111570586012e-04,3.626972434719800313e-04
6.367533329088638809e-04,3.739462153233210772e-04
2.454074918181288153e-04,3.583177974947044210e-04
3.326983525861572973e-04,3.212831124225700666e-04
5.440398277031242066e-04,2.644892630635734963e-04
5.432746689194578593e-04,2.825707620839902059e-04
4.320707745941137329e-04,2.831906450673574984e-04
4.474024605581184539e-04,2.944430546610494765e-04
4.107385882779925187e-04,3.082214601544051012e-04
3.539924767436257187e-04,3.152867824420041627e-04
2.179397329400125846e-04,3.210777910402584862e-04
2.069301851780940764e-04,3.252696487019189424e-04
2.826427826565304545e-04,3.326417186185962722e-04
3.120236371721438000e-04,3.442801190393935534e-04
4.373208319602398973e-04,3.638169312919315801e-04
4.281960014810236282e-04,3.967496908567380879e-04
1.372218100746566607e-03,4.525810090499954763e-04
8.292867224988064844e-04,5.291638667673330670e-04
8.293055986122755416e-04,5.662030071766090654e-04
1.368761629267687893e-03,6.372574973317482808e-04
8.121428504894505308e-04,7.379544541230235576e-04
7.098351694753813430e-04,7.547849443048812402e-04
6.970105520678496289e-04,7.387062436879308349e-04
1.389059197790239696e-03,7.893395983692712455e-04
2.163398204029113399e-04,7.974487650172543780e-04
2.008889041165801376e-04,8.034652330316082846e-04
1.038249004243767650e-03,8.340165275071816315e-04
5.606540354537279010e-04,8.316730353274411720e-04
8.408369243395852040e-04,8.563051817789706956e-04
1.241139408312841481e-03,8.561489484829304776e-04
2.344687515130019942e-04,8.622940311288157739e-04
4.184128308464163024e-04,8.675425317100540334e-04
1.572624131570147848e-04,8.780123226440170355e-04
4.149186557029074579e-04,8.949846898233548322e-04
1.119467751394098709e-03,9.081881517319716993e-04
1.246317661988516345e-03,9.128660311465871787e-04
1.186677303865864893e-03,9.160571756334184683e-04
7.660292594550486937e-04,9.171136659138367673e-04
2.603193469017531583e-04,9.144308100657453156e-04
1.160134063788929165e-03,9.131068305803526595e-04
1.026669432134675285e-03,9.152990272846518120e-04
1.155537357016482450e-03,9.352901220791866831e-04
9.490566913532158750e-04,9.727560112083064947e-04
4.583828928369459944e-04,1.046042335177725050e-03
5.105103531442789456e-04,1.094125732699387102e-03
3.939314535268154745e-04,1.109123022392015162e-03
7.722487060995112274e-04,1.139687907086553995e-03
1.086877408004193130e-03,1.171521536020975239e-03
1.282652450681049565e-03,1.161396777897808754e-03
1.290465076779382086e-03,1.281327738111558492e-03
9.752955039165398356e-04,1.307982667340447077e-03
9.902012561926725603e-04,1.415949298544577411e-03
9.492602194042169643e-04,1.410458854792664019e-03
9.297629446398964631e-04,1.417011829473379444e-03
1.117241346832719383e-03,1.362824879977264777e-03
1.393451129343930076e-03,1.369125910998069632e-03
1.366186157697116352e-03,1.213778766002510763e-03
1.122866549262435806e-03,1.214741811023655436e-03
8.083805905355168986e-04,1.271454011489944183e-03
6.455240158962232159e-04,1.187401140518580317e-03
4.602946941660164787e-04,1.062304964249024186e-03
5.383585998975593196e-04,9.695189454036670781e-04
7.575349615158877715e-04,9.476828440403219393e-04
5.755010771072018808e-04,8.534441118674350978e-04
1.435249428567116894e-03,8.514832238368146358e-04
9.352009557785969643e-04,7.598731060904252840e-04
1.108877524819114899e-03,7.343290607021221847e-04
3.897530358919367821e-04,6.691421523753175076e-04
1.152117430690709904e-03,6.256530402257395092e-04
9.757476926116744010e-04,3.454421573316907566e-04
8.491608220890041383e-04,3.528662748976676370e-04
7.782177760629400325e-04,2.898963162295171720e-04
4.470833225674831699e-04,1.495482886949330568e-04
1.175470272980492885e-03,1.940148639475047126e-04
1.144527903195950757e-03,1.516701742579123970e-04
4.180111092008817150e-04,1.340794842139575872e-04
1.035321581406748771e-03,1.242622400595627880e-04
1.320895961788276941e-03,1.526771099359271850e-04
1.091654563828864302e-03,1.276532578231700729e-04
4.034347765491844259e-04,1.392959564468784035e-04
6.241135947590410954e-04,2.286705662693960838e-04
5.425228330264353013e-04,2.153880998449212629e-04
1.220203692089690461e-03,2.823402326116041428e-04
3.804019361970821978e-04,4.429882898469087978e-04
4.138765719101903545e-04,4.161457839798286275e-04
1.886103213702476319e-04,5.046140124438127077e-04
4.436048404770284725e-04,5.497665719390791399e-04
1.083359409087631493e-03,5.894576734914964500e-04
1.173045369254932567e-03,6.497144283057368179e-04
3.742815257778921612e-04,8.431660430161073971e-04
7.273445045403767028e-04,7.980424955231519169e-04
4.872414857735396314e-04,1.111808104639304103e-03
7.600456154790557334e-04,9.470266010579512497e-04
1.133410485835725876e-03,1.001474116984045742e-03
4.807690690809885738e-04,1.082812502248871453e-03
1.835016382240957009e-04,1.076626718410539623e-03
4.492717216422710612e-04,1.129711683445215392e-03
6.583779197721798893e-04,1.239123745474289247e-03
1.183900063846539917e-03,1.218048241765941906e-03
1.339771479811113167e-03,1.289290597186275268e-03
2.640483822506312301e-04,1.389011434131762765e-03
4.497974859528272302e-04,1.416210489289835639e-03
2.164788583093644558e-04,1.291107687773486055e-03
1.051080984440234001e-03,1.203951913161793773e-03
8.835089598552636021e-04,9.738263047794447477e-04
1.284843196756507927e-03,9.912605589936448764e-04
1.306320085372568527e-03,9.422725541326545506e-04
2.114767367795830557e-04,8.690525668861099262e-04
4.846016157718809991e-04,7.363301764648605115e-04
1.093904641882705931e-04,7.560895556524466253e-04
1.220033321598198951e-03,7.485786189277228355e-04
1.257872943979277281e-03,7.173786373367095192e-04
1.079437359549658424e-03,6.649450864627208914e-04
1.662793463687261522e-04,5.439776095698235043e-04
2.465611312563003297e-04,4.956023513398684832e-04
1.561996044476498776e-04,3.755522326502450147e-04
3.954516549024432621e-04,3.181570287582740383e-04
6.711917259229474228e-04,1.716346743176078995e-04
9.593655605562524582e-04,1.993579213414489032e-04
1.083743342306708662e-03,3.295920869017268337e-04
7.503804588120525140e-04,1.596232303791245903e-04
8.476005000575019196e-04,2.287758320038383740e-04
7.364897471626996595e-04,3.258593442426164664e-04
4.850110746641297325e-04,3.230417319823864733e-04
5.607198182470779458e-04,3.421434486092126510e-04
6.452788474197027665e-04,3.590392206375681819e-04
8.342125092566934300e-04,4.611460790965255592e-04
8.994163280513044331e-04,4.486927063444582308e-04
8.913985545160015359e-04,5.366691428928238019e-04
1.205978097853501038e-03,5.989299827327459807e-04
1.358268203100000725e-03,8.062160742917406269e-04
1.328080713500578427e-03,8.613552965295388341e-04
1.213008557835664825e-03,1.029049694493822673e-03
1.122631962835947276e-03,1.046048165906014347e-03
1.006385120180106800e-03,1.102924695155725436e-03
1.057061455150872051e-03,1.060195119515961685e-03
1.090311834926245387e-03,1.178122222821087950e-03
1.105027276362054948e-03,1.248296894033662291e-03
1.104866184941099465e-03,1.357875442203444359e-03
1.085302894334732367e-03,1.337068758023023975e-03
1.046386407996380882e-03,1.388953210800686214e-03
1.026084677096513647e-03,1.295823034817047883e-03
1.007531976016056915e-03,1.060862749446635266e-03
9.696274176552112291e-04,1.062139067497793951e-03
9.686300960429341860e-04,9.299847109761840867e-04
7.401736489735027610e-04,8.800105425054421254e-04
1.319520297870303046e-04,7.833146700683030509e-04
1.181030944220364643e-04,6.135486161730969220e-04
1.845206619534909653e-04,5.745641175150303231e-04
3.477843524821970381e-04,3.846222537473555840e-04
6.457408872720114042e-04,2.460111358531983467e-04
1.291093956846061470e-03,1.313485445504371490e-04
1.184080971181168587e-03,2.965735510050644457e-04
1.426983557529990648e-03,1.918658703277522433e-04
1.385177847416932005e-03,2.694218990506876241e-04
1.403569510361400404e-03,3.990872107049295335e-04
1.219571480822984532e-03,6.274678744632174827e-04
1.240760387180563041e-03,6.460017860019381204e-04
1.008754030662000227e-03,6.708904649720201377e-04
1.013664321061910406e-03,7.076206804817996568e-04
7.357187689589430755e-04,6.046463042961362734e-04
3.527639034327952321e-04,6.089020027431278062e-04
2.859645226650135252e-04,6.138074033445587753e-04
6.246908857476872294e-04,7.263593887959654636e-04
1.176431662766763264e-03,7.178607801531153559e-04
1.082187265646342459e-03,7.033741784008910565e-04
1.312805023659358765e-03,7.040854404775316383e-04
4.180173640102183090e-04,7.501269072997155491e-04
9.738702233197369957e-04,7.835822851433336478e-04
9.347196436789055119e-04,8.757707634450890470e-04
6.010519782188486048e-04,9.376274494764066285e-04
3.251005466934885351e-04,9.468203769925257569e-04
1.097808067834878858e-04,1.017282250533772326e-03
5.368134315474936205e-04,1.062581783493936772e-03
1.827526911474727236e-04,1.313964449629503916e-03
3.162200113338838416e-04,1.064771729394217497e-03
5.094726511768730200e-04,9.761365945299717555e-04
3.964765522499479641e-04,6.803510207918252303e-04
5.648882874912308436e-04,4.925547884528527851e-04
6.071436381323073962e-04,2.818548574685777520e-04
7.100360875999726755e-04,2.348277921682691933e-04
7.035214774345131773e-04,1.266249864304370748e-04
8.640635417511958625e-04,1.506170421575599389e-04
7.497694874932447299e-04,2.428129199523077375e-04
7.584816444902996472e-04,1.658634305843178559e-04
5.127711935571786133e-04,1.809058544706559641e-04
3.504458485164322571e-04,1.890676201016994380e-04
2.567150402524761817e-04,1.215148724843079751e-04
1.425296101689514064e-04,1.502656078986399398e-04
2.621744016960547837e-04,1.492438034894535406e-04
7.848844871443924403e-04,1.487435280626464346e-04
7.304340990516053171e-04,2.696784309543914511e-04
8.037369876995990739e-04,2.887597314180336472e-04
8.579398050111974048e-04,4.507545881969095150e-04
4.904829035872009229e-04,5.770347996408907530e-04
3.349754383395201146e-04,9.522892560605766485e-04
1.280448908827758170e-04,1.078945744085122935e-03
4.408545778418509922e-04,1.336809597174395872e-03
1.222262085161540581e-03,1.353622736307407261e-03
1.276012187602524207e-03,1.222638318529506440e-03
1.125634530176212750e-03,1.035028250371727810e-03
1.155940803899377887e-03,1.016066177292452351e-03
5.274054273100884597e-04,8.508791743599688692e-04
8.582791078157532734e-04,7.160262336374371202e-04
7.843891497441040804e-04,7.411896776027256193e-04
6.603460221057623394e-04,7.343127123769708749e-04
6.598605453269072892e-04,6.729269454154429954e-04
6.556525687016137452e-04,6.519024706549186778e-04
5.668731936839090449e-04,6.134331617973756614e-04
2.809624447010157554e-04,5.575840694678945103e-04
5.471378257717300240e-04,4.887724544317454366e-04
1.351711479514353803e-03,3.863865965808504859e-04
8.704516457490804604e-04,3.586896623874009319e-04
1.043137018826510850e-03,3.132784697242425257e-04
5.745618352899653589e-04,2.608368331220261411e-04
9.729537233975865771e-05,1.662719143264717746e-04
3.962518009543999973e-04,1.224079694698236153e-04
8.251414607585482244e-04,3.604991249584644391e-04
1.171577210458669841e-03,3.288364128043332448e-04
1.242453562027444032e-03,3.134016601007628315e-04
9.020607194068651271e-04,1.163583181618450953e-04
4.500435850934085785e-04,1.582493252534673974e-04
5.166676605408443033e-04,3.364968703707410676e-04
2.382918807650101999e-04,4.237397933726762202e-04
9.898229905336813472e-04,3.933592258944998009e-04
5.450688708430335419e-04,4.862497640775074407e-04
2.911274631097366143e-04,5.595509249330767650e-04
9.912806110394815819e-04,1.305728972575297782e-03
7.104618803616852577e-04,1.137177542035971729e-03
1.368693139996691793e-03,1.139837797062761594e-03
1.077157008006885547e-03,1.357050974666674245e-03
1.294674453600703871e-03,1.083777886679453996e-03
1.083984111014320859e-03,1.259476248226168611e-03
7.755986178758157885e-04,1.175196011059389829e-03
9.989602690963346422e-05,9.824178611895452093e-04
8.458327256957526785e-05,8.548403375003478131e-04
4.616675498989982677e-04,7.085557592175537696e-04
8.387206281184242905e-04,5.298760056650442599e-04
1.033820421068275697e-03,1.591419108800820137e-04
1.302609492175172291e-03,1.194641845352408140e-04
1.109171213184930805e-03,2.021877774947759929e-04
1.086407999965656674e-03,1.855479505226575901e-04
9.517951659000821549e-04,1.767234797869440019e-04
6.508068437970390523e-04,2.793131960597567548e-04
6.897367601351019279e-04,2.943520750092648618e-04
6.203073839752768761e-04,3.474639712155178431e-04
4.462535914658094603e-04,4.488401774381008797e-04
7.867604827015712687e-04,4.716604090921653562e-04
8.066565437493622643e-04,4.953570669438438949e-04
9.820497558522803174e-04,4.908500569559282869e-04
1.343119273871614880e-03,4.900237509968544602e-04
6.942909033300849637e-04,4.882823962066302603e-04
6.377399266131852842e-04,4.799046861547437729e-04
2.804054139150059582e-04,4.466989793130465478e-04
1.704097896477672056e-04,3.645006432219619909e-04
3.410564490553946032e-04,1.951234479837599600e-04
6.220744980008573698e-04,1.600710347281203557e-04
8.503855460277705757e-04,2.850125974991689175e-04
5.961789971087133556e-04,4.532399088452983651e-04
7.335642351538159333e-04,3.920693958042102516e-04
1.262773640619771227e-04,4.723378407661864091e-04
1.046229892416033623e-04,7.162561937108491948e-04
2.886327155334967491e-04,5.847678885113763783e-04
9.681311891259707482e-04,6.331851994964221792e-04
1.377456469266480485e-03,6.430964156445736742e-04
2.775846744507450806e-04,7.206605461511829012e-04
1.024720559554478396e-04,8.302911159660992819e-04
8.391131603979745798e-05,8.884847332292995824e-04
2.019914711127163815e-04,9.447442163498162831e-04
1.332579429520972523e-04,9.485983936575673051e-04
7.971661432564511665e-05,9.584066320604504993e-04
1.821188404925045811e-04,9.668795414794100537e-04
6.379480409353575866e-04,9.976484976779028627e-04
6.212925937488746790e-04,1.074619630698331633e-03
6.107946970902825316e-04,1.249563479427256334e-03
8.349507527497854577e-04,1.357885218659719319e-03
1.335220814823615725e-03,1.192839482007658405e-03
1.136764497219049314e-03,1.355491480601404494e-03
8.786394871220926236e-04,1.333982570463407465e-03
6.355111707646855486e-04,1.258867693502225583e-03
1.791641825390815550e-04,1.168815239301615981e-03
2.378888273381236658e-04,1.247058926351803966e-03
1.392925525914156398e-04,1.260915568237885821e-03
2.020977552671287722e-04,1.274164241124211465e-03
3.536787300179070840e-04,1.406806462106166295e-03
6.648774140618284685e-04,1.410250931141444593e-03
1.289817848272295031e-03,1.381689644409524187e-03
1.023781242542834858e-03,1.404405344361546936e-03
1.403909479279377259e-04,1.324740813561884559e-03
3.155934329943255873e-04,1.321872013863588640e-03
9.941481379081419743e-04,1.325439195864156578e-03
9.436085767454337149e-04,1.326721257700215874e-03
9.431495971400195117e-04,1.348389362997871530e-03
4.757463173717528288e-04,1.417073751624455848e-03
2.342270261405051985e-04,1.394015063096667182e-03
1.415821314587468972e-04,1.382973047893636554e-03
9.364981337638582707e-05,1.269902945141694996e-03
7.589060859779801077e-04,1.237623041219546201e-03
1.067362406340035272e-03,1.205219829750614566e-03
1.295015427157920418e-03,1.212009206036585148e-03
1.303104762985283485e-03,1.214193306657967378e-03
1.079537849329998030e-03,1.215162091380185853e-03
8.673691048687681791e-04,1.215114802493537111e-03
4.617048578832840065e-04,1.199827009047018441e-03
4.739512693939297062e-04,1.184947962738447337e-03
4.158206271089490928e-04,1.153385072338377303e-03
4.695408841202380738e-04,1.013467765687451911e-03
2.374794693373037972e-04,8.235267970508152032e-04
9.207691215076387417e-05,8.217620429836707376e-04
2.180894223408497438e-04,7.203405236294451201e-04
4.988956317599079100e-04,7.824100569569532445e-04
5.036742685499667315e-04,7.746080095368733332e-04
3.852593049773765156e-04,7.926384022224535007e-04
4.377167061481851136e-04,7.897906534881654486e-04
5.625984494668437178e-04,8.461902438493095879e-04
9.227530881374836460e-04,8.462966457544367563e-04
1.086992871493572569e-03,9.041419544578978241e-04
1.162100344834554036e-03,9.277326732049667214e-04
1.400580945618875315e-03,9.838173331663910715e-04
1.190688778404459889e-03,1.034922018400448451e-03
3.463948462232262345e-04,1.133595132963257420e-03
6.810601885418679242e-04,1.415505043552827639e-03
4.151256412254702576e-04,1.365153257780799771e-03
2.076452977762152066e-04,1.268294310213281817e-03
2.638894661625389702e-04,1.218306353470706210e-03
3.992164649919984994e-04,1.155932447713522429e-03
1.038074090973867920e-03,1.011121807801962065e-03
9.810299784395765544e-04,8.599675841922933914e-04
9.447234454697628174e-04,8.327218624251913996e-04
1.352803805837447847e-03,7.198275202868168084e-04
1.318520296682426781e-03,7.364121161006419950e-04
1.281525306874291541e-03,7.332311961926638814e-04
7.904735104292872488e-04,7.118475545468787302e-04
5.803049472061943583e-04,6.977894494261944851e-04
4.496977489480771003e-04,7.178162603691493364e-04
3.781007054373136276e-04,7.933506955124429525e-04
7.471326693271231739e-05,8.091422935424228986e-04
1.893077942208064399e-04,9.334611925704091760e-04
1.579477833196168230e-04,9.964546230280511580e-04
9.372454357136876936e-05,1.324574582292669831e-03
2.062901570007022933e-04,1.328889787822451572e-03
2.625126730574400325e-04,1.263109839704054226e-03
3.103170826846377321e-04,1.240956314218240927e-03
4.966254195939843368e-04,1.045915653592462830e-03
4.532348825043139339e-04,9.570200215366943524e-04
5.088544416976242130e-04,9.821224847295355765e-04
5.900597023409202141e-04,9.530702684833541275e-04
5.520119779784093397e-04,9.290494966180156333e-04
4.458745046557886413e-04,9.634397835619685265e-04
2.808417708808890064e-04,9.019574037613021676e-04
1.134138653714697069e-04,9.031294530517920650e-04
3.991870794246134366e-04,9.373276459543093079e-04
3.949283647793965868e-04,9.663719692346910356e-04
8.537654006628823565e-04,9.949251511016548623e-04
1.213424575606147221e-03,1.047186159179006211e-03
1.102833712693980549e-03,1.069060778149509604e-03
8.067042135817272756e-04,1.006270891370988387e-03
8.876736195876482602e-05,1.014377278152712569e-03
1.428034619298483977e-04,1.036413870145590482e-03
3.525084931905645802e-04,1.227789456492572439e-03
6.518597214223761233e-04,1.254825343831762318e-03
1.144508273769736508e-03,1.373681473001017121e-03
1.331605926854492706e-03,1.071387470149324454e-03
1.045319716701422234e-03,1.247055714914688165e-03
4.524627748053514347e-04,1.137150482772846839e-03
5.014472712206125091e-04,9.684188517324578615e-04
1.005322629823248576e-03,9.785462842808072877e-04
3.958760824682415751e-04,8.233594332723600086e-04
5.788434212232515920e-04,6.521715355377974855e-04
8.420469949196564751e-04,4.310641714760602848e-04
1.010802491072959955e-03,4.488386501819744637e-04
1.087066364763187134e-03,3.446864124532276856e-04
9.316300297268140240e-04,2.423837348710275149e-04
1.026682191326945071e-03,2.736131351250238792e-04
1.063798298562184221e-03,2.120361361791941969e-04
1.068857613733322940e-03,1.331678478455770919e-04
9.452518693267467987e-04,1.551289444964982741e-04
6.332540589837651161e-04,1.335092152028750229e-04
4.005387950756042373e-04,1.966848551805894859e-04
9.799254221890618753e-05,2.068813723338532701e-04
3.615935005117400236e-04,1.845028951745204912e-04
7.909148564782072415e-04,2.108739037203815811e-04
8.972239319776569933e-04,2.245996746293321027e-04
1.334551511551336023e-03,2.044507829030621320e-04
1.110337798439507521e-03,1.350006110643649899e-04
1.227164819737425281e-03,1.296868477088342856e-04
1.379112686824482967e-03,1.417958040821437301e-04
1.238523354653531423e-03,1.183095717460766255e-04
9.181452391666806946e-04,1.394210893834727698e-04
1.051969028149339668e-03,1.314505582026958142e-04
8.809872666786050478e-04,1.866549117384146302e-04
8.424492066321704643e-04,6.066746512314147950e-04
1.036335444448576457e-03,9.492783865573002893e-04
1.107341785310249306e-03,1.030370712855671047e-03
1.039855959005103964e-03,1.035089199611708343e-03
1.113245309469625827e-03,1.065861828365319676e-03
6.204963847747909170e-04,1.194720632714648279e-03
2.335907562988693068e-04,1.368961739372509100e-03
2.969248756568590940e-04,1.372992094600988030e-03
1.400565012992102882e-04,1.297857156146976776e-03
5.220336943293655760e-04,1.198699621427615214e-03
9.591287488045972765e-04,1.210899767123398748e-03
1.398830542546772044e-03,1.096403777953383705e-03
4.382116797564599244e-04,1.123502116450513909e-03
2.191979663305829574e-04,1.142765369511374420e-03
2.447121297319228067e-04,1.130889841627502222e-03
4.085127326536196115e-04,1.143072266517868507e-03
8.390603251196966606e-04,1.167300131284397871e-03
1.308987509045884175e-03,1.222826348582168763e-03
1.301246262704740817e-03,1.285223670170157701e-03
9.133355356862764068e-04,1.290555749984927331e-03
5.085438406861691974e-04,1.341476756824330719e-03
4.259192551539461749e-04,1.277969197803956050e-03
7.627623594310640131e-05,1.224360904401266626e-03
2.527563062890931318e-04,1.235186818729657300e-03
5.153333950813657150e-04,1.270042221110053316e-03
8.680388104101756114e-04,1.307360796590869038e-03
9.637951620344261706e-04,1.146442982611260274e-03
1.309498851244075314e-03,1.067807818426500010e-03
1.111624567158705059e-03,9.990695266462541659e-04
9.587824606756928337e-04,5.979151263063132516e-04
7.134108863398048702e-04,4.602073009792841595e-04
7.264813399406755022e-04,3.839606615128427977e-04
7.959500835172720039e-04,1.585640057567710450e-04
9.954997016366853337e-04,2.375966398148311818e-04
1.132826100260314562e-03,2.161826787131271342e-04
1.214312625288725689e-03,1.725642664320099415e-04
1.238790933770381143e-03,3.489763867993374877e-04
1.416407770075986871e-03,5.515753675520291806e-04
1.402661238458012376e-03,6.239243494660907073e-04
1.400390175750896747e-03,8.070127554604362508e-04
1.352257815607158138e-03,9.820865505345110612e-04
1.359157264832551448e-03,1.035450707671729635e-03
1.227653682028324649e-03,1.131782007286177751e-03
1.083452323685208784e-03,1.300924665119743530e-03
6.247300754429658837e-04,1.303398290964037035e-03
6.445683313261768750e-04,1.403276755436102521e-03
8.054078590230637907e-04,1.175738761456268221e-03
8.351113874028856304e-04,8.887414561332754315e-04
4.653927674174406491e-04,8.199259643198946552e-04
4.967639566771852797e-04,7.597696478787079131e-04
2.737066122167130058e-04,6.885012388711708904e-04
8.359551881560447963e-05,5.816220655630285940e-04
9.576019952436182940e-04,6.481648226275573375e-04
1.148587851564241607e-03,6.251900161024975594e-04
1.099993174184105572e-03,6.278339614172929496e-04
8.965133381221075020e-04,5.791535214846406290e-04
1.147716397888193544e-03,6.764968325878403148e-04
7.764362025424108261e-04,8.086790468811265583e-04
4.269870483406117698e-04,1.111695038729743805e-03
4.147745864388787101e-04,1.111457752031188781e-03
1.042518815120882611e-04,1.035382636664561188e-03
6.869758889179172897e-04,1.208688308169776453e-03
7.401377467269077163e-04,1.354949139352017813e-03
9.668832880889628202e-04,1.304987790106464270e-03
1.331764976769110511e-03,1.361659724112329432e-03
1.256937176985221906e-03,1.324522297632960664e-03
5.273672257440954487e-04,1.355354582379281105e-03
7.867302491850448019e-04,1.203202571031670737e-03
5.952352994276871286e-04,1.178720920607183439e-03
2.321600242554840415e-04,1.171219542304890700e-03
2.004917408422293484e-04,1.205204643434056987e-03
1.126333909888581423e-04,1.258658625827286217e-03
3.322343140769372458e-04,1.258519406669163882e-03
2.225244081363417388e-04,1.254257653424082578e-03
3.030229759648515376e-04,1.288504017584132062e-03
4.303027874979980464e-04,1.399417501528394357e-03
4.969814994139654411e-04,1.380841548039213459e-03
6.502206202983758883e-04,1.328553921147982656e-03
6.002698937825987763e-04,1.269785103810293532e-03
4.980987312708960377e-04,1.232046060264174823e-03
4.270529691782847491e-04,1.117109120480323011e-03
2.460356678073346301e-04,9.089438605715701152e-04
8.277249771239385430e-05,6.815341346069318535e-04
4.334031832539736928e-04,5.467230747072947565e-04
4.478835404569277948e-04,3.600130877793321534e-04
9.023491789546906824e-04,1.083504920801827852e-04
1.116779777439597761e-03,1.277706329741127179e-04
1.209652644670917857e-03,1.496042252986491076e-04
9.894556545582283442e-04,1.103261635818493064e-04
7.375857359028257848e-04,2.032303881173429423e-04
4.412092040804690193e-04,2.641017446451549835e-04
7.306995336483041402e-05,4.177095959681947652e-04
2.997574016735383940e-04,4.563331669939504702e-04
6.001790184199007512e-04,5.748460033669875206e-04
7.016697370427442534e-04,9.137265445284541328e-04
7.619663718403466967e-04,9.135931981124538297e-04
8.608558188972215142e-04,1.033267652435458997e-03
7.634131948741012348e-04,1.360888369989199202e-03
7.714107620279509825e-04,1.344769921550609043e-03
7.179724156789491505e-04,1.411500274360020157e-03
6.742787871377221333e-04,1.080948908760344948e-03
5.822442999864359649e-04,1.047124379086324369e-03
5.016505260213380019e-04,9.544820677050891346e-04
3.477144660347485506e-04,7.834983773871461495e-04
8.482911504529890023e-05,6.101476908152399844e-04
3.607007607507163138e-04,3.109477534443776917e-04
9.502113630644788310e-04,2.750353281069170411e-04
1.171866661087831753e-03,3.205255453298479543e-04
9.825422548807307647e-04,5.567296422010100916e-04
1.151806182514984907e-03,7.855368210348453442e-04
1.121751429429237437e-03,7.061142984361542434e-04
1.072492636341915552e-03,7.782908535032426406e-04
8.942412587774228221e-04,9.414271825070409444e-04
2.818098530913365029e-04,1.008441824510000967e-03
5.163423992925958786e-04,1.107698983023491660e-03
4.187764858764841643e-04,1.171556575078949768e-03
1.405136957833407884e-04,1.154331421023035422e-03
2.580275972420302739e-04,1.161004893681740792e-03
2.193887979380030738e-04,1.238063166215183945e-03
3.832127629908764423e-04,1.288272849875701743e-03
7.594319699054276470e-04,1.320065068958987649e-03
8.444467413142384008e-04,1.244968451111285856e-03
1.281403931611802861e-03,1.252221809447045175e-03
1.397615500534541387e-03,1.238252946439049110e-03
9.716374834515416250e-04,1.185593533902638439e-03
9.838151667470006190e-04,1.105261612109438617e-03
9.834018154235583866e-04,9.666570795480542311e-04
8.610893870863129762e-04,8.025932276067085369e-04
9.324263572620228964e-04,5.653601464152532884e-04
9.690391563351984658e-04,5.046164617978588993e-04
1.046322323490005753e-03,1.260280411384546019e-04
1.064168024127024915e-03,2.636820104452785403e-04
1.097906250700201322e-03,2.290840413748739088e-04
1.214669278865827167e-03,1.071795388792574314e-04
1.130646933351011621e-03,1.067468077276278494e-04
1.139731357155446658e-03,1.060961918607292441e-04
1.157044642252330396e-03,1.130655168660334148e-04
1.147307843384442983e-03,6.282377874642092056e-04
1.072149931730385225e-03,8.587811085951457639e-04
9.294605605702086415e-04,7.217008872800207558e-04
8.042932116752109749e-04,8.204126580187073034e-04
5.985622437191540903e-04,9.577587794944773889e-04
5.394203631610744367e-04,1.054546485491263249e-03
3.641476000055081093e-04,1.132598108672767901e-03
2.973205579546795894e-04,1.303853652936660251e-03
1.282709836484502799e-04,1.353403172407177495e-03
1.780619646921873271e-04,1.371811879736497099e-03
6.535216988022693116e-04,1.207945992551156698e-03
9.103558637427448157e-04,1.209995502130319046e-03
1.309414796367877956e-03,1.185024208179692468e-03
1.053228163941340991e-03,1.196342113614904572e-03
1.229623492349585364e-03,1.245885268770652397e-03
1.145742727256505392e-03,1.321809174230964036e-03
9.922266530927360568e-04,1.238742699446310257e-03
8.883796057751290739e-04,1.015360807400601979e-03
9.356029630626725834e-04,9.639246035657564110e-04
1.104977471987996906e-03,9.833936529208321415e-04
1.106005742773169109e-03,8.543589379297874880e-04
1.120030927069470394e-03,8.257737424908017211e-04
1.262285705644347134e-03,8.038628124134290873e-04
1.373875601060481864e-03,7.578628115188818133e-04
1.296421920452636494e-03,7.662956840134140055e-04
1.303872682134381723e-03,7.991175212122399391e-04
1.279492695280409981e-03,9.417416080936929753e-04
1.059367304200615730e-03,9.364208629616065614e-04
6.729511744838828288e-04,9.198295577893012302e-04
4.981092332796889120e-04,9.501994165342303802e-04
4.012681677330748060e-04,9.644787373291340048e-04
2.702493587584157910e-04,9.764459909013855146e-04
4.097289341273604698e-04,9.735032039387267119e-04
3.362123963809457656e-04,9.483108933597191601e-04
3.266047084006293679e-04,8.996065591772362587e-04
2.796504467733319744e-04,8.926694198251324637e-04
2.544451254361076347e-04,8.724740751792624824e-04
7.300202842018842014e-05,8.262096869886070101e-04
7.594648230650924588e-05,7.459341658436372891e-04
7.150127499156080501e-05,7.718641440635068190e-04
1.741234703968632931e-04,7.514118696300173088e-04
3.479836345453247103e-04,1.021439578643102038e-03
5.268159838912483441e-04,9.618548285161408360e-04
5.578693149586998624e-04,9.893084120802214491e-04
7.778840528994290402e-04,1.106959387155064109e-03
8.019515604186940559e-04,1.333040444365335506e-03
1.012959110027986630e-03,1.336989933882598873e-03
9.855243045506377388e-04,1.378844582181496317e-03
1.082860991069847009e-03,9.858100036500149106e-04
1.359188708639791701e-03,8.472634823265052422e-04
1.396764142333854330e-03,4.254109179461993935e-04
1.094285001252746133e-03,4.543050508423194037e-04
4.882814322128939703e-04,5.024505694467548212e-04
5.108191049129598600e-04,2.235294201997347968e-04
5.346456998702838392e-04,3.250337726311592094e-04
4.796738745994775979e-04,4.651574145497839371e-04
4.497506964984756021e-04,4.684815113425285166e-04
4.401819425029058997e-04,5.117723789263592220e-04
5.653744036404268532e-04,5.626924511750843252e-04
5.609131234104141727e-04,6.055150999290872952e-04
5.013170763891072095e-04,6.191383129188113938e-04
4.714193364477849363e-04,6.109349807494797186e-04
4.118277098016165979e-04,5.873195358415001779e-04
3.892846474103361649e-04,5.587864306450788686e-04
4.839282790999664512e-04,5.326251102948109401e-04
5.734633155908920371e-04,5.139997636188384190e-04
5.741492983968261637e-04,4.705745365939934389e-04
6.127427068895362683e-04,5.077814135325711513e-04
7.742686758804123411e-04,2.747542042703280752e-04
6.642298168659631222e-04,2.956327616412375917e-04
6.529028238936639226e-04,1.510450348670130732e-04
6.849762995635662365e-04,1.583381955091485579e-04
7.395368659856887050e-04,1.332731884741490712e-04
6.830997402315744415e-04,2.222598092212122974e-04
5.601550115213223139e-04,2.422421052429519020e-04
5.980136889324800696e-04,3.045491733285081090e-04
5.732404313467207458e-04,4.395182317051293287e-04
5.865722808936852046e-04,4.128929857535900728e-04
6.258164840486744743e-04,4.229066505878325416e-04
6.912714461730528519e-04,4.711448532572745152e-04
8.737495271711169260e-04,5.018899532386555907e-04
9.148356807612743023e-04,4.462865530324739306e-04
9.981557053520913238e-04,3.340224428883890027e-04
1.042822327041494470e-03,1.179185298420233017e-04
9.981687918678425805e-04,1.110446898804895704e-04
1.034841722045233819e-03,1.169211697069488256e-04
1.157439370593598251e-03,1.902080300111811003e-04
1.389971169146801428e-03,2.708441679794759888e-04
1.368589753154317258e-03,2.974107299126240085e-04
1.063424698415254329e-03,3.397999915714974947e-04
1.179578301084930779e-03,5.599538665140603444e-04
1.129183307364726519e-03,4.381623902284231126e-04
8.494579590499919510e-04,3.833112893729893867e-04
9.370398904367457926e-04,2.919197696173444849e-04
8.932606617035082804e-04,2.334594901861599889e-04
7.339202844564173987e-04,1.118853304341600860e-04
7.640796423297465485e-04,1.195370649831163857e-04
7.558551031654396710e-04,1.322542106012221960e-04
6.560290305352682464e-04,1.952239305517553187e-04
5.396937848745014896e-04,1.916117656662267156e-04
1.743362953806767382e-04,3.398411713953987021e-04
1.150423203613980277e-04,4.427404037422025458e-04
2.128130959417139751e-04,5.614794783978809163e-04
4.610453485898645355e-04,6.219747807145376874e-04
1.274595124557725790e-03,9.257015470534014044e-04
1.345681678573250155e-03,8.586809027038726011e-04
1.256413261966660882e-03,8.782358605558540036e-04
1.307911201545306629e-03,1.039578515734692569e-03
1.126429228545636381e-03,1.018507534687853331e-03
1.140446713270097537e-03,1.138566519488857674e-03
9.499275585953637991e-04,1.216006883139833777e-03
7.567538024116478518e-04,1.158982866131467353e-03
6.103941681704401359e-04,1.194182412123083502e-03
4.584949538259827065e-04,1.261034271575797944e-03
2.772760425368307941e-04,1.290917037323976307e-03
6.709184941746911338e-05,1.292851963603112476e-03
3.245821238601778822e-04,1.386982887101702788e-03
5.875963505328938522e-04,1.401015020564499785e-03
5.880423365394913619e-04,1.415834722364278132e-03
8.123331214331847320e-04,1.389062401643686344e-03
8.351555891376391408e-04,1.285518182371533490e-03
8.498942117561592837e-04,1.291451724113512741e-03
9.657053504494729056e-04,1.253219188848665733e-03
9.869671639708133253e-04,1.069194077114466162e-03
1.253872416836700416e-03,9.769227903481112526e-04
1.302556772333538990e-03,9.387198461606889024e-04
1.242316923943950465e-03,8.242333407228948387e-04
1.254859607917983844e-03,6.984189244313452954e-04
1.125478219468127985e-03,7.095006467565904019e-04
1.058486612077604938e-03,6.454659211662413902e-04
5.061302985708947136e-04,5.675310469026465052e-04
6.035218823131000606e-04,5.029763621680606546e-04
4.814476270982789852e-04,3.359795654736915565e-04
4.217984048847431126e-04,1.555037730667062769e-04
1.782066197800407465e-04,1.277107098727835839e-04
7.108246966156673956e-05,1.082572404782529153e-04
2.445227154058762504e-04,1.068921719194601598e-04
3.564553137236522421e-04,1.769412410916155153e-04
5.204846937831985199e-04,1.812654212816514434e-04
6.556660794074689429e-04,2.645695665104241096e-04
7.744219805103519112e-04,4.104982312268357731e-04
1.000927670585592026e-03,4.904641040747589279e-04
1.143238083597749363e-03,5.663402992796864573e-04
1.311649369554075076e-03,6.414793285343412541e-04
9.378288290015393243e-04,6.739874846475783863e-04
6.981653293859436992e-04,7.570412829022575736e-04
3.738020106384488451e-04,8.147986026487313068e-04
8.839569119623467085e-05,8.709146599733169668e-04
1.112555579034551822e-04,9.063808592181671342e-04
9.750694077412724523e-05,9.169241064139756724e-04
6.940844044173478402e-05,9.218972767408647887e-04
1.267331272779430892e-04,9.436733016040284435e-04
2.478377489097120150e-04,9.485323954087905400e-04
3.501281453724305708e-04,9.590248823290635971e-04
3.630633693789129309e-04,9.763032877995689871e-04
5.045342949677841977e-04,9.858547208484570810e-04
4.800675084155843009e-04,1.003104665300291092e-03
6.130403468629722899e-04,1.025551843177101253e-03
6.613174095964960680e-04,1.056249235902462702e-03
6.499531612857819196e-04,1.089720093579622968e-03
7.168099508070773862e-04,1.118058805580197284e-03
8.111608030525615208e-04,1.089591412188307788e-03
8.596000101244427030e-04,1.074670083357507104e-03
9.244233191433587219e-04,1.006637940606380658e-03
8.365255534222671785e-04,9.738188808441483732e-04
7.119566491683240479e-04,9.134297759431129300e-04
5.606295701131821293e-04,7.212167280428858534e-04
4.064485653993810230e-04,7.172367710705164663e-04
3.637931464609797422e-04,6.406468311897337183e-04
3.989982350531067162e-04,4.894404296760744002e-04
2.954520388793625959e-04,4.864084555886732009e-04
1.907813394802966589e-04,4.393829580829992096e-04
8.524551989978709527e-05,3.982859474557215841e-04
9.479302046850576801e-05,3.674694856005553600e-04
6.885111928406776661e-05,3.321282012079461942e-04
1.567517176442048080e-04,2.915847066567566078e-04
1.817970014824843092e-04,2.791524532567557634e-04
2.514954776941762246e-04,3.497497638188026424e-04
2.761622577189894764e-04,3.622614985760852090e-04
2.853686961710022300e-04,3.603496185870330389e-04
3.674330295711233994e-04,4.355440307908762534e-04
3.482768650354885632e-04,5.221370754757722167e-04
3.866297530365238582e-04,5.723712697455252997e-04
3.699270384579347371e-04,5.398970755051400207e-04
3.151171577070236676e-04,5.629866568428960666e-04
1.596530419251094592e-04,6.494446306446509734e-04
3.557816085192969644e-04,6.674141369967982003e-04
5.750579864177737636e-04,7.056822887861313037e-04
4.287650928382595464e-04,7.108538357757841980e-04
5.620011206755175541e-04,6.431288162845054564e-04
7.540776798366559614e-04,6.556629808946091336e-04
1.027971629227325111e-03,6.487487722316555641e-04
1.212089559443704648e-03,6.388704449561019528e-04
1.145467568221551031e-03,5.793042310033919744e-04
1.203308249693252558e-03,5.905790959072300048e-04
1.304487119909871970e-03,5.812545894420766525e-04
1.175738305813728030e-03,4.906463276768860231e-04
1.202770596779272408e-03,4.475998695696382142e-04
1.280737814611462811e-03,4.208494330377874270e-04
1.327915106116300901e-03,4.447864496412832656e-04
1.356879587048687294e-03,4.115926324992701482e-04
1.375209123409766414e-03,3.990620238250557473e-04
1.392486030810067459e-03,3.419998470872200871e-04
1.402677196920756137e-03,3.988575284009603225e-04
1.403838626438328428e-03,4.016627314872231198e-04
1.390190563216526501e-03,3.888679470795611401e-04
1.373685849895322228e-03,3.923468536388807879e-04
1.353666076748843072e-03,4.599537760569146730e-04
1.296506571248808026e-03,4.746954944479736343e-04
1.208748671988339480e-03,5.116179746768841421e-04
1.028069830501332363e-03,6.295829610141463577e-04
1.037414948764702827e-03,6.609810092898173346e-04
1.019158271001460031e-03,7.166405223341251133e-04
1.008457981275136164e-03,7.303695765027585357e-04
9.893192160737253240e-04,8.213830042254783312e-04
9.766760603767095979e-04,8.291479288194278591e-04
9.572371395823354870e-04,1.098853660350489246e-03
9.611340128185860265e-04,1.141317688521195335e-03
9.491365457581276560e-04,1.132012123332385052e-03
9.705484284943682481e-04,1.175356502434469477e-03
9.734244528110601010e-04,1.301964864911272233e-03
9.759929048843439580e-04,1.329681446022292759e-03
9.960634074091723102e-04,1.351430244940287706e-03
1.007573023543145837e-03,1.270303909658581287e-03
1.046969532019996225e-03,1.096262675347310384e-03
1.070573235733441892e-03,1.044961023546851168e-03
1.103783250528860135e-03,9.209169209967770289e-04
1.151832557313332405e-03,8.266843818751572030e-04
1.222089478300661001e-03,7.320019215008795365e-04
1.322036891165225122e-03,6.712809473495072281e-04
1.388172417903114474e-03,4.694256951857373578e-04
1.331147776675141491e-03,6.092457481008310780e-04
1.280080315108075547e-03,5.316180152493422397e-04
1.218227823555879637e-03,3.935109029238647096e-04
1.037131421092115768e-03,4.362993701136478101e-04
1.037356825675511815e-03,2.424329012612163453e-04
9.356202521868639110e-04,1.531605055400932442e-04
1.059395738004797333e-03,1.639947517030310544e-04
1.034599689073553621e-03,1.156609925825818826e-04
8.217091256053502338e-04,1.319975413287984543e-04
8.222178229115332734e-04,1.177490898638274122e-04
8.431063513884095141e-04,1.545944715117012966e-04
5.919561534921702903e-04,2.803789230937168259e-04
3.827668065134869502e-04,2.265117332707932741e-04
2.685847821333827335e-04,2.651762877898846934e-04
1.778397750973531653e-04,2.879310658082923058e-04
1.804540459614495753e-04,3.254355877946726395e-04
1.563813643746700909e-04,4.379821835052869839e-04
2.092600809645183595e-04,4.014141624242589953e-04
1.562079053406324085e-04,5.286271851891123554e-04
2.319636822353476034e-04,5.511991747819295360e-04
2.651383430098124428e-04,6.327075817644921968e-04
2.343841705868810984e-04,6.853302751865951361e-04
1.989475094940603762e-04,6.536394641994547209e-04
1.502496975826278969e-04,6.846885425284834296e-04
