# step_dp, step_pinn
5.000000000000000278e-02,5.000000000000000278e-02
5.000000000000000278e-02,5.000000000000000278e-02
5.000000000000000278e-02,5.000000000000000278e-02
5.000000000000000278e-02,5.000000000000000278e-02
5.000000000000000278e-02,5.000000000000000278e-02
5.000000000000000278e-02,4.201658333928494748e+00
5.000000000000000278e-02,5.000000000000000278e-02
5.000000000000000278e-02,5.000000000000000278e-02
5.000000000000000278e-02,5.000000000000000278e-02
5.000000000000000278e-02,5.000000000000000278e-02
5.000000000000000278e-02,1.389130352536089956e-02
2.183250239772049461e+00,5.000000000000000278e-02
5.000000000000000278e-02,5.000000000000000278e-02
2.988210505881826462e-01,5.000000000000000278e-02
1.643412463460956485e-01,5.000000000000000278e-02
2.737018494480308872e-01,6.479086368495399206e-01
5.000000000000000278e-02,5.000000000000000278e-02
4.401872881770808599e-01,1.448789379021213630e-01
1.911214296541071667e-01,5.000000000000000278e-02
2.836286850970621831e-01,1.874276624378616932e-02
3.273905737805473670e-01,5.000000000000000278e-02
5.000000000000000278e-02,5.000000000000000278e-02
5.000000000000000278e-02,3.621426997923170299e-02
5.000000000000000278e-02,5.000000000000000278e-02
5.000000000000000278e-02,1.513742770157596729e-01
5.000000000000000278e-02,3.528830915281329084e-01
5.000000000000000278e-02,5.000000000000000278e-02
5.000000000000000278e-02,5.000000000000000278e-02
5.000000000000000278e-02,5.000000000000000278e-02
1.740022201693902648e-01,5.000000000000000278e-02
5.000000000000000278e-02,5.000000000000000278e-02
3.244818807467036992e-01,4.734296773260684293e-02
5.000000000000000278e-02,2.320950777713257640e-01
5.000000000000000278e-02,5.000000000000000278e-02
5.000000000000000278e-02,5.000000000000000278e-02
5.000000000000000278e-02,5.000000000000000278e-02
5.477358416649759087e-01,1.580264136891983995e+01
5.000000000000000278e-02,2.482974764918949862e-01
5.000000000000000278e-02,1.796770417126716257e-01
3.581184721166317253e-01,1.997498502237564089e-01
5.000000000000000278e-02,5.000000000000000278e-02
5.000000000000000278e-02,5.000000000000000278e-02
5.000000000000000278e-02,5.000000000000000278e-02
5.000000000000000278e-02,5.000000000000000278e-02
5.000000000000000278e-02,3.093929417345828159e-01
5.000000000000000278e-02,5.000000000000000278e-02
4.068760447258062407e-01,5.000000000000000278e-02
5.000000000000000278e-02,5.000000000000000278e-02
5.000000000000000278e-02,5.000000000000000278e-02
5.000000000000000278e-02,5.000000000000000278e-02
5.000000000000000278e-02,5.000000000000000278e-02
5.000000000000000278e-02,5.000000000000000278e-02
5.000000000000000278e-02,5.000000000000000278e-02
5.000000000000000278e-02,5.000000000000000278e-02
5.000000000000000278e-02,5.000000000000000278e-02
5.000000000000000278e-02,5.000000000000000278e-02
5.000000000000000278e-02,5.000000000000000278e-02
5.000000000000000278e-02,5.000000000000000278e-02
5.000000000000000278e-02,5.000000000000000278e-02
5.000000000000000278e-02,5.000000000000000278e-02
3.162838022837958230e-01,5.000000000000000278e-02
5.000000000000000278e-02,5.000000000000000278e-02
5.000000000000000278e-02,5.061860894703655855e-01
5.000000000000000278e-02,5.000000000000000278e-02
5.000000000000000278e-02,5.000000000000000278e-02
5.000000000000000278e-02,5.000000000000000278e-02
5.000000000000000278e-02,5.000000000000000278e-02
5.000000000000000278e-02,5.000000000000000278e-02
5.000000000000000278e-02,5.000000000000000278e-02
5.000000000000000278e-02,5.000000000000000278e-02
5.000000000000000278e-02,5.000000000000000278e-02
5.000000000000000278e-02,5.000000000000000278e-02
5.000000000000000278e-02,5.000000000000000278e-02
5.000000000000000278e-02,5.000000000000000278e-02
4.695956150038579913e-01,5.000000000000000278e-02
5.000000000000000278e-02,5.000000000000000278e-02
5.000000000000000278e-02,5.000000000000000278e-02
5.000000000000000278e-02,5.000000000000000278e-02
5.000000000000000278e-02,5.000000000000000278e-02
5.000000000000000278e-02,5.000000000000000278e-02
5.000000000000000278e-02,3.804295058772466098e-01
5.000000000000000278e-02,3.346022598207608056e-01
5.000000000000000278e-02,5.000000000000000278e-02
5.000000000000000278e-02,1.913965228219066395e-01
5.000000000000000278e-02,5.000000000000000278e-02
5.000000000000000278e-02,5.000000000000000278e-02
5.000000000000000278e-02,5.000000000000000278e-02
5.000000000000000278e-02,5.000000000000000278e-02
5.000000000000000278e-02,5.000000000000000278e-02
5.000000000000000278e-02,5.000000000000000278e-02
5.000000000000000278e-02,3.192228467366142186e-01
5.000000000000000278e-02,5.000000000000000278e-02
5.000000000000000278e-02,5.257554196538563041e-01
5.000000000000000278e-02,5.000000000000000278e-02
5.000000000000000278e-02,5.000000000000000278e-02
5.000000000000000278e-02,5.000000000000000278e-02
5.000000000000000278e-02,5.000000000000000278e-02
5.513710105472464651e-01,5.000000000000000278e-02
4.996179301505791481e-01,5.000000000000000278e-02
7.120780418083748620e-01,5.000000000000000278e-02
5.000000000000000278e-02,5.000000000000000278e-02
5.000000000000000278e-02,5.000000000000000278e-02
5.000000000000000278e-02,5.000000000000000278e-02
5.000000000000000278e-02,5.000000000000000278e-02
5.000000000000000278e-02,5.000000000000000278e-02
4.641829976065635632e-01,5.000000000000000278e-02
5.695917019204277398e-01,5.000000000000000278e-02
5.000000000000000278e-02,5.000000000000000278e-02
5.000000000000000278e-02,5.000000000000000278e-02
7.924847227435168062e-02,5.000000000000000278e-02
1.842597189306990346e-01,5.000000000000000278e-02
3.513772970254300798e-01,5.000000000000000278e-02
5.000000000000000278e-02,5.000000000000000278e-02
5.000000000000000278e-02,5.000000000000000278e-02
5.000000000000000278e-02,5.819989285225887210e-01
5.000000000000000278e-02,5.000000000000000278e-02
5.000000000000000278e-02,5.000000000000000278e-02
5.000000000000000278e-02,5.000000000000000278e-02
5.035246406918779671e-01,5.000000000000000278e-02
5.000000000000000278e-02,5.000000000000000278e-02
5.000000000000000278e-02,5.000000000000000278e-02
5.000000000000000278e-02,5.000000000000000278e-02
5.000000000000000278e-02,5.000000000000000278e-02
5.000000000000000278e-02,5.000000000000000278e-02
5.000000000000000278e-02,5.000000000000000278e-02
5.000000000000000278e-02,5.000000000000000278e-02
2.842070727393153917e-01,5.000000000000000278e-02
6.501500571234885006e-01,1.759923727735508148e-01
2.795188385759859173e-01,5.000000000000000278e-02
5.000000000000000278e-02,5.000000000000000278e-02
5.000000000000000278e-02,2.809700322829531416e-01
5.000000000000000278e-02,5.000000000000000278e-02
5.000000000000000278e-02,5.000000000000000278e-02
5.000000000000000278e-02,5.000000000000000278e-02
5.000000000000000278e-02,5.000000000000000278e-02
5.000000000000000278e-02,5.000000000000000278e-02
5.000000000000000278e-02,4.319002621932646058e-01
5.000000000000000278e-02,5.000000000000000278e-02
5.000000000000000278e-02,5.000000000000000278e-02
5.000000000000000278e-02,5.000000000000000278e-02
5.000000000000000278e-02,5.000000000000000278e-02
5.000000000000000278e-02,5.000000000000000278e-02
5.000000000000000278e-02,3.118546933307072555e-01
5.000000000000000278e-02,5.000000000000000278e-02
5.000000000000000278e-02,5.000000000000000278e-02
5.000000000000000278e-02,3.069843864893524454e-01
5.000000000000000278e-02,5.000000000000000278e-02
5.000000000000000278e-02,5.000000000000000278e-02
5.000000000000000278e-02,5.000000000000000278e-02
5.000000000000000278e-02,1.599705621212595963e-01
5.000000000000000278e-02,6.854011694625370410e-01
5.000000000000000278e-02,5.000000000000000278e-02
5.000000000000000278e-02,5.000000000000000278e-02
3.469083574891283495e-01,5.000000000000000278e-02
5.000000000000000278e-02,5.000000000000000278e-02
5.000000000000000278e-02,5.000000000000000278e-02
5.000000000000000278e-02,5.000000000000000278e-02
5.000000000000000278e-02,5.000000000000000278e-02
5.000000000000000278e-02,5.000000000000000278e-02
1.451939182395227401e-01,5.000000000000000278e-02
6.921854083192828799e-01,5.000000000000000278e-02
5.000000000000000278e-02,6.074991530000288797e-01
5.000000000000000278e-02,5.000000000000000278e-02
5.000000000000000278e-02,5.000000000000000278e-02
1.563051476488118152e-01,5.000000000000000278e-02
3.323422169935488779e-01,5.000000000000000278e-02
5.000000000000000278e-02,5.000000000000000278e-02
5.000000000000000278e-02,5.000000000000000278e-02
5.000000000000000278e-02,5.000000000000000278e-02
8.444576718432551810e-02,5.000000000000000278e-02
5.749854672338777783e-01,5.000000000000000278e-02
5.000000000000000278e-02,5.000000000000000278e-02
5.000000000000000278e-02,5.000000000000000278e-02
5.000000000000000278e-02,5.000000000000000278e-02
4.246827789802974928e-01,5.000000000000000278e-02
5.000000000000000278e-02,5.000000000000000278e-02
5.000000000000000278e-02,5.000000000000000278e-02
6.236054870286806828e-01,5.000000000000000278e-02
5.000000000000000278e-02,5.000000000000000278e-02
5.000000000000000278e-02,5.000000000000000278e-02
3.013646872871978966e-01,5.000000000000000278e-02
5.000000000000000278e-02,5.000000000000000278e-02
5.000000000000000278e-02,5.000000000000000278e-02
5.000000000000000278e-02,5.000000000000000278e-02
5.000000000000000278e-02,5.000000000000000278e-02
5.000000000000000278e-02,5.000000000000000278e-02
5.000000000000000278e-02,5.000000000000000278e-02
5.953645173659238843e-01,5.000000000000000278e-02
2.240268938073781135e-01,5.000000000000000278e-02
5.000000000000000278e-02,5.794211586550889193e-01
1.271011382135076029e-01,5.000000000000000278e-02
2.499371303642566877e-01,3.818183569514355113e-01
5.000000000000000278e-02,2.976065304221267027e-01
4.310607178138153306e-01,4.134542118692482449e-01
5.000000000000000278e-02,5.000000000000000278e-02
5.000000000000000278e-02,3.574326044002639202e-01
5.000000000000000278e-02,5.000000000000000278e-02
5.000000000000000278e-02,5.139767614609297430e-01
5.000000000000000278e-02,5.000000000000000278e-02
5.000000000000000278e-02,6.294230576202028971e-01
5.000000000000000278e-02,5.274539348670878036e-01
5.901652824134766551e-01,5.000000000000000278e-02
5.000000000000000278e-02,1.403608790584183752e-01
5.000000000000000278e-02,3.687567968069561108e-01
5.000000000000000278e-02,5.000000000000000278e-02
5.000000000000000278e-02,5.000000000000000278e-02
7.300093085252064018e-01,5.000000000000000278e-02
5.000000000000000278e-02,5.000000000000000278e-02
5.000000000000000278e-02,5.000000000000000278e-02
5.000000000000000278e-02,4.181074794005315010e-01
5.000000000000000278e-02,5.000000000000000278e-02
2.625131865134434639e-01,5.000000000000000278e-02
3.535392943261170817e-01,5.000000000000000278e-02
5.000000000000000278e-02,5.000000000000000278e-02
2.223598907528088475e-01,5.000000000000000278e-02
5.337245153737382175e-01,5.000000000000000278e-02
5.000000000000000278e-02,5.000000000000000278e-02
6.329455498275861070e-01,5.000000000000000278e-02
5.000000000000000278e-02,5.000000000000000278e-02
5.000000000000000278e-02,5.097016969790876262e-01
5.000000000000000278e-02,5.000000000000000278e-02
5.000000000000000278e-02,5.000000000000000278e-02
5.000000000000000278e-02,5.000000000000000278e-02
5.000000000000000278e-02,5.000000000000000278e-02
5.000000000000000278e-02,5.000000000000000278e-02
5.000000000000000278e-02,5.000000000000000278e-02
5.000000000000000278e-02,5.000000000000000278e-02
5.000000000000000278e-02,5.000000000000000278e-02
5.000000000000000278e-02,5.000000000000000278e-02
5.000000000000000278e-02,5.000000000000000278e-02
5.000000000000000278e-02,5.000000000000000278e-02
5.000000000000000278e-02,5.000000000000000278e-02
5.000000000000000278e-02,5.000000000000000278e-02
5.000000000000000278e-02,5.000000000000000278e-02
5.000000000000000278e-02,5.000000000000000278e-02
2.987735860856221004e-01,5.000000000000000278e-02
5.000000000000000278e-02,5.000000000000000278e-02
5.000000000000000278e-02,5.000000000000000278e-02
5.000000000000000278e-02,5.000000000000000278e-02
5.000000000000000278e-02,5.000000000000000278e-02
5.000000000000000278e-02,2.828070084933373418e-01
5.000000000000000278e-02,5.000000000000000278e-02
5.363646375963329049e-01,5.000000000000000278e-02
5.000000000000000278e-02,5.000000000000000278e-02
5.000000000000000278e-02,5.000000000000000278e-02
3.324606182737400717e-01,5.000000000000000278e-02
5.000000000000000278e-02,5.000000000000000278e-02
5.000000000000000278e-02,5.000000000000000278e-02
5.218557109191908072e-01,4.862045801684684587e-01
5.000000000000000278e-02,5.000000000000000278e-02
5.000000000000000278e-02,5.000000000000000278e-02
1.765978634535644576e-01,5.000000000000000278e-02
6.505474223365156350e-01,5.000000000000000278e-02
5.000000000000000278e-02,5.000000000000000278e-02
5.000000000000000278e-02,5.000000000000000278e-02
2.115236483282060265e-01,5.000000000000000278e-02
2.947164403894899642e-01,5.000000000000000278e-02
5.000000000000000278e-02,5.000000000000000278e-02
5.000000000000000278e-02,5.000000000000000278e-02
5.000000000000000278e-02,5.000000000000000278e-02
6.815072841606432952e-02,5.000000000000000278e-02
1.576756235552146390e-01,5.000000000000000278e-02
5.784984565713384708e-01,1.302358162179677037e-01
5.000000000000000278e-02,1.072156521137273832e-01
5.000000000000000278e-02,4.582685524453047332e-01
5.000000000000000278e-02,5.000000000000000278e-02
5.000000000000000278e-02,3.350731666804586117e-01
5.000000000000000278e-02,5.000000000000000278e-02
4.758752084650242353e-01,5.260353495882549302e-01
5.000000000000000278e-02,5.000000000000000278e-02
5.000000000000000278e-02,5.000000000000000278e-02
5.000000000000000278e-02,5.000000000000000278e-02
5.000000000000000278e-02,5.000000000000000278e-02
5.000000000000000278e-02,5.141014146281136510e-01
5.000000000000000278e-02,5.000000000000000278e-02
5.000000000000000278e-02,5.000000000000000278e-02
5.000000000000000278e-02,5.000000000000000278e-02
5.000000000000000278e-02,5.000000000000000278e-02
5.000000000000000278e-02,5.000000000000000278e-02
5.000000000000000278e-02,5.000000000000000278e-02
5.000000000000000278e-02,5.000000000000000278e-02
5.000000000000000278e-02,5.687485935989373687e-01
5.000000000000000278e-02,5.000000000000000278e-02
5.000000000000000278e-02,5.000000000000000278e-02
5.000000000000000278e-02,5.000000000000000278e-02
6.515948953505010799e-01,5.000000000000000278e-02
5.000000000000000278e-02,1.988923809463024606e-01
4.179105483704390056e-01,8.209477606380618520e-01
5.000000000000000278e-02,5.176390748322442503e-01
5.000000000000000278e-02,5.000000000000000278e-02
5.000000000000000278e-02,5.000000000000000278e-02
5.000000000000000278e-02,5.000000000000000278e-02
2.088758738978946927e-01,5.000000000000000278e-02
3.600085750922524253e-01,9.882743406909745565e-02
5.000000000000000278e-02,1.829530912641336715e-01
5.000000000000000278e-02,5.000000000000000278e-02
7.928379004238957084e-02,5.000000000000000278e-02
1.968561572731890863e-01,5.000000000000000278e-02
5.997507340225490813e-01,4.864269124150752965e-01
5.000000000000000278e-02,5.000000000000000278e-02
5.000000000000000278e-02,5.000000000000000278e-02
5.000000000000000278e-02,3.642076496385419637e-01
5.000000000000000278e-02,5.000000000000000278e-02
5.000000000000000278e-02,5.000000000000000278e-02
1.355914865280823112e-01,8.339909177049746603e-02
5.000000000000000278e-02,1.214368073281566068e-01
5.000000000000000278e-02,2.364943594023350415e-01
5.000000000000000278e-02,5.000000000000000278e-02
5.000000000000000278e-02,5.000000000000000278e-02
4.123772708980810164e-01,5.000000000000000278e-02
5.000000000000000278e-02,5.000000000000000278e-02
5.000000000000000278e-02,5.000000000000000278e-02
5.000000000000000278e-02,2.226428782275250429e-01
5.000000000000000278e-02,5.000000000000000278e-02
1.772070699012628092e-01,5.000000000000000278e-02
1.032557346962515443e-01,5.000000000000000278e-02
7.112386167112042523e-01,5.000000000000000278e-02
5.000000000000000278e-02,5.000000000000000278e-02
5.000000000000000278e-02,2.991879048898355431e-01
5.000000000000000278e-02,5.000000000000000278e-02
5.000000000000000278e-02,5.000000000000000278e-02
5.000000000000000278e-02,3.164864127167684171e-01
5.000000000000000278e-02,5.000000000000000278e-02
5.000000000000000278e-02,4.752731178005652479e-01
5.943793456332351066e-02,5.000000000000000278e-02
4.293524598268954051e-01,5.000000000000000278e-02
5.000000000000000278e-02,5.000000000000000278e-02
5.000000000000000278e-02,4.663537920381525814e-01
4.780713247280204969e-01,5.000000000000000278e-02
5.000000000000000278e-02,2.085520108061191535e-01
5.000000000000000278e-02,3.312923640361827848e-01
5.449791773342301804e-01,5.000000000000000278e-02
5.297116454274730657e-01,5.000000000000000278e-02
5.000000000000000278e-02,5.000000000000000278e-02
5.000000000000000278e-02,5.000000000000000278e-02
5.000000000000000278e-02,5.000000000000000278e-02
5.000000000000000278e-02,5.000000000000000278e-02
3.479241996948558846e-01,6.232947810083986351e-01
2.808422689681561168e-01,5.000000000000000278e-02
5.000000000000000278e-02,5.000000000000000278e-02
5.000000000000000278e-02,5.000000000000000278e-02
5.000000000000000278e-02,5.000000000000000278e-02
5.000000000000000278e-02,5.000000000000000278e-02
5.000000000000000278e-02,8.005658433609472158e-02
5.000000000000000278e-02,4.888201167641159084e-01
5.000000000000000278e-02,5.000000000000000278e-02
5.000000000000000278e-02,5.000000000000000278e-02
2.630724485540563151e-01,2.554782292540533906e-01
5.000000000000000278e-02,5.000000000000000278e-02
5.000000000000000278e-02,5.000000000000000278e-02
5.000000000000000278e-02,5.000000000000000278e-02
5.000000000000000278e-02,5.000000000000000278e-02
5.000000000000000278e-02,5.000000000000000278e-02
5.000000000000000278e-02,2.732964516742414363e-01
5.000000000000000278e-02,5.000000000000000278e-02
5.000000000000000278e-02,5.000000000000000278e-02
5.000000000000000278e-02,5.000000000000000278e-02
5.000000000000000278e-02,5.000000000000000278e-02
5.000000000000000278e-02,5.000000000000000278e-02
5.000000000000000278e-02,5.000000000000000278e-02
5.000000000000000278e-02,4.442809259601307459e-01
5.000000000000000278e-02,5.000000000000000278e-02
5.000000000000000278e-02,5.000000000000000278e-02
5.000000000000000278e-02,1.410089839108275844e-01
5.000000000000000278e-02,3.627987781167615888e-01
5.000000000000000278e-02,5.000000000000000278e-02
5.000000000000000278e-02,5.000000000000000278e-02
5.000000000000000278e-02,5.000000000000000278e-02
5.000000000000000278e-02,5.000000000000000278e-02
5.000000000000000278e-02,5.000000000000000278e-02
5.000000000000000278e-02,5.826218699380604216e-01
2.441358686644524711e-01,5.000000000000000278e-02
2.333235977072530554e-01,5.000000000000000278e-02
5.000000000000000278e-02,3.718161725687491592e-01
5.000000000000000278e-02,5.000000000000000278e-02
5.000000000000000278e-02,5.000000000000000278e-02
5.000000000000000278e-02,5.000000000000000278e-02
5.000000000000000278e-02,5.000000000000000278e-02
5.000000000000000278e-02,2.237683318644681230e-01
5.000000000000000278e-02,5.000000000000000278e-02
5.000000000000000278e-02,2.782946964196225670e-01
5.000000000000000278e-02,5.000000000000000278e-02
5.000000000000000278e-02,5.000000000000000278e-02
5.000000000000000278e-02,5.000000000000000278e-02
5.000000000000000278e-02,5.000000000000000278e-02
5.000000000000000278e-02,5.000000000000000278e-02
5.000000000000000278e-02,5.000000000000000278e-02
5.432145217799876358e-01,5.000000000000000278e-02
5.000000000000000278e-02,5.000000000000000278e-02
5.000000000000000278e-02,5.000000000000000278e-02
5.000000000000000278e-02,5.000000000000000278e-02
5.568017407576755229e-01,5.000000000000000278e-02
5.000000000000000278e-02,5.000000000000000278e-02
5.000000000000000278e-02,6.385526428217843664e-01
5.000000000000000278e-02,5.000000000000000278e-02
5.000000000000000278e-02,5.000000000000000278e-02
5.000000000000000278e-02,5.000000000000000278e-02
5.000000000000000278e-02,5.000000000000000278e-02
5.000000000000000278e-02,5.000000000000000278e-02
5.000000000000000278e-02,5.000000000000000278e-02
5.000000000000000278e-02,5.000000000000000278e-02
5.000000000000000278e-02,5.000000000000000278e-02
3.219216983781269192e+00,5.000000000000000278e-02
5.000000000000000278e-02,1.175352089904767861e-01
5.617562082698082104e-01,5.000000000000000278e-02
8.388748894416767077e-02,5.000000000000000278e-02
2.135300462454897685e-01,5.000000000000000278e-02
5.000000000000000278e-02,5.000000000000000278e-02
5.000000000000000278e-02,5.000000000000000278e-02
5.000000000000000278e-02,5.000000000000000278e-02
3.236071620637491209e-01,3.998004305212228826e-01
5.000000000000000278e-02,5.000000000000000278e-02
5.000000000000000278e-02,5.000000000000000278e-02
3.575836889055820644e-01,5.331692928150072452e-01
5.000000000000000278e-02,5.000000000000000278e-02
5.000000000000000278e-02,5.000000000000000278e-02
5.000000000000000278e-02,5.000000000000000278e-02
5.000000000000000278e-02,5.000000000000000278e-02
5.000000000000000278e-02,5.659292690972425044e-01
5.000000000000000278e-02,5.000000000000000278e-02
5.000000000000000278e-02,5.000000000000000278e-02
5.000000000000000278e-02,5.000000000000000278e-02
5.000000000000000278e-02,5.000000000000000278e-02
5.000000000000000278e-02,5.000000000000000278e-02
5.000000000000000278e-02,5.000000000000000278e-02
5.000000000000000278e-02,5.000000000000000278e-02
5.000000000000000278e-02,5.000000000000000278e-02
5.000000000000000278e-02,5.000000000000000278e-02
5.000000000000000278e-02,5.000000000000000278e-02
5.000000000000000278e-02,5.000000000000000278e-02
7.441998450036250157e-01,5.000000000000000278e-02
3.895868806505793924e-01,5.000000000000000278e-02
5.000000000000000278e-02,5.000000000000000278e-02
5.000000000000000278e-02,5.000000000000000278e-02
5.000000000000000278e-02,5.000000000000000278e-02
5.000000000000000278e-02,5.000000000000000278e-02
5.000000000000000278e-02,3.754688085375159634e-01
5.000000000000000278e-02,5.000000000000000278e-02
5.000000000000000278e-02,5.000000000000000278e-02
5.000000000000000278e-02,6.574130137090032910e-01
5.000000000000000278e-02,5.000000000000000278e-02
5.536452599541762387e-01,5.000000000000000278e-02
5.000000000000000278e-02,5.000000000000000278e-02
6.038300525153846854e-01,5.000000000000000278e-02
4.105134981230411095e-01,5.000000000000000278e-02
3.052821492910803847e-01,5.000000000000000278e-02
5.000000000000000278e-02,5.000000000000000278e-02
4.044213030303693279e-01,5.000000000000000278e-02
5.000000000000000278e-02,5.000000000000000278e-02
5.000000000000000278e-02,5.000000000000000278e-02
5.000000000000000278e-02,5.000000000000000278e-02
5.000000000000000278e-02,5.000000000000000278e-02
5.000000000000000278e-02,5.000000000000000278e-02
5.222425277355171591e-01,5.000000000000000278e-02
5.000000000000000278e-02,5.000000000000000278e-02
5.000000000000000278e-02,5.000000000000000278e-02
5.000000000000000278e-02,5.000000000000000278e-02
5.000000000000000278e-02,3.540155513491645700e-01
5.000000000000000278e-02,5.000000000000000278e-02
4.391965287018830266e-01,5.000000000000000278e-02
4.657233937380313438e-01,5.000000000000000278e-02
5.000000000000000278e-02,5.000000000000000278e-02
5.000000000000000278e-02,5.000000000000000278e-02
5.000000000000000278e-02,5.000000000000000278e-02
5.154644193227735371e-01,5.000000000000000278e-02
5.000000000000000278e-02,5.000000000000000278e-02
5.000000000000000278e-02,5.000000000000000278e-02
5.098346364473675951e-01,5.000000000000000278e-02
5.000000000000000278e-02,5.000000000000000278e-02
5.000000000000000278e-02,5.000000000000000278e-02
5.049395551486374201e-01,5.000000000000000278e-02
5.000000000000000278e-02,5.000000000000000278e-02
5.000000000000000278e-02,5.000000000000000278e-02
3.373752795152813455e-01,5.000000000000000278e-02
4.550337981999962866e-01,5.000000000000000278e-02
5.394728508533848110e-01,5.000000000000000278e-02
5.000000000000000278e-02,5.000000000000000278e-02
5.000000000000000278e-02,5.000000000000000278e-02
5.000000000000000278e-02,5.000000000000000278e-02
5.000000000000000278e-02,5.000000000000000278e-02
5.000000000000000278e-02,5.000000000000000278e-02
5.000000000000000278e-02,5.000000000000000278e-02
5.000000000000000278e-02,5.000000000000000278e-02
5.000000000000000278e-02,5.000000000000000278e-02
5.000000000000000278e-02,5.000000000000000278e-02
1.195031397999626183e-01,5.000000000000000278e-02
5.000000000000000278e-02,5.000000000000000278e-02
5.000000000000000278e-02,5.000000000000000278e-02
5.000000000000000278e-02,5.000000000000000278e-02
5.000000000000000278e-02,5.000000000000000278e-02
5.000000000000000278e-02,5.000000000000000278e-02
7.280275962435245329e-02,5.000000000000000278e-02
1.188713045383889694e-01,5.000000000000000278e-02
7.145286482522257288e-01,5.000000000000000278e-02
5.000000000000000278e-02,5.000000000000000278e-02
2.291588327221898147e-01,5.000000000000000278e-02
1.370682877854785819e-01,5.000000000000000278e-02
1.721283090342616562e-01,5.000000000000000278e-02
6.467265119042128196e-01,5.000000000000000278e-02
5.000000000000000278e-02,5.000000000000000278e-02
5.000000000000000278e-02,5.000000000000000278e-02
5.000000000000000278e-02,1.395911444902165899e-01
5.000000000000000278e-02,7.279350763534256918e-01
5.000000000000000278e-02,5.000000000000000278e-02
5.000000000000000278e-02,1.811716294137389049e-01
5.000000000000000278e-02,5.000000000000000278e-02
5.000000000000000278e-02,5.639484548629154492e-01
2.119606805740243127e-01,5.000000000000000278e-02
5.000000000000000278e-02,5.000000000000000278e-02
5.000000000000000278e-02,5.000000000000000278e-02
5.000000000000000278e-02,5.000000000000000278e-02
4.462885736867242548e-01,5.000000000000000278e-02
5.000000000000000278e-02,5.000000000000000278e-02
5.000000000000000278e-02,5.000000000000000278e-02
5.000000000000000278e-02,5.000000000000000278e-02
5.000000000000000278e-02,5.308865011517014398e-01
5.000000000000000278e-02,5.000000000000000278e-02
5.000000000000000278e-02,5.000000000000000278e-02
5.000000000000000278e-02,5.000000000000000278e-02
5.000000000000000278e-02,5.000000000000000278e-02
5.000000000000000278e-02,5.000000000000000278e-02
5.000000000000000278e-02,5.000000000000000278e-02
5.000000000000000278e-02,5.000000000000000278e-02
5.000000000000000278e-02,5.000000000000000278e-02
5.000000000000000278e-02,5.000000000000000278e-02
5.000000000000000278e-02,5.000000000000000278e-02
5.000000000000000278e-02,5.000000000000000278e-02
5.000000000000000278e-02,5.418810589030539360e-01
5.000000000000000278e-02,5.000000000000000278e-02
5.000000000000000278e-02,5.000000000000000278e-02
5.000000000000000278e-02,5.000000000000000278e-02
1.658136650203284324e-01,5.005068365685666487e-01
5.000000000000000278e-02,5.000000000000000278e-02
5.603746397650363198e-01,5.000000000000000278e-02
2.389523767912589136e-01,5.000000000000000278e-02
5.000000000000000278e-02,2.998336608738851328e-01
5.000000000000000278e-02,5.209712366164418462e-01
2.267535640335721636e-01,3.884300750113712786e-01
5.000000000000000278e-02,5.000000000000000278e-02
5.000000000000000278e-02,5.000000000000000278e-02
5.000000000000000278e-02,5.000000000000000278e-02
5.000000000000000278e-02,5.000000000000000278e-02
5.000000000000000278e-02,5.665131257002071763e-01
5.000000000000000278e-02,5.000000000000000278e-02
5.000000000000000278e-02,5.000000000000000278e-02
5.000000000000000278e-02,5.000000000000000278e-02
5.000000000000000278e-02,5.183880917534319233e-01
5.000000000000000278e-02,5.000000000000000278e-02
5.000000000000000278e-02,5.000000000000000278e-02
5.000000000000000278e-02,5.000000000000000278e-02
5.000000000000000278e-02,5.000000000000000278e-02
5.000000000000000278e-02,5.000000000000000278e-02
1.947282802052590633e-01,5.000000000000000278e-02
9.402677388724443863e-02,5.000000000000000278e-02
6.721451936671447580e-01,5.000000000000000278e-02
5.000000000000000278e-02,1.679135421914129955e-01
5.000000000000000278e-02,5.000000000000000278e-02
5.000000000000000278e-02,5.000000000000000278e-02
5.000000000000000278e-02,5.652726824597646971e-01
5.000000000000000278e-02,2.320284031565995608e-01
1.376778322913194963e-01,1.415328807659222699e-01
4.405507121913041502e-01,5.000000000000000278e-02
5.000000000000000278e-02,5.000000000000000278e-02
5.000000000000000278e-02,5.000000000000000278e-02
6.452640003583581807e-01,5.000000000000000278e-02
5.000000000000000278e-02,5.000000000000000278e-02
5.000000000000000278e-02,5.000000000000000278e-02
5.000000000000000278e-02,5.176088203262433352e-01
5.000000000000000278e-02,5.000000000000000278e-02
1.545765928319762228e-01,5.000000000000000278e-02
5.000000000000000278e-02,5.000000000000000278e-02
5.000000000000000278e-02,5.000000000000000278e-02
5.000000000000000278e-02,5.000000000000000278e-02
5.000000000000000278e-02,5.000000000000000278e-02
4.655952481840463508e-01,4.099877310240003792e-01
5.000000000000000278e-02,5.000000000000000278e-02
5.000000000000000278e-02,1.738174052497154232e-01
5.000000000000000278e-02,5.000000000000000278e-02
2.026664363363489541e-01,5.000000000000000278e-02
5.000000000000000278e-02,5.000000000000000278e-02
5.000000000000000278e-02,5.000000000000000278e-02
5.000000000000000278e-02,5.000000000000000278e-02
6.942484593004214499e-01,5.000000000000000278e-02
5.000000000000000278e-02,6.436204787975058350e-01
5.000000000000000278e-02,5.000000000000000278e-02
5.000000000000000278e-02,5.000000000000000278e-02
5.000000000000000278e-02,5.000000000000000278e-02
6.164765848665662018e-01,5.000000000000000278e-02
5.000000000000000278e-02,5.000000000000000278e-02
5.000000000000000278e-02,3.323581369853251810e-01
3.884178247691981722e-01,5.575291746419973604e-01
4.243661017121056478e-01,5.000000000000000278e-02
5.000000000000000278e-02,5.000000000000000278e-02
5.000000000000000278e-02,6.461106826629483546e-01
5.000000000000000278e-02,5.000000000000000278e-02
5.000000000000000278e-02,5.000000000000000278e-02
5.000000000000000278e-02,3.848111447410020869e-01
5.000000000000000278e-02,5.000000000000000278e-02
5.000000000000000278e-02,5.000000000000000278e-02
5.000000000000000278e-02,2.427301310279396940e-01
7.811143044546428604e-02,2.886575933171040553e-01
2.848031795081714668e-01,5.000000000000000278e-02
5.000000000000000278e-02,5.000000000000000278e-02
5.000000000000000278e-02,5.000000000000000278e-02
5.000000000000000278e-02,5.000000000000000278e-02
5.000000000000000278e-02,5.000000000000000278e-02
5.000000000000000278e-02,5.000000000000000278e-02
5.000000000000000278e-02,5.000000000000000278e-02
1.969302514584047314e-01,5.000000000000000278e-02
5.000000000000000278e-02,5.000000000000000278e-02
5.000000000000000278e-02,5.000000000000000278e-02
5.000000000000000278e-02,4.121297169875082766e-01
3.469215719737918091e-01,4.007247090619687202e-01
3.256150374907458289e-01,5.000000000000000278e-02
5.000000000000000278e-02,5.000000000000000278e-02
5.000000000000000278e-02,5.000000000000000278e-02
5.000000000000000278e-02,5.000000000000000278e-02
5.000000000000000278e-02,5.000000000000000278e-02
5.000000000000000278e-02,5.000000000000000278e-02
5.000000000000000278e-02,5.000000000000000278e-02
3.571970651386501827e-01,5.000000000000000278e-02
4.892147432602996227e-01,5.000000000000000278e-02
2.098515353423016372e-01,5.000000000000000278e-02
2.964850985304934849e-01,5.000000000000000278e-02
5.000000000000000278e-02,5.000000000000000278e-02
5.000000000000000278e-02,5.000000000000000278e-02
5.000000000000000278e-02,5.000000000000000278e-02
3.040348724702342520e-01,5.000000000000000278e-02
5.000000000000000278e-02,5.000000000000000278e-02
6.681502589453321983e-01,5.000000000000000278e-02
5.000000000000000278e-02,5.000000000000000278e-02
5.000000000000000278e-02,5.000000000000000278e-02
5.000000000000000278e-02,5.000000000000000278e-02
5.000000000000000278e-02,2.309878975773834719e-01
4.690760032335634655e-01,4.648348772806814022e-01
5.000000000000000278e-02,2.900596165640610402e-01
5.000000000000000278e-02,5.000000000000000278e-02
5.000000000000000278e-02,5.000000000000000278e-02
5.000000000000000278e-02,5.000000000000000278e-02
4.644797461787257831e-01,6.014645545539339944e-01
5.000000000000000278e-02,5.000000000000000278e-02
5.000000000000000278e-02,5.000000000000000278e-02
5.000000000000000278e-02,5.000000000000000278e-02
5.000000000000000278e-02,5.000000000000000278e-02
5.000000000000000278e-02,5.000000000000000278e-02
5.000000000000000278e-02,5.000000000000000278e-02
5.000000000000000278e-02,4.945533741240113468e-01
5.000000000000000278e-02,5.000000000000000278e-02
5.000000000000000278e-02,5.000000000000000278e-02
5.000000000000000278e-02,4.053280923966914862e-01
5.000000000000000278e-02,5.000000000000000278e-02
5.000000000000000278e-02,5.000000000000000278e-02
5.000000000000000278e-02,5.000000000000000278e-02
5.691296248583835871e-01,5.000000000000000278e-02
9.450712762562855918e-02,5.000000000000000278e-02
5.000000000000000278e-02,5.000000000000000278e-02
5.000000000000000278e-02,5.000000000000000278e-02
5.000000000000000278e-02,3.542504383563192805e-02
5.000000000000000278e-02,5.686646855966382558e-02
5.000000000000000278e-02,1.785229957935953737e-01
5.000000000000000278e-02,5.000000000000000278e-02
5.000000000000000278e-02,5.000000000000000278e-02
5.000000000000000278e-02,5.000000000000000278e-02
5.000000000000000278e-02,5.000000000000000278e-02
3.788217113732200714e-01,5.000000000000000278e-02
5.000000000000000278e-02,5.000000000000000278e-02
5.000000000000000278e-02,5.000000000000000278e-02
6.003454972867782180e-01,5.000000000000000278e-02
5.000000000000000278e-02,3.285904442587197494e-01
5.000000000000000278e-02,4.009678553787779931e-01
5.000000000000000278e-02,5.000000000000000278e-02
5.000000000000000278e-02,5.000000000000000278e-02
5.000000000000000278e-02,5.330962055548182921e-01
5.270280413522535623e-01,5.225695218107535567e-01
5.000000000000000278e-02,5.000000000000000278e-02
5.000000000000000278e-02,5.000000000000000278e-02
5.000000000000000278e-02,5.000000000000000278e-02
5.803656628591914446e-01,5.000000000000000278e-02
5.000000000000000278e-02,6.662136565782423858e-01
5.000000000000000278e-02,5.000000000000000278e-02
5.000000000000000278e-02,4.278411677189148388e-01
4.496261976501038093e-01,4.318763150986434374e-01
5.000000000000000278e-02,5.000000000000000278e-02
5.000000000000000278e-02,5.000000000000000278e-02
1.949755349753859723e-01,5.000000000000000278e-02
2.206696149749306779e-01,5.000000000000000278e-02
5.000000000000000278e-02,5.000000000000000278e-02
5.000000000000000278e-02,5.000000000000000278e-02
5.000000000000000278e-02,5.000000000000000278e-02
4.587309876477080883e-01,5.000000000000000278e-02
5.000000000000000278e-02,5.000000000000000278e-02
4.961119426867268700e-01,5.389344281682778570e-01
5.000000000000000278e-02,5.000000000000000278e-02
5.000000000000000278e-02,3.280112743151470389e-01
5.000000000000000278e-02,2.457304390536405869e-01
5.000000000000000278e-02,3.881345901355464090e-01
5.000000000000000278e-02,5.000000000000000278e-02
5.000000000000000278e-02,5.000000000000000278e-02
5.000000000000000278e-02,5.846161454608047592e-01
5.000000000000000278e-02,5.000000000000000278e-02
5.000000000000000278e-02,5.000000000000000278e-02
5.000000000000000278e-02,5.000000000000000278e-02
5.362242081920290948e-01,5.000000000000000278e-02
5.000000000000000278e-02,5.000000000000000278e-02
5.000000000000000278e-02,5.000000000000000278e-02
5.000000000000000278e-02,5.000000000000000278e-02
5.000000000000000278e-02,5.000000000000000278e-02
5.000000000000000278e-02,5.000000000000000278e-02
5.000000000000000278e-02,5.000000000000000278e-02
5.000000000000000278e-02,5.000000000000000278e-02
5.000000000000000278e-02,5.000000000000000278e-02
5.000000000000000278e-02,5.000000000000000278e-02
5.000000000000000278e-02,5.000000000000000278e-02
5.000000000000000278e-02,5.000000000000000278e-02
6.640688805677038564e-01,5.000000000000000278e-02
5.000000000000000278e-02,5.000000000000000278e-02
5.000000000000000278e-02,4.154560333448652498e-01
5.000000000000000278e-02,5.000000000000000278e-02
5.000000000000000278e-02,5.000000000000000278e-02
6.640402400360208013e-01,5.000000000000000278e-02
5.000000000000000278e-02,5.000000000000000278e-02
5.000000000000000278e-02,5.000000000000000278e-02
5.000000000000000278e-02,5.000000000000000278e-02
5.000000000000000278e-02,5.000000000000000278e-02
5.000000000000000278e-02,5.000000000000000278e-02
5.000000000000000278e-02,5.000000000000000278e-02
6.873649128878295267e-01,5.000000000000000278e-02
5.000000000000000278e-02,5.000000000000000278e-02
5.000000000000000278e-02,5.000000000000000278e-02
7.017060769976560808e-01,5.000000000000000278e-02
5.000000000000000278e-02,5.000000000000000278e-02
5.000000000000000278e-02,5.000000000000000278e-02
5.000000000000000278e-02,5.000000000000000278e-02
6.031425659318429000e-01,5.000000000000000278e-02
5.000000000000000278e-02,5.000000000000000278e-02
5.000000000000000278e-02,5.000000000000000278e-02
6.655359317712388201e-01,5.000000000000000278e-02
5.000000000000000278e-02,5.000000000000000278e-02
5.000000000000000278e-02,3.722643798784276981e-01
5.000000000000000278e-02,5.000000000000000278e-02
3.885775097949848988e-01,5.000000000000000278e-02
5.000000000000000278e-02,5.000000000000000278e-02
5.000000000000000278e-02,5.000000000000000278e-02
5.000000000000000278e-02,5.000000000000000278e-02
5.000000000000000278e-02,5.000000000000000278e-02
5.000000000000000278e-02,5.000000000000000278e-02
7.351159887577121133e-01,5.000000000000000278e-02
5.000000000000000278e-02,2.634936295261818273e-01
5.000000000000000278e-02,2.988627845409538852e-01
5.000000000000000278e-02,5.000000000000000278e-02
7.860556388154027463e-01,5.000000000000000278e-02
5.000000000000000278e-02,5.000000000000000278e-02
5.000000000000000278e-02,5.000000000000000278e-02
9.909966059363971291e-02,5.000000000000000278e-02
5.419478518978413373e-01,5.000000000000000278e-02
5.000000000000000278e-02,5.000000000000000278e-02
5.000000000000000278e-02,5.000000000000000278e-02
3.290682804462736200e-01,5.000000000000000278e-02
5.000000000000000278e-02,5.000000000000000278e-02
3.961666704607325618e-01,5.000000000000000278e-02
4.783203867464849157e-01,5.000000000000000278e-02
5.000000000000000278e-02,5.000000000000000278e-02
5.000000000000000278e-02,5.000000000000000278e-02
5.000000000000000278e-02,5.000000000000000278e-02
5.000000000000000278e-02,5.000000000000000278e-02
5.000000000000000278e-02,5.000000000000000278e-02
5.000000000000000278e-02,5.000000000000000278e-02
5.000000000000000278e-02,5.000000000000000278e-02
5.000000000000000278e-02,5.000000000000000278e-02
5.000000000000000278e-02,5.000000000000000278e-02
5.000000000000000278e-02,5.000000000000000278e-02
5.000000000000000278e-02,5.000000000000000278e-02
5.000000000000000278e-02,5.000000000000000278e-02
5.000000000000000278e-02,5.000000000000000278e-02
5.000000000000000278e-02,5.000000000000000278e-02
5.000000000000000278e-02,5.000000000000000278e-02
5.000000000000000278e-02,5.000000000000000278e-02
7.372169287094147982e-01,5.000000000000000278e-02
5.000000000000000278e-02,5.000000000000000278e-02
5.000000000000000278e-02,5.000000000000000278e-02
7.973223650563103504e-02,5.000000000000000278e-02
1.602548498732516424e-01,1.471425034478224814e-01
1.216674852854172373e-01,2.415837643263182566e-01
7.523877148692148520e-01,5.000000000000000278e-02
4.447004279126912096e-01,5.000000000000000278e-02
5.000000000000000278e-02,5.000000000000000278e-02
5.000000000000000278e-02,5.905519479569998342e-01
6.982583040049088474e-01,5.000000000000000278e-02
5.000000000000000278e-02,5.000000000000000278e-02
5.000000000000000278e-02,4.707490077453802546e-01
2.706998489617012948e-01,5.000000000000000278e-02
5.000000000000000278e-02,6.389048391658636028e-01
5.000000000000000278e-02,5.612693362384220397e-02
4.506756792878248152e-01,1.278113945591375644e-01
5.000000000000000278e-02,5.000000000000000278e-02
5.000000000000000278e-02,1.142322701776593979e-01
5.000000000000000278e-02,1.184941712310429024e-01
5.000000000000000278e-02,5.000000000000000278e-02
5.000000000000000278e-02,2.751269979396226972e-01
4.542282319603122565e-01,5.000000000000000278e-02
3.628324106367522006e-01,5.000000000000000278e-02
5.000000000000000278e-02,5.000000000000000278e-02
2.485076251013363380e-01,5.000000000000000278e-02
5.000000000000000278e-02,5.000000000000000278e-02
4.388748456211695737e-01,5.000000000000000278e-02
4.010090504368420961e-01,5.066611589228331436e-01
5.000000000000000278e-02,5.000000000000000278e-02
1.909549966443296887e-01,5.000000000000000278e-02
8.078669407735956653e-01,5.000000000000000278e-02
5.000000000000000278e-02,5.000000000000000278e-02
5.000000000000000278e-02,5.000000000000000278e-02
5.000000000000000278e-02,5.000000000000000278e-02
5.000000000000000278e-02,5.000000000000000278e-02
5.000000000000000278e-02,5.000000000000000278e-02
6.128811255790951318e-01,6.842721448858705147e-01
5.000000000000000278e-02,5.000000000000000278e-02
6.473642730694316727e-01,5.000000000000000278e-02
4.189701666794614088e-01,5.000000000000000278e-02
5.443830031379185419e-01,5.000000000000000278e-02
4.294903472436055747e-01,5.000000000000000278e-02
5.000000000000000278e-02,5.000000000000000278e-02
5.000000000000000278e-02,5.000000000000000278e-02
5.000000000000000278e-02,5.000000000000000278e-02
5.000000000000000278e-02,5.000000000000000278e-02
5.000000000000000278e-02,5.000000000000000278e-02
5.000000000000000278e-02,5.000000000000000278e-02
5.000000000000000278e-02,5.000000000000000278e-02
5.000000000000000278e-02,5.000000000000000278e-02
5.000000000000000278e-02,5.000000000000000278e-02
5.000000000000000278e-02,6.722334712244096844e-01
5.000000000000000278e-02,2.393101425140322369e-01
5.000000000000000278e-02,5.000000000000000278e-02
5.000000000000000278e-02,5.000000000000000278e-02
5.000000000000000278e-02,5.000000000000000278e-02
5.419685080748802841e-01,5.000000000000000278e-02
5.000000000000000278e-02,5.000000000000000278e-02
5.000000000000000278e-02,5.000000000000000278e-02
5.000000000000000278e-02,5.000000000000000278e-02
5.000000000000000278e-02,5.000000000000000278e-02
5.000000000000000278e-02,5.000000000000000278e-02
5.000000000000000278e-02,1.045549981398499195e-01
5.000000000000000278e-02,2.004304512907827129e-01
5.000000000000000278e-02,1.204886515401334540e-01
5.000000000000000278e-02,2.728024885999011384e-01
5.000000000000000278e-02,5.000000000000000278e-02
5.000000000000000278e-02,5.000000000000000278e-02
5.000000000000000278e-02,5.000000000000000278e-02
5.000000000000000278e-02,5.000000000000000278e-02
5.000000000000000278e-02,5.000000000000000278e-02
2.252482648325103975e-01,5.000000000000000278e-02
5.000000000000000278e-02,5.793248454576656048e-01
4.600030412194326401e-01,5.000000000000000278e-02
6.615120350613992728e-02,5.000000000000000278e-02
5.000000000000000278e-02,4.611786958609657150e-01
5.000000000000000278e-02,5.000000000000000278e-02
5.000000000000000278e-02,5.000000000000000278e-02
5.000000000000000278e-02,3.307648002808237231e-01
5.000000000000000278e-02,4.548535812796375422e-01
5.000000000000000278e-02,5.000000000000000278e-02
5.000000000000000278e-02,5.000000000000000278e-02
5.000000000000000278e-02,5.133596274789159475e-01
5.000000000000000278e-02,5.000000000000000278e-02
5.000000000000000278e-02,5.000000000000000278e-02
5.840190511917431326e-01,7.334256629747899769e-02
5.517716237978350646e-01,1.063827490338330461e-01
5.000000000000000278e-02,1.809026740716829507e-01
5.000000000000000278e-02,5.000000000000000278e-02
5.000000000000000278e-02,4.346600559892572213e-01
5.000000000000000278e-02,5.127207622892018257e-01
5.000000000000000278e-02,5.000000000000000278e-02
5.000000000000000278e-02,6.463472435349403300e-01
6.079413724781009831e-01,5.000000000000000278e-02
5.000000000000000278e-02,5.407210961480318767e-01
5.000000000000000278e-02,5.000000000000000278e-02
5.000000000000000278e-02,5.000000000000000278e-02
5.000000000000000278e-02,5.000000000000000278e-02
5.000000000000000278e-02,5.000000000000000278e-02
5.000000000000000278e-02,5.000000000000000278e-02
5.118802206284723821e-01,5.000000000000000278e-02
5.000000000000000278e-02,5.000000000000000278e-02
5.000000000000000278e-02,3.733341440317223814e-01
5.000000000000000278e-02,5.000000000000000278e-02
6.212176150368972083e-01,5.000000000000000278e-02
5.000000000000000278e-02,6.592068547511905630e-01
5.000000000000000278e-02,5.000000000000000278e-02
5.000000000000000278e-02,5.000000000000000278e-02
5.000000000000000278e-02,5.000000000000000278e-02
5.000000000000000278e-02,5.000000000000000278e-02
2.314256245778292254e-01,5.000000000000000278e-02
1.435283177629469997e-01,4.022694947458466119e-01
6.079994798058300232e-01,5.000000000000000278e-02
4.484837795794087700e-01,5.000000000000000278e-02
5.000000000000000278e-02,5.000000000000000278e-02
5.000000000000000278e-02,6.034985163690510523e-01
3.913699751216566658e-01,5.000000000000000278e-02
5.000000000000000278e-02,5.000000000000000278e-02
5.000000000000000278e-02,5.000000000000000278e-02
5.000000000000000278e-02,5.000000000000000278e-02
5.000000000000000278e-02,9.322463436542308135e-02
5.000000000000000278e-02,5.000000000000000278e-02
5.000000000000000278e-02,5.000000000000000278e-02
5.867989014453355301e-01,5.000000000000000278e-02
5.000000000000000278e-02,5.000000000000000278e-02
5.000000000000000278e-02,5.000000000000000278e-02
5.000000000000000278e-02,5.000000000000000278e-02
4.038683129690746054e-01,5.000000000000000278e-02
5.000000000000000278e-02,7.544815853547649498e-01
5.000000000000000278e-02,2.838023403202374895e-01
5.000000000000000278e-02,5.000000000000000278e-02
3.600306600842054783e-01,7.302911411252751561e-01
5.000000000000000278e-02,2.708874944009901919e-01
5.000000000000000278e-02,5.000000000000000278e-02
5.000000000000000278e-02,5.000000000000000278e-02
5.000000000000000278e-02,5.000000000000000278e-02
4.296716009402602454e-01,5.000000000000000278e-02
5.000000000000000278e-02,6.419859904689815266e-01
5.000000000000000278e-02,5.000000000000000278e-02
5.000000000000000278e-02,5.000000000000000278e-02
6.464020643481138695e-01,5.000000000000000278e-02
5.000000000000000278e-02,5.000000000000000278e-02
5.000000000000000278e-02,5.000000000000000278e-02
5.000000000000000278e-02,5.000000000000000278e-02
5.000000000000000278e-02,5.000000000000000278e-02
5.000000000000000278e-02,5.000000000000000278e-02
5.000000000000000278e-02,2.846139032377741906e-01
5.000000000000000278e-02,5.000000000000000278e-02
5.000000000000000278e-02,5.000000000000000278e-02
5.000000000000000278e-02,5.000000000000000278e-02
5.000000000000000278e-02,6.104881149559832076e-01
5.000000000000000278e-02,5.000000000000000278e-02
5.000000000000000278e-02,5.000000000000000278e-02
5.000000000000000278e-02,5.000000000000000278e-02
5.111302093833484106e-01,5.000000000000000278e-02
3.785302643778461484e-01,5.000000000000000278e-02
5.000000000000000278e-02,6.539613917798990927e-01
5.000000000000000278e-02,5.000000000000000278e-02
5.000000000000000278e-02,5.000000000000000278e-02
5.000000000000000278e-02,1.377520261497587883e-01
5.000000000000000278e-02,1.737306565435048078e-01
5.000000000000000278e-02,7.280797204500358832e-01
5.000000000000000278e-02,5.000000000000000278e-02
5.000000000000000278e-02,5.000000000000000278e-02
5.000000000000000278e-02,5.987241278915980125e-01
5.000000000000000278e-02,5.000000000000000278e-02
5.000000000000000278e-02,5.000000000000000278e-02
5.000000000000000278e-02,5.000000000000000278e-02
5.000000000000000278e-02,5.000000000000000278e-02
5.000000000000000278e-02,5.000000000000000278e-02
6.854807659576018786e-01,2.761123696980749553e-01
5.000000000000000278e-02,5.000000000000000278e-02
5.000000000000000278e-02,5.000000000000000278e-02
5.000000000000000278e-02,5.336299233524615104e-01
5.000000000000000278e-02,5.000000000000000278e-02
5.000000000000000278e-02,5.000000000000000278e-02
5.000000000000000278e-02,1.384368217666627487e-01
5.000000000000000278e-02,2.409972604256253870e-01
5.000000000000000278e-02,5.000000000000000278e-02
4.757328940494485736e-01,5.000000000000000278e-02
5.000000000000000278e-02,5.000000000000000278e-02
5.000000000000000278e-02,5.564090779454274049e-02
5.000000000000000278e-02,7.472710233875385910e-01
5.000000000000000278e-02,5.000000000000000278e-02
5.000000000000000278e-02,5.000000000000000278e-02
5.000000000000000278e-02,1.882771479638846446e-01
5.000000000000000278e-02,5.000000000000000278e-02
5.000000000000000278e-02,5.000000000000000278e-02
5.000000000000000278e-02,5.000000000000000278e-02
5.000000000000000278e-02,5.000000000000000278e-02
5.000000000000000278e-02,5.000000000000000278e-02
5.000000000000000278e-02,5.000000000000000278e-02
5.000000000000000278e-02,5.000000000000000278e-02
5.000000000000000278e-02,4.768387982420996818e-01
5.000000000000000278e-02,5.000000000000000278e-02
5.000000000000000278e-02,5.000000000000000278e-02
5.000000000000000278e-02,5.000000000000000278e-02
5.000000000000000278e-02,5.000000000000000278e-02
5.000000000000000278e-02,5.000000000000000278e-02
3.302352790084673861e-01,5.000000000000000278e-02
5.000000000000000278e-02,5.000000000000000278e-02
2.425932295122630589e-01,5.090364407839746974e-01
5.000000000000000278e-02,5.000000000000000278e-02
5.000000000000000278e-02,5.000000000000000278e-02
5.281455651947770669e-01,5.000000000000000278e-02
5.000000000000000278e-02,4.482529182153901504e-01
5.000000000000000278e-02,5.000000000000000278e-02
5.000000000000000278e-02,5.000000000000000278e-02
6.226358495249347813e-01,5.000000000000000278e-02
4.896629690405731594e-01,5.000000000000000278e-02
5.000000000000000278e-02,5.000000000000000278e-02
6.753652019607762069e-01,5.000000000000000278e-02
4.047233674008028914e-01,5.000000000000000278e-02
5.000000000000000278e-02,1.054520906079314813e-01
5.000000000000000278e-02,2.339883365313403518e-01
2.319849281347527992e-01,5.000000000000000278e-02
5.000000000000000278e-02,5.000000000000000278e-02
5.000000000000000278e-02,5.000000000000000278e-02
5.000000000000000278e-02,5.000000000000000278e-02
5.000000000000000278e-02,5.014983187249273389e-01
5.000000000000000278e-02,5.000000000000000278e-02
5.000000000000000278e-02,3.695075492402875028e-01
5.000000000000000278e-02,5.000000000000000278e-02
