# error_dp, error_pinn
4.270925659400123808e-02,4.325694005421133054e-02
4.218037567030513690e-02,4.218039485656013832e-02
4.218036287757244429e-02,4.218036297822669312e-02
4.218038596779005722e-02,4.218034706168570513e-02
4.218035482564403554e-02,4.218089374234926942e-02
4.218022858053418339e-02,4.218020283413017463e-02
4.217965174297444442e-02,4.217963831937344976e-02
4.217929601647893434e-02,4.217949939846738633e-02
4.225702517733350566e-02,4.214765189372517845e-02
4.226088354347310588e-02,4.214621792838577768e-02
4.202669091250740147e-02,4.417962995620519639e-02
5.241927674643094559e-02,4.535304637306599579e-02
5.365190938695667267e-02,4.764120197626985076e-02
3.202066083895878379e-02,4.840939376582153314e-02
1.534324367428014160e-02,3.449471996074521957e-02
1.530682886195862923e-02,2.828531916600751650e-02
1.458897448478640134e-02,2.021773692668041994e-02
1.661018626062006620e-02,1.657317069395673748e-02
1.539112442146924227e-02,1.646491040905151068e-02
1.187456641204509382e-02,1.609498306722854238e-02
1.131322450651072765e-02,1.626736393789055685e-02
1.805144730212683221e-02,1.669057269026867629e-02
1.327819865578059103e-02,1.575204854468750804e-02
1.568752596182534584e-02,1.553931948872346556e-02
1.483182599241227029e-02,1.564569353137810342e-02
1.139787678548691632e-02,1.573700334894081315e-02
6.128650320898015001e-03,1.695330099911720317e-02
5.943317118115271080e-03,1.740169861104868057e-02
4.232845851587095816e-03,2.457531611628152590e-02
3.937646238037793844e-03,2.854814499049774038e-02
3.349624271205357915e-03,2.679513423739476874e-02
3.602057646748544131e-03,2.521309827277011528e-02
4.207255039271743866e-03,2.358206619875322790e-02
5.795564317113798339e-03,2.211075172023561214e-02
5.507028843684383390e-03,1.073852735407989333e-02
5.905332666163587083e-03,2.953419863915782324e-03
6.867805844367097338e-03,2.841998023291575359e-03
7.594803577561251226e-03,1.234128776837010435e-03
8.156857608926287861e-03,1.995096131706968270e-03
9.178975712228651732e-03,1.155118464418814980e-02
1.039341128475131625e-02,1.005746706942101110e-02
1.059685424521382424e-02,1.100893345911374381e-02
7.584306208424418209e-03,1.100498912017457316e-02
3.836280160871933034e-03,7.645053114894414040e-03
2.566319997554097551e-03,1.307119835324893923e-03
1.893139703574159933e-03,1.264426346635357055e-03
2.497944153230567330e-03,2.078184348689507237e-03
3.636954546131764346e-03,4.557123424050832372e-03
4.145397386165467976e-03,6.300832644790405231e-03
6.046011773895624240e-03,6.195529993389396750e-03
3.184912758339146933e-03,5.173195293461919919e-03
3.506348130897290680e-03,3.042723072345062015e-03
3.250302928766888536e-03,2.299212421026873218e-03
2.859283599841914211e-03,2.451486111682756909e-03
1.898822775003048595e-03,4.355910030380369391e-03
1.742550137052432165e-03,5.612819998718015201e-03
1.583022436780113498e-03,8.332138396518038240e-03
1.222710456562781404e-03,9.062784322366202253e-03
1.386666608093729608e-03,1.147123273468389666e-02
1.767047896222785760e-03,1.537945073347336822e-02
1.493299521292835086e-03,1.899898031576001053e-02
1.803409533388606462e-03,2.102403266579367866e-02
2.732110984661601655e-03,2.550000614686282613e-02
3.061559779916417628e-03,2.616248072472638145e-02
4.933617795993644646e-03,2.355557338239080284e-02
7.255091301839303522e-03,2.671102432893735293e-02
7.043870207819702238e-03,2.832569130332125359e-02
7.642938570627507214e-03,2.756493818473392671e-02
8.439684786578440651e-03,2.806926381177055410e-02
2.346325479056739823e-03,2.979606770446441635e-02
2.406429161766330226e-03,3.135550545298033259e-02
2.397376544837549750e-03,3.235944263497374240e-02
1.712599111510296635e-03,3.261292590769472588e-02
1.834969278655584164e-03,3.288125112963114632e-02
1.886238566324994863e-03,3.263759174754041897e-02
1.794598278055809177e-03,3.188260264003096173e-02
1.512570922474650026e-03,3.135179757484683055e-02
1.204427101780128264e-03,3.125842216314705935e-02
1.053883913694853751e-03,3.068512728588557517e-02
1.036776342968138802e-03,3.078883614055724638e-02
1.047779115485500921e-03,2.933533677049363769e-02
1.079714474608200678e-03,2.952635340642095763e-02
1.241441236364935682e-03,2.932840308970803556e-02
1.661659477763018826e-03,2.535531563141547873e-02
2.479523970879315715e-03,2.431707907205791011e-02
3.767339500570602955e-03,2.438572548826125827e-02
5.638093485115867887e-03,2.189177300691962091e-02
7.918624371967818501e-03,1.984449157545358638e-02
9.003344576323317125e-03,1.819280847114172761e-02
1.064871603943223950e-02,1.416060080231629388e-02
7.787223411633949384e-03,1.661599998689508931e-02
7.677265279900493365e-03,1.695204066619163466e-02
6.973452482189710679e-03,1.624644986422436183e-02
2.978075787585410684e-03,1.443327822217462322e-02
2.791593592049960038e-03,1.331678589763567698e-02
1.055365152362495616e-03,1.056186749936284010e-02
1.179344332331164679e-03,1.016675425845771190e-02
2.331790197987439629e-03,7.228830956770730676e-03
3.966405750623314477e-03,4.204345362248233971e-03
5.358816092902049522e-03,4.405671353449675670e-03
5.041261777576134563e-03,2.175616533248806665e-03
5.580061967350139103e-03,9.581514778661929816e-04
5.504446069088044825e-03,5.851910026187741093e-04
5.909775655903631679e-03,1.198753145607931196e-03
6.985900795726304041e-03,4.602392036435928348e-03
7.674057589387543732e-03,3.658441313212703293e-03
9.553752553788739249e-03,3.978158231726874536e-03
9.541521108462560838e-03,4.154010214539935811e-03
9.627231103958954275e-03,4.504312295083563386e-03
8.261990671934156191e-03,5.046372668971016093e-03
5.146364784395934984e-03,5.755595742064718336e-03
2.672997723871867702e-03,6.155970423060587622e-03
1.681609484638570953e-03,5.489087119681682232e-03
2.861441494153434909e-03,4.966074478949995125e-03
2.026404177474779109e-03,4.298900361964692191e-03
1.431630353200479206e-03,4.621327357534480915e-03
1.248100770716885095e-03,5.887004233226653636e-03
4.595608991815310594e-03,5.424549842368672076e-03
6.002618025060414177e-03,5.221860933329504004e-03
5.881212218534295939e-03,5.087720160917309428e-03
7.713417624253922182e-03,5.694653854470044241e-03
9.802637994085304854e-03,5.304635515569515285e-03
9.071108452485298831e-03,5.166520460824984042e-03
8.985275522724057648e-03,5.015863629327982701e-03
9.456461300164059613e-03,4.663810600963136897e-03
9.771890550915185089e-03,4.696108876129469374e-03
1.003284796847834538e-02,3.621399383760804790e-03
9.935570795761064153e-03,3.588518969340161267e-03
1.011018878602513126e-02,3.156618249552953313e-03
1.083654164122637223e-02,2.851329225970534054e-03
1.103668230797439503e-02,2.891394644346274075e-03
1.128320903567722917e-02,2.665788084738398688e-03
1.136737988660910768e-02,2.473696542721460709e-03
1.150698866844877648e-02,2.654018917473128462e-03
1.174244704841032223e-02,2.521154283996329768e-03
1.180147901441609172e-02,2.341390894171414480e-03
1.121496987211171442e-02,2.172549097960187886e-03
7.673807090614219624e-03,1.660076163814676146e-03
6.493231933424104853e-03,2.184064776136786668e-03
5.756587549329083599e-03,1.977573855951161343e-03
3.879839685315664838e-03,1.839199063684480344e-03
2.789899494276536999e-03,1.768432440182740205e-03
2.194393217448432302e-03,1.690071201282918305e-03
9.608968899298977150e-04,1.230712011989287943e-03
7.009710040850217032e-04,1.112535941628486338e-03
1.132455528733451863e-04,6.459798721689653887e-04
1.324070634644764150e-03,2.763315330026193568e-04
6.220074582599291859e-04,2.583605255138755928e-04
8.956894401971589662e-04,2.347134384739327814e-04
1.370849790173187888e-03,2.225564368588156712e-04
1.357251805051959198e-03,2.302201167892296829e-04
1.497761459144303971e-03,3.360563780308973257e-04
1.643251132940472085e-03,3.958795646302459012e-04
1.896355883579293458e-03,6.734757386502601912e-04
2.035974766162279743e-03,8.346743234571686945e-04
2.112226211722294245e-03,7.847212186850125327e-04
2.208582437154590471e-03,7.740180704163143960e-04
2.306503026040193551e-03,7.253896182118589869e-04
2.461960875314229101e-03,5.535988089065984772e-04
2.717588283682144997e-03,5.116910010597957963e-04
3.034887471593954427e-03,6.757655340229081885e-04
2.768890228897760968e-03,5.718532759155394276e-04
2.848201177622764878e-03,3.196265106971046604e-04
3.054092103955790595e-03,2.698655018650530338e-04
3.144961775385487959e-03,2.339036876812313089e-04
2.351123572115159602e-03,4.668812382499413051e-04
2.375125359339580293e-03,5.347567097405851516e-04
3.095938151315348608e-03,9.476623300326326733e-04
2.803229163489757720e-03,8.787825937776285639e-04
3.167413967540765821e-03,1.064964257079028696e-03
3.353837921883288161e-03,1.185744126200518429e-03
3.418970700109935645e-03,1.153563924497286262e-03
3.083386515305994949e-03,1.243811761800307130e-03
2.777784743681990277e-03,1.325346792282925280e-03
2.741523235795422734e-03,1.318636280438159440e-03
2.642215417638683461e-03,1.331906707801251092e-03
2.583703977542101213e-03,1.327605889660074057e-03
2.405580966411354632e-03,1.312514187064865419e-03
2.243987923064471018e-03,1.303009978561845859e-03
2.155015063322559578e-03,1.204199211037605992e-03
1.653093991783084271e-03,1.030387164937062935e-03
1.705623047090436880e-03,1.023982276393789904e-03
1.547610304028627188e-03,9.227385756702381368e-04
1.189484290123261553e-03,9.304998916118815445e-04
1.000868628474134740e-03,8.320159647141446915e-04
9.272659795603338138e-04,8.720514185496155285e-04
9.305525150082004371e-04,9.199554839002362571e-04
9.389525788679623040e-04,9.186291051964571392e-04
9.597056893119789572e-04,9.270066379451899138e-04
9.841230435439155943e-04,9.419704997708236655e-04
1.020747488192607017e-03,9.410424104939643479e-04
1.049076481932403621e-03,9.395671903292778220e-04
1.035736524007191146e-03,9.400384617558996039e-04
1.062103440041893337e-03,9.308218137636123466e-04
9.485217451336958689e-04,9.152050575730556877e-04
9.619683055167120838e-04,8.758158796960050082e-04
8.648822386699446790e-04,7.861227128484992973e-04
1.036834003597506774e-03,7.332694141418441254e-04
1.127551436379368045e-03,7.629079925536414418e-04
1.179566267446177565e-03,8.502018916641193580e-04
1.161235854231779325e-03,7.934330198937260617e-04
1.421949110715643077e-03,8.229220938142299503e-04
1.687841250215883857e-03,8.952553660113380654e-04
1.684580497355420278e-03,9.646240885296659918e-04
1.789667103340148932e-03,1.007989335058371390e-03
1.949200325469297454e-03,9.931028013465330144e-04
2.041173292271941751e-03,1.003852038067042964e-03
2.142290493216684761e-03,1.014077003114540474e-03
2.209640250562417731e-03,1.060167917021911195e-03
2.257244733908298547e-03,9.658973040905706074e-04
2.279272662840977574e-03,7.964376720343801759e-04
2.319116795759286996e-03,8.488142282184181573e-04
2.472902702779652094e-03,8.806997475992136334e-04
2.446508366935291629e-03,8.198401610185105477e-04
2.434006016052816905e-03,8.605103382263224777e-04
2.425591687864284141e-03,8.232405401438125294e-04
2.519324079478064624e-03,8.593346024374444491e-04
2.438776621434370247e-03,8.522403581475014415e-04
2.462476918204330179e-03,8.634059259124460305e-04
2.452653398524667645e-03,8.862188546400435541e-04
2.454146085569910464e-03,1.007429812623886157e-03
2.454596069964383540e-03,9.441459987736844925e-04
2.455345858155139234e-03,9.355574088731404784e-04
2.459857703901201405e-03,9.183499849990205523e-04
2.463752255101071820e-03,8.873747557856103297e-04
2.562742045752522662e-03,7.607300469534694761e-04
2.546010210584170787e-03,7.947937423109459115e-04
2.570462163412526920e-03,7.954120227701047107e-04
2.648057526840299786e-03,8.095010835682872868e-04
2.887238460907425378e-03,8.111358784190797087e-04
2.837428282153339667e-03,7.759443298096367235e-04
3.038970153968876490e-03,6.017822940775514060e-04
2.941418629729936930e-03,4.737309111262699777e-04
2.940666278649727624e-03,3.340476452391533623e-04
2.985800013238568921e-03,2.912041876642005710e-04
2.959942073548588355e-03,1.891397314372768280e-04
2.975217983839843847e-03,1.730657535340978010e-04
3.013022061901209601e-03,1.868779456367506873e-04
3.064397191936576396e-03,1.599937501460724134e-04
3.069423133089164198e-03,1.164247884128967448e-04
3.065557870310178096e-03,1.995337514514143064e-04
3.067488075562460094e-03,3.329731114391688450e-04
3.044742394161669904e-03,3.466080428402791070e-04
3.058836316002581848e-03,3.603854829147516573e-04
3.086823076273685542e-03,3.670376518463019954e-04
3.121062039367719122e-03,3.703553482480207533e-04
3.201500597185478504e-03,3.493141186998337993e-04
3.204536105476644362e-03,2.821986031746872236e-04
3.233546115849914634e-03,3.105153033819489346e-04
3.279316072091511148e-03,2.952940406350612699e-04
3.306558722785014372e-03,2.583829688843225243e-04
3.398850739457084241e-03,2.072217206622930792e-04
3.509032266415247972e-03,1.212642151323521688e-04
3.545920083884722667e-03,1.499813088185069938e-04
3.660333298211315874e-03,1.694815548187600255e-04
3.686598649203987142e-03,1.785920933471640511e-04
3.876943431393372295e-03,1.829356096152102366e-04
3.918421372989876889e-03,1.412001449869606596e-04
4.016844074345707859e-03,1.016794735549784746e-04
4.153680024501424199e-03,1.032474138934906977e-04
4.177024466282534820e-03,9.828109075829549474e-05
4.211013196513378049e-03,1.427863417293468579e-04
4.391937480212811627e-03,1.186076916070815524e-04
4.337893775305705704e-03,1.031127276690175284e-04
4.407316062867079262e-03,1.014447986012101990e-04
4.715083507275402361e-03,1.120506159180648814e-04
4.603108395092781260e-03,1.125248380550425805e-04
4.707411632080534501e-03,1.124204752141827945e-04
4.757760417383561508e-03,1.186987895134853445e-04
5.024310067160587569e-03,1.236392771810464121e-04
4.988884644969228919e-03,1.224861238404768469e-04
5.671665360212648985e-03,1.574480455341782626e-04
5.482541908321814962e-03,2.046888973830060824e-04
5.624663563150692977e-03,2.916029609659639933e-04
5.854439166797560483e-03,2.942004188832009074e-04
5.783522575364429853e-03,2.930594616993168811e-04
5.844617566765810367e-03,2.331309922507345791e-04
6.180431476650630543e-03,1.856899373601713114e-04
6.472468998281003319e-03,1.713897889151783376e-04
6.528528902704013558e-03,1.507856184634327431e-04
6.720240153912404243e-03,1.488687010864095470e-04
7.032840799101248985e-03,1.262816050252563280e-04
6.965107576104990865e-03,1.216151034150387736e-04
7.095994832687455879e-03,1.170934606918097316e-04
7.677070539915122407e-03,1.088372743343483983e-04
7.640327900873870003e-03,1.343567570411742680e-04
7.794190488992796227e-03,1.205216050672355935e-04
8.040404183748310965e-03,1.411175687678264945e-04
8.001757030157909123e-03,1.792661197766667219e-04
8.133273263242158865e-03,2.886124395144992250e-04
8.323135975164430711e-03,5.055700771504916154e-04
8.264141378704520022e-03,5.164601194389329721e-04
8.334846144641888666e-03,5.264671033162743449e-04
8.421672173727740365e-03,5.800003964925478902e-04
8.505506068410049678e-03,7.151228826744216198e-04
8.576911078250891440e-03,6.981087869567061989e-04
8.692424030883334762e-03,6.762244516522155280e-04
8.751441609207748912e-03,6.146009970532812774e-04
8.814125964081064024e-03,6.002131172663520593e-04
8.788829023673843874e-03,5.459856623235784939e-04
8.770366483191800733e-03,5.450875511064260997e-04
8.760384047143092781e-03,5.441839137311016905e-04
8.751786370618632252e-03,5.619007604877378301e-04
8.741782360156907794e-03,6.906982417166512584e-04
8.730812073100438150e-03,6.999718732501751571e-04
8.714904300654651229e-03,6.822351407014481083e-04
8.688723406749952055e-03,6.822425479246664723e-04
8.631135007782319776e-03,6.452782131126422226e-04
8.533551270859071614e-03,6.247560313683385566e-04
8.392628313680990104e-03,5.936849468883216878e-04
8.085501967973139290e-03,6.237490164438842799e-04
8.018918347458532311e-03,6.054666981360704719e-04
7.360072050664743723e-03,6.096170953392891041e-04
7.581355312429556743e-03,6.132830766526880520e-04
7.712251484832383271e-03,6.294966839696431891e-04
7.611103235085403540e-03,6.588800016294821737e-04
7.443025467686234173e-03,7.389375104080195093e-04
6.848729463980890615e-03,8.688355765839787890e-04
6.712296932469157852e-03,9.808958007709979790e-04
6.609774334064315825e-03,1.092879563409912417e-03
6.616504333158130038e-03,1.052297187965288081e-03
6.842404769950022857e-03,1.073103486232210692e-03
6.681789182289826073e-03,1.101829006107764167e-03
6.522085171223149756e-03,1.118662363228403170e-03
6.382151799741423229e-03,1.136587739630145859e-03
6.015822208767024164e-03,1.137868389501308372e-03
5.786467211506500681e-03,1.134583455270130178e-03
5.596295039677682409e-03,1.134269634549025987e-03
5.138036015765902811e-03,1.132739380217997506e-03
5.224933588658910860e-03,1.136894864074413421e-03
5.065794932600736419e-03,1.143485031324914308e-03
4.751449639850568833e-03,1.147135528675315846e-03
4.789568442851211555e-03,1.150983011274131973e-03
4.628407374946809025e-03,1.156223316726180715e-03
4.509890099543419420e-03,1.165665533134821637e-03
4.323922780735571687e-03,1.179379357974998967e-03
3.942236498143635720e-03,1.200933246907949330e-03
3.875866811237563183e-03,1.232741096146831253e-03
3.578046881009801661e-03,1.287002979817571027e-03
3.583284195489009477e-03,1.420629027570855614e-03
3.471484177338815015e-03,1.370358657164995504e-03
3.289697172926636833e-03,1.101756654860451849e-03
3.208403636807976439e-03,1.025338541553354882e-03
3.027798589403461749e-03,9.678546141968118795e-04
3.027633572121778398e-03,9.425182234747324708e-04
2.931000710724065116e-03,8.444289880260942485e-04
2.726360709544200893e-03,7.104597911069456678e-04
2.724346319044384547e-03,6.472074235045574987e-04
2.591753186849127342e-03,6.045323233934683273e-04
2.481230390176605936e-03,6.234078435787355956e-04
2.468075493318277851e-03,5.852042668196303851e-04
2.393164873599146723e-03,5.453914106381804652e-04
2.388548978545484112e-03,5.629492619987010345e-04
2.384950420565457290e-03,4.905340567319769075e-04
2.455834671720169126e-03,4.972267854255513382e-04
2.507829095309572782e-03,5.153819294897171591e-04
2.487252926207618106e-03,4.945703628125792993e-04
2.533971434043668074e-03,4.930008930044156969e-04
2.593335869675860838e-03,5.102368702637121800e-04
2.625707588205844836e-03,5.468817470549446362e-04
2.651826326946947737e-03,5.659744512606434486e-04
2.670022380838383592e-03,5.603837504311702392e-04
2.716901622408555983e-03,5.054994196300410759e-04
2.748507245479616529e-03,4.488237645303737376e-04
2.789859202084875745e-03,3.877590175166100686e-04
2.836396063237969691e-03,2.850412091335230913e-04
2.858596271673424349e-03,2.319607231257172597e-04
2.864582413680890390e-03,1.875552824353567344e-04
2.889116738600362028e-03,2.024940343571868576e-04
2.893882173620509861e-03,2.075447437695853803e-04
2.885622150641045658e-03,2.303265101570273166e-04
2.895338389124491214e-03,2.638004830828287461e-04
2.897868876431288279e-03,1.939448244467630413e-04
2.878989647882862577e-03,1.795876830400652499e-04
2.820330816329031081e-03,1.603490951352906017e-04
2.674862332881655473e-03,1.409196842855856707e-04
2.465238977537880308e-03,1.286838357518020073e-04
2.376839559044402733e-03,1.139040566953833183e-04
2.417233540562804990e-03,1.140668547021309308e-04
2.160438300849281453e-03,1.141141297939463279e-04
2.192110271917740646e-03,1.151216122284754064e-04
2.145662805489821547e-03,1.180953712599696259e-04
2.041548572897445863e-03,1.306671982616020424e-04
1.934844862473890066e-03,1.221129358933613297e-04
1.982785885006451733e-03,2.176915547215766431e-04
2.022282954968214995e-03,1.929785601489093338e-04
2.000494190080589520e-03,1.978221198939489128e-04
1.943004873780286752e-03,2.403036923184431945e-04
1.909611385587921695e-03,2.713302715260408745e-04
1.810641027757533888e-03,3.085346361443042909e-04
1.746655003717710337e-03,3.062490928538665514e-04
1.468626466076318601e-03,3.182137537637348300e-04
1.383111151720105682e-03,3.228823129100896880e-04
1.407080090747158492e-03,3.350734760499659627e-04
1.294840332745591073e-03,3.499228091958190364e-04
1.164707906607110417e-03,3.844816552837338440e-04
1.139179875343953935e-03,3.932378858470696919e-04
1.071408910279557066e-03,4.409026903842582401e-04
8.903134908348270997e-04,4.529009345241365734e-04
9.212140985344117019e-04,4.957522393126739726e-04
8.692897115363655038e-04,5.130343332858473739e-04
7.423699029157364206e-04,5.371017197391505550e-04
7.563562861272498435e-04,5.454231349415193967e-04
4.388356243031247086e-04,5.435784597708408303e-04
2.632367507372769489e-04,5.565047697502190603e-04
3.594155522970753427e-04,5.471231679760221430e-04
3.345678305123007739e-04,5.468656731520446339e-04
2.305596629561581503e-04,5.513333599023058623e-04
2.385292894892695982e-04,5.582663669806643605e-04
1.794179752865594866e-04,5.648141313306088941e-04
8.040913686868708784e-05,5.697526486238010208e-04
7.514943505058241380e-05,5.711809354460585216e-04
1.796111802751085469e-04,5.688614392131678297e-04
1.919709758571877208e-04,5.616906289497618438e-04
2.748166664153963291e-04,5.505392671787365548e-04
3.220824673958395446e-04,5.322184207250513612e-04
3.974756002209687373e-04,5.084148701802826496e-04
5.382277644649246942e-04,4.666346533669439405e-04
5.439434688850295100e-04,4.647375536886728790e-04
6.420874721697646115e-04,4.817337470156425171e-04
8.147842698093227080e-04,5.053436192558594846e-04
7.637184921244204606e-04,5.161104458703854973e-04
7.981319567465284572e-04,4.847187167433856473e-04
9.711542546258404920e-04,4.833495879320925471e-04
9.210248627211882130e-04,4.743089228441512480e-04
1.156033777629206791e-03,4.473431933034571740e-04
1.285282769762240065e-03,4.561355864109406760e-04
1.217267258784143378e-03,4.514406549512832044e-04
1.217484505465173420e-03,4.343865428156235974e-04
1.160209922075488599e-03,4.421824335446047330e-04
1.200713924777597552e-03,4.378328816756575908e-04
1.181434517404825017e-03,4.282841684929896016e-04
1.103558928098905814e-03,4.300893758136961707e-04
1.043125654423540964e-03,4.284045385297070613e-04
9.551153857638582274e-04,4.268502802755190419e-04
9.064693755843600785e-04,4.255613294652959471e-04
8.080630061062345822e-04,4.260184091113276730e-04
7.393639140765534239e-04,4.350835131046771362e-04
4.460305015953129029e-04,4.380105643030956955e-04
5.065121963578529153e-04,4.382515267019146290e-04
4.117601617612127703e-04,4.431425765057424976e-04
1.872043756716733809e-04,4.348816582393491212e-04
9.826659460314379182e-05,4.353815879897274211e-04
7.267240365657012216e-05,4.362053698731235590e-04
6.679758906937917665e-05,4.387856719092628416e-04
1.181452187062593352e-04,4.400555859513276204e-04
2.721236187057779455e-04,4.429634215021479031e-04
2.643245880573237279e-04,4.444834544101530804e-04
3.214404834277543557e-04,4.466809328084761044e-04
3.608573287222703965e-04,4.531660492076501796e-04
3.733621401649570275e-04,4.561557881571797922e-04
2.628629023694443491e-04,4.614435744199065718e-04
1.839296382898938334e-04,4.619119748292445783e-04
2.701433885585211654e-04,4.562037579983624510e-04
4.300849101057977017e-04,4.559862695825173009e-04
4.638440951066596213e-04,4.589171391319226551e-04
4.941931991714312768e-04,4.635872040709473202e-04
6.554302486002981480e-04,4.711259468070518410e-04
7.403026066079112285e-04,4.726169129029152388e-04
8.659980406654620849e-04,4.722260442169618128e-04
1.017989145574217788e-03,4.728177935855983277e-04
1.567678607791991733e-03,4.766143837566139845e-04
1.767354602606676425e-03,4.860464274993648616e-04
2.371313073163067078e-03,4.858700550786422307e-04
2.382115469401568583e-03,4.859067704610709523e-04
2.911348744680630762e-03,4.854317930284975059e-04
3.190922762358952558e-03,4.858985628300717895e-04
2.630177931854617811e-03,4.856950512118015815e-04
3.018044814654519733e-03,4.864584769988037336e-04
3.365199974886052669e-03,4.870838749077512531e-04
3.279342455616467058e-03,4.897036955012787178e-04
3.355289398171405583e-03,4.899253109102054545e-04
3.729654132158391651e-03,4.939164808039317759e-04
3.949964309439624351e-03,4.925782046929295162e-04
4.494010097102481109e-03,4.934589313561344717e-04
4.754012932599387641e-03,4.944578587243837146e-04
4.787199559495808852e-03,4.942676376215404763e-04
5.140171695874774273e-03,4.952979357211297149e-04
5.546760686771561033e-03,4.957869529527283515e-04
6.034151443291750280e-03,4.963488589159198048e-04
6.889852442782918099e-03,4.970751902734731184e-04
7.225603894669785018e-03,4.976457876074579954e-04
8.072369732736136769e-03,4.982258461485573973e-04
8.205121820687081777e-03,4.987708407507446826e-04
7.997549973926912706e-03,4.991945741438232010e-04
8.628414866759484547e-03,4.987541663938370928e-04
8.883210505734874876e-03,4.988703618040841959e-04
8.943857416993898982e-03,4.998128156739181432e-04
9.515863098255453525e-03,4.994811164964510193e-04
9.955038934121671762e-03,4.995145097306284221e-04
1.080115023813202867e-02,4.997377309583768239e-04
1.095638809341196833e-02,4.989307034306083265e-04
1.142783223721457499e-02,4.975550418719414635e-04
1.244967806623442641e-02,4.971983713055822202e-04
1.255453399740685469e-02,4.962723364830055970e-04
1.305759737782653807e-02,4.932941000514754837e-04
1.300090285835624020e-02,4.917254321770063528e-04
1.277221204724159932e-02,4.872302071352803995e-04
1.224251690731893369e-02,4.808388596051184024e-04
1.231633608348535122e-02,4.801852313099771920e-04
1.256466830410381610e-02,4.760204017219255945e-04
1.282696105466769529e-02,4.708549699444666381e-04
1.332776422920923381e-02,4.697391111338944012e-04
1.372448219637279442e-02,4.665858631878348414e-04
1.431900205647980602e-02,4.597916558202114808e-04
1.491954640345422890e-02,4.602135157218804635e-04
1.507238054029794508e-02,4.603043191661766449e-04
1.530906168428741027e-02,4.595888150815292126e-04
1.561015389804042142e-02,4.584339719699800941e-04
1.577939804179043226e-02,4.586859305457459987e-04
1.616964883887787863e-02,4.594798245878158310e-04
1.626651134192010073e-02,4.591288818360166968e-04
1.648622588487646395e-02,4.595193717616185896e-04
1.655881993341786970e-02,4.597970779552888331e-04
1.657234896521400658e-02,4.600980548212199226e-04
1.642067288913211243e-02,4.604014566845085000e-04
1.636264020848755135e-02,4.606783740038144733e-04
1.631484316426118700e-02,4.588007231958810949e-04
1.638557969046634116e-02,4.542240698161470924e-04
1.657180892035449785e-02,4.544431731067469942e-04
1.703003816038804741e-02,4.537630077418491393e-04
1.723484830839716250e-02,4.498775574096444316e-04
1.735132825353033134e-02,4.469177128457497853e-04
1.763017070684769205e-02,4.440310797636701202e-04
1.772174398856279573e-02,4.440189864472906221e-04
1.781048727810224941e-02,4.410102666949637282e-04
1.801074491997783564e-02,4.422561039987872047e-04
1.790441426247357110e-02,4.421501582242677673e-04
1.794094056087518554e-02,4.406884308814530823e-04
1.780496101812503382e-02,4.403491351102842158e-04
1.701422717587924155e-02,4.400187017914040976e-04
1.666583510194845699e-02,4.398377814589789041e-04
1.614211831437188660e-02,4.406235562569356000e-04
1.644335219412445398e-02,4.408528167142731829e-04
1.625486789510405261e-02,4.418328933666007151e-04
1.601826025215485547e-02,4.431584388400184433e-04
1.590962624990838528e-02,4.432295224189844907e-04
1.592314121793214285e-02,4.439953240480628313e-04
1.588106170726880095e-02,4.446159950838226714e-04
1.597274055579151961e-02,4.452286640856028470e-04
1.609382501647486918e-02,4.456041420316015386e-04
1.609570245194663282e-02,4.456501656913156658e-04
1.615803131814534666e-02,4.455050638995929307e-04
1.618609966804267219e-02,4.451751770778784758e-04
1.633084479869789662e-02,4.444655854452986385e-04
1.638183614503467903e-02,4.430703719559069909e-04
1.639785610837262569e-02,4.416059231438091955e-04
1.653646304319108043e-02,4.405295256274195702e-04
1.628303772993206985e-02,4.361082155237424002e-04
1.620750053862572357e-02,4.356311586085546386e-04
1.618212959918067032e-02,4.367945358726731727e-04
1.604677244221319743e-02,4.376557564517306377e-04
1.571157840877105208e-02,4.542037675567415556e-04
1.564148462844682300e-02,4.589971770533521193e-04
1.481029082671012076e-02,4.651559511977567643e-04
1.467275132183351941e-02,4.702731163845869197e-04
1.491168084763336982e-02,4.808308978268633271e-04
1.491676300331042614e-02,4.894518275348192209e-04
1.554310702560314679e-02,4.969100221747091558e-04
1.574343886761238320e-02,4.973556699010635469e-04
1.516870451909382508e-02,5.087901745545673734e-04
1.531206826333402111e-02,5.138003344741327643e-04
1.505544045921654653e-02,5.254718390554127252e-04
1.472454342262731648e-02,5.403921469144891453e-04
1.454696228731300334e-02,5.521280489590348886e-04
1.447797364887433783e-02,5.689044780746755096e-04
1.439482758949646966e-02,5.717996266212317961e-04
1.438808015525987714e-02,5.874025125363981949e-04
1.437585309166925472e-02,5.792465300696469791e-04
1.478752935901299879e-02,5.852915275570791213e-04
1.479658325691696370e-02,6.000052410591331844e-04
1.491729458470942606e-02,6.092886617389474228e-04
1.518818175350384117e-02,6.282230734944228064e-04
1.506951491634213325e-02,6.495002434858187590e-04
1.507128711545880836e-02,6.745087838812358419e-04
1.537779267671941959e-02,6.913623531182202641e-04
1.582619317331410147e-02,7.048410406709308120e-04
1.640206259596903304e-02,7.101977116305491699e-04
1.676444232853513752e-02,7.555048783770341352e-04
1.681070149823328183e-02,7.562848150790719157e-04
1.695495942651464166e-02,7.788365880261658271e-04
1.723565723624039328e-02,7.948402138329476591e-04
1.730980405059416929e-02,8.095529605045642891e-04
1.752675501812809775e-02,8.591771995248932746e-04
1.739891009458043730e-02,8.494181975331601894e-04
1.741753458035847843e-02,8.551721164350674972e-04
1.751400347034244576e-02,8.799262445078407909e-04
1.785808207920735330e-02,9.097958608902986365e-04
1.766761832267048360e-02,9.182583960197200851e-04
1.775412230340511072e-02,9.415711323285063218e-04
1.780435438486160926e-02,9.538401923009803308e-04
1.790694034482814834e-02,9.646942140873372576e-04
1.776474870142349949e-02,9.808595770403806969e-04
1.798830800472654701e-02,1.041800091596223072e-03
1.790701637738003130e-02,1.022233833414482387e-03
1.788374923569806957e-02,1.028495289730871386e-03
1.784171432186184778e-02,1.054451134615075466e-03
1.788133036179074403e-02,1.090498537679724387e-03
1.794061733940866682e-02,1.114489458514638341e-03
1.789867774702784062e-02,1.217565935458820962e-03
1.783468513725013777e-02,1.200188929921901888e-03
1.741071162878198714e-02,1.241708916900461377e-03
1.752903291679143438e-02,1.296451663380805263e-03
1.761049878624803763e-02,1.300881394586197093e-03
1.745408452697603391e-02,1.325294424150038524e-03
1.740242760571852898e-02,1.400567608657268164e-03
1.724273859029264513e-02,1.421623695532703378e-03
1.692676452110387225e-02,1.507176764902243152e-03
1.684070087517097747e-02,1.539758334528007521e-03
1.675340129633680342e-02,1.592691174813268273e-03
1.640388977019673067e-02,1.643475638778535419e-03
1.632897535999025540e-02,1.716059795934840853e-03
1.634442210315300778e-02,1.697807019928443623e-03
1.634127659537430374e-02,1.749736786062730098e-03
1.648466693307118133e-02,1.767862750105598981e-03
1.665633870678478665e-02,1.774237115115875722e-03
1.689070700117996024e-02,1.775998469105371288e-03
1.709079801702521884e-02,1.812675951015873610e-03
1.708388563922435752e-02,1.811911911408149506e-03
1.710231118332663711e-02,1.829040196400464561e-03
1.709354290579664579e-02,1.865238945641051541e-03
1.693554747685805523e-02,1.855646539417366752e-03
1.677294292438845716e-02,1.873387232343540470e-03
1.701840133782655390e-02,1.894616007881741926e-03
1.693768649206706112e-02,1.898037564184855506e-03
1.683636998229571385e-02,2.059502589141368883e-03
1.694501914120208341e-02,2.081071893022653097e-03
1.713986209837355806e-02,2.070550200891649231e-03
1.714096540538174659e-02,2.083623945124928999e-03
1.732861845695030448e-02,2.136922204725703271e-03
1.743989623679645384e-02,2.228405473042392292e-03
1.788887744185300652e-02,2.238201871364898631e-03
1.783873746179865175e-02,2.274232532245152628e-03
1.777752928036361105e-02,2.269713252212426750e-03
1.790248608246137671e-02,2.273995070193420964e-03
1.815289610530769135e-02,2.290545461348828232e-03
1.821528419954068778e-02,2.306470588264943836e-03
1.847269752879401525e-02,2.351961426518336343e-03
1.840774421709340247e-02,2.395044230046115222e-03
1.845174474965273481e-02,2.431427357378000351e-03
1.865503751174520455e-02,2.468044403668828799e-03
1.860422317147552435e-02,2.471914464280830764e-03
1.854191162143220550e-02,2.465789217479353018e-03
1.851980798147885923e-02,2.510097030082320078e-03
1.836491520961392940e-02,2.476916047686692282e-03
1.838267769909512558e-02,2.476412774872295119e-03
1.839407192650380912e-02,2.481696641185340314e-03
1.846789981211330658e-02,2.500860700066716551e-03
1.825100518525835797e-02,2.514632479521184630e-03
1.809012589037036281e-02,2.546029702518490430e-03
1.811228124044841556e-02,2.558130568921097338e-03
1.805484020607743892e-02,2.590240220707596460e-03
1.799762682778311210e-02,2.639790787953615048e-03
1.794418102715682195e-02,2.639164339859717892e-03
1.782479686650120451e-02,2.633473356745383558e-03
1.776598004335746758e-02,2.633289766208362411e-03
1.774035660939064785e-02,2.658665772109690146e-03
1.777014858944373291e-02,2.645503018698897469e-03
1.797069542588718497e-02,2.664524909499496694e-03
1.800479052406799702e-02,2.698560735178371760e-03
1.837331654085829283e-02,2.700169918628557431e-03
1.862255115126055724e-02,2.705600269215938450e-03
1.887417290881006002e-02,2.723414644034631571e-03
1.878917323362653408e-02,2.720208373006446478e-03
1.884286957577546023e-02,2.729047520458906945e-03
1.911291120769612745e-02,2.743716828529358179e-03
1.914186880316341363e-02,2.745135034132102202e-03
1.910078397939156403e-02,2.743618858466956561e-03
1.926347861381537754e-02,2.741750769831706892e-03
1.932428982067045664e-02,2.739463237849473765e-03
1.937022510552606144e-02,2.734603412715520994e-03
1.955709370685909318e-02,2.732314396843824305e-03
2.006634552359511450e-02,2.730197590952099934e-03
1.997261227597398742e-02,2.732486349972498580e-03
1.987768706614503889e-02,2.748534711007050504e-03
1.998196243750354276e-02,2.803874132881107629e-03
1.990870966512778284e-02,2.859859682880087298e-03
1.994176498831623165e-02,2.985727655694339622e-03
1.988903335260749569e-02,3.048633572352287772e-03
1.952491544514054975e-02,3.114610727233483797e-03
1.952722829694669704e-02,3.217517975387160396e-03
1.958574805509357558e-02,3.198672410060904563e-03
1.948319479865465165e-02,3.269790349904343196e-03
1.938901434392112377e-02,3.308944000456144532e-03
1.940788774920052667e-02,3.433129744820843498e-03
1.943275553630863239e-02,3.478709054276349442e-03
1.944009754698104026e-02,3.557836534378132874e-03
1.952626537355159689e-02,3.784879940936263041e-03
1.982907428475116224e-02,3.778541158603461372e-03
2.021529914523005275e-02,3.916021017097351745e-03
2.021297685620549248e-02,4.064166650232387164e-03
2.020902440256135135e-02,4.083694909850247787e-03
2.050639624272036776e-02,4.228722654416557265e-03
2.047869229306482561e-02,4.341429697076350583e-03
2.054822366304431477e-02,4.413965919340590363e-03
2.074475495213955190e-02,4.483339344236263874e-03
2.071793957751463799e-02,4.467010819514425496e-03
2.082747673599039465e-02,4.562349772714754427e-03
2.091316793803181182e-02,4.570275196226659432e-03
2.117150320709235492e-02,4.609259181593338556e-03
2.108644066087389871e-02,4.767818621678274887e-03
2.114444320979754974e-02,4.668126372170908547e-03
2.137107721146406028e-02,4.709894093599847550e-03
2.128288958542074588e-02,4.775329386084716313e-03
2.127770831169491922e-02,4.801354096889342768e-03
2.138515048925776485e-02,4.834039380220385602e-03
2.128897952312287789e-02,4.863299495313762842e-03
2.126734485276080347e-02,4.922470970708107615e-03
2.125655045539506099e-02,4.929407065649478274e-03
2.118394308973575377e-02,4.961936116444204230e-03
2.117269359185432881e-02,4.971637861573238205e-03
2.119222033741732791e-02,4.988143141685125008e-03
2.121665879924458653e-02,4.994207252266570987e-03
2.138621575147211726e-02,5.017101292553563345e-03
2.154205812059913766e-02,5.050004121218628315e-03
2.169350726612864419e-02,5.067449359667196979e-03
2.182561107119048577e-02,4.959173373746339313e-03
2.176216205127293191e-02,5.023044910195444135e-03
2.180984573647983676e-02,5.026640062260257467e-03
2.196418355444047094e-02,5.033421698284964302e-03
2.194358101991860516e-02,5.073381545381503051e-03
2.224542149799976776e-02,5.128586122231834112e-03
2.220496480203118864e-02,5.211646244107910435e-03
2.227523336066000725e-02,5.363715916491896933e-03
2.235688168724858649e-02,5.492294882399769568e-03
2.231658169725924193e-02,5.471436114077130215e-03
2.235447076025235541e-02,5.497795517044621293e-03
2.235235368839271278e-02,5.541972304290598839e-03
2.239981020038295592e-02,5.616695871541883475e-03
2.240259508107516825e-02,5.644757423596172274e-03
2.242235484268901777e-02,5.733427766629092814e-03
2.247264239806977260e-02,5.917029751353487105e-03
2.255304222042376489e-02,5.932811054369066181e-03
2.267660811844867882e-02,6.014688061565175506e-03
2.272009343608131018e-02,6.134988015559512085e-03
2.285018552583108903e-02,6.118355464409357992e-03
2.293177735188357130e-02,6.183760903646367754e-03
2.296095911830372052e-02,6.311598166083380416e-03
2.316952803103126957e-02,6.367013890656060549e-03
2.244445075721525698e-02,6.452458103515044084e-03
2.274271834126088271e-02,6.445321408260012118e-03
2.265147286020693929e-02,6.543628415746504182e-03
2.262293824358227456e-02,6.648873841489408992e-03
2.241888274915930512e-02,6.697288892588598545e-03
2.258154206493541080e-02,6.801206306427532398e-03
2.258194030421107126e-02,6.792677529871724192e-03
2.249138897538435419e-02,6.829169914835418742e-03
2.244929575508059286e-02,6.966044674923777685e-03
2.247271037506392427e-02,6.949818403912143283e-03
2.248089688032709962e-02,7.016628036492298347e-03
2.249634046177048652e-02,7.111367106907440748e-03
2.248113199203963242e-02,7.207735102596680987e-03
2.245381072762142258e-02,7.265829955153862811e-03
2.244738598935198948e-02,7.249720681652648685e-03
2.244967436269637920e-02,7.321755982481943995e-03
2.244356864624565129e-02,7.345215258956596174e-03
2.243182054032025197e-02,7.470970060923146257e-03
2.241151519348887414e-02,7.522585640404724945e-03
2.237686215320432159e-02,7.618375079050018414e-03
2.233854752693836473e-02,7.633041278633068139e-03
2.228291844967919197e-02,7.714720245001529912e-03
2.222239227217076216e-02,7.742055386869012810e-03
2.214668553085126501e-02,7.743306154112978602e-03
2.214172043441960808e-02,7.783780664417188494e-03
2.213666072247775368e-02,7.805881316615344810e-03
2.213741638769054984e-02,7.840246312406429219e-03
2.212771137439619937e-02,7.896369883868771880e-03
2.213014038370884895e-02,7.982647509573625316e-03
2.209835855647989539e-02,8.034202916992794902e-03
2.202134517903630434e-02,8.057712952099031420e-03
2.191187417721469563e-02,8.125664584205294708e-03
2.178792080281630184e-02,8.245911863202490255e-03
2.174198009006311771e-02,8.326194669728365083e-03
2.150644742560360936e-02,8.442715898501953337e-03
2.150922555776242640e-02,8.338133663330093287e-03
2.132137930279399962e-02,8.385051272929440469e-03
2.141773440797628894e-02,8.486678498383826499e-03
2.116811077040127095e-02,8.479613385134671111e-03
2.107044294717552030e-02,8.524224148488671396e-03
2.097955380088445745e-02,8.581683098008040592e-03
2.057439085123551406e-02,8.619490946644664184e-03
2.071979702684207877e-02,8.667421621274245397e-03
2.052664140795820366e-02,8.764150204115960310e-03
2.040442982515548384e-02,8.770584469123087271e-03
2.019798553362756738e-02,8.861551892081143827e-03
2.029247484982994384e-02,8.889458788648101073e-03
2.007787884626501332e-02,9.055730448987789338e-03
1.977881378068618162e-02,9.027704475812994150e-03
1.988820110922279172e-02,9.017646541042532646e-03
1.978086166239758151e-02,9.033089210442589792e-03
1.969260244314791422e-02,9.071095353737883976e-03
1.933940799620300147e-02,9.114030904616909554e-03
1.920373291681652661e-02,9.171244327708273983e-03
1.936823687716233977e-02,9.232227640318224626e-03
1.911453484694696989e-02,9.342678566773177096e-03
1.879172158197673498e-02,9.357659254999962928e-03
1.875013825041500423e-02,9.364991758924499227e-03
1.871054479270635104e-02,9.397744177427152373e-03
1.876522065947552886e-02,9.445565008794473347e-03
1.841523296622524578e-02,9.449071470073866844e-03
1.798615664403541842e-02,9.465928401670970979e-03
1.789552169543616109e-02,9.478196430615164550e-03
1.768151194282043329e-02,9.488699776285372534e-03
1.761123515346383131e-02,9.500563409254288508e-03
1.733714864460474472e-02,9.509122336310073600e-03
1.730111392152246588e-02,9.520881750576479577e-03
1.694626533985912203e-02,9.519450726615398539e-03
1.690053899717389174e-02,9.519722210351199559e-03
1.690105605227254157e-02,9.502585300775944974e-03
1.658395415295024766e-02,9.479938053784910806e-03
1.668530604534369799e-02,9.466922630692467880e-03
1.651730967300643269e-02,9.472008827681562687e-03
1.643443652216090844e-02,9.445019858333562890e-03
1.632806983593641792e-02,9.532379172157144989e-03
1.620504928203891915e-02,9.545944927190769258e-03
1.575429658674778674e-02,9.543428369103577197e-03
1.575972065956046317e-02,9.559886140442933403e-03
1.580762366604402183e-02,9.595393952870524476e-03
1.563419913204035921e-02,9.585656184540380931e-03
1.561702219077607152e-02,9.593806665734437925e-03
1.558827626772258876e-02,9.599267892250927525e-03
1.552429719398089845e-02,9.604069928305368140e-03
1.545619230610667701e-02,9.638911223929231067e-03
1.528227058800170866e-02,9.618149897586355385e-03
1.539693943362653583e-02,9.620282266127133317e-03
1.536817127920372429e-02,9.637913955144142286e-03
1.526875480020475385e-02,9.647453088353859230e-03
1.526916972192042879e-02,9.682212018690985328e-03
1.521115665312153774e-02,9.688863524256125306e-03
1.524305317192044609e-02,9.711463682443651976e-03
1.522976142429356347e-02,9.701563478649147948e-03
1.521398872566586020e-02,9.704418537285243451e-03
1.523345722464910026e-02,9.707712791358338519e-03
1.527216089371744544e-02,9.726313357302543774e-03
1.528802631493632672e-02,9.771914135266738383e-03
1.528080236031416697e-02,9.766364954227817891e-03
1.529636519618728097e-02,9.761648645074283426e-03
1.535316090947546133e-02,9.772456918827245737e-03
1.536756246950492927e-02,9.788116449664624463e-03
1.536359217065697176e-02,9.796375987521525885e-03
1.539219241756300920e-02,9.800733070820903670e-03
1.540168464947079888e-02,9.841525741150386128e-03
1.539352740046913068e-02,9.819102688554978350e-03
1.537228464911900849e-02,9.828033102605542026e-03
1.534235475334421762e-02,9.834009393688697420e-03
1.533364045828064515e-02,9.846520490376198947e-03
1.533759993964986697e-02,9.845328172390309038e-03
1.535481397353608696e-02,9.896293619946504305e-03
1.538943810422265662e-02,9.891330900226983497e-03
1.549041157508526147e-02,9.900002008742003409e-03
1.567606584124374425e-02,9.908877957768926631e-03
1.601850294627796267e-02,9.920663732861930567e-03
1.617398006449600328e-02,9.916041134321731260e-03
1.633182409944760813e-02,9.917220781588194367e-03
1.636014332324630186e-02,9.919457019242329532e-03
1.626326719087868578e-02,9.918638410704515990e-03
1.631064422550063814e-02,9.912462287660532903e-03
1.636132839295349056e-02,9.915782088837860400e-03
1.636247441869287389e-02,9.918064744419741868e-03
1.636801616669835563e-02,9.924365836060572432e-03
1.634559414265645758e-02,9.934635809867061254e-03
1.614239891304629360e-02,9.936376433740163813e-03
1.614239573463226857e-02,9.935122820020771128e-03
1.610410938543431827e-02,9.931693413315135707e-03
1.590531557391361428e-02,9.930287555471244837e-03
1.577000963778637035e-02,9.935319810870511109e-03
1.537179457617740032e-02,9.923640678412901442e-03
1.558179321636245403e-02,9.920704916958218364e-03
1.557320010532498890e-02,9.923059580888569584e-03
1.550935663518777409e-02,9.922538801926596153e-03
1.541763382615309909e-02,9.917756709269979348e-03
1.506669996270901604e-02,9.916944202533198999e-03
1.504651823879388228e-02,9.913136297425550678e-03
1.510181039965369058e-02,9.912650438118210394e-03
1.510040421486343563e-02,9.912639559477513795e-03
1.479594381211695765e-02,9.911640203752389300e-03
1.495620177710085298e-02,9.896613693912316781e-03
1.495470265669234834e-02,9.900283317454587964e-03
1.479994446188303940e-02,9.903891606515950047e-03
1.488382543967423088e-02,9.888886300692172060e-03
1.490891851692171741e-02,9.882913909202539759e-03
1.479566794796679900e-02,9.873598422761770826e-03
1.478359622849476605e-02,9.867737315947507429e-03
1.484099248333999727e-02,9.867853420123695596e-03
1.488489220938826393e-02,9.872549806455155688e-03
1.470812344910376289e-02,9.878708770673379214e-03
1.468104601880541697e-02,9.864379632476034596e-03
1.447704266244432408e-02,9.860476480976008984e-03
1.440218855995033416e-02,9.860374359987524040e-03
1.443709850984318220e-02,9.856780154454555798e-03
1.436324961472248626e-02,9.853696956074766561e-03
1.427484241637679008e-02,9.854389895208275421e-03
1.422735127959548311e-02,9.848274113502109364e-03
1.419308421204738650e-02,9.840764476446377251e-03
1.417290078444908598e-02,9.835557866141063366e-03
1.415056368092706095e-02,9.840468828783987404e-03
1.414263830180568539e-02,9.838533397823454735e-03
1.418851285105744882e-02,9.838096275674232741e-03
1.407546674968547691e-02,9.837179900617325223e-03
1.407344531046321456e-02,9.836608937942357619e-03
1.366971565646652939e-02,9.838800269159736142e-03
1.354026641159028314e-02,9.843538083412877934e-03
1.352342204838425689e-02,9.844933161734251148e-03
1.337338731050428421e-02,9.851028729011303969e-03
1.312377852012834578e-02,9.854583536037181749e-03
1.297112044377012226e-02,9.857936523761287248e-03
1.278039046790333845e-02,9.862391716017214136e-03
1.237957168281495803e-02,9.875577607333877600e-03
1.199550508731363901e-02,9.878938591776159628e-03
1.189778860156929380e-02,9.923351553579819531e-03
1.175808099573326208e-02,9.910378994721202178e-03
1.140349584635197595e-02,9.912813127454107517e-03
1.158441104759329147e-02,9.929987044734056231e-03
1.140454145168783538e-02,9.931897758121439185e-03
1.130857205099557693e-02,9.951080324055176091e-03
1.124658540544744637e-02,9.959668648467010638e-03
1.072716630944524005e-02,9.972540020823251333e-03
1.076823014519045704e-02,1.002038080503942635e-02
1.073526246198977345e-02,1.001531566640624475e-02
1.075199208228228183e-02,1.003398066174001659e-02
1.073926346907776511e-02,1.006393459026766121e-02
1.069473250177247099e-02,1.006657794968995184e-02
1.066568235478956850e-02,1.009181349338982188e-02
1.064269153910521286e-02,1.009952910254857672e-02
1.064012210275091207e-02,1.010856975710465802e-02
1.067950778056447197e-02,1.013767350028887265e-02
1.080842046923811972e-02,1.015726574077453585e-02
1.112729330363322611e-02,1.018271317401166914e-02
1.113157653272421957e-02,1.021018838505437752e-02
1.112596759303471905e-02,1.024543591475172814e-02
1.113591214691667455e-02,1.029209236443289800e-02
1.110342559611499427e-02,1.030201641295261199e-02
1.120715916694421666e-02,1.034616315138896583e-02
1.118132677639465181e-02,1.038998450215976657e-02
1.116104074573363338e-02,1.044254119154466691e-02
1.113671643469677300e-02,1.045664344114787675e-02
1.108504564137296859e-02,1.047846611560563496e-02
1.100929885653109327e-02,1.049423752471936519e-02
1.102947217373974158e-02,1.048785766966245023e-02
1.101670326105256247e-02,1.046277141718055491e-02
1.104363201267736204e-02,1.041398034884220142e-02
1.101041701486201070e-02,1.039125132536393090e-02
1.100771621678854270e-02,1.037401207036830336e-02
1.104063154218638126e-02,1.033905549236851379e-02
1.110865932690284670e-02,1.034139352769123527e-02
1.109699720996239723e-02,1.033561934183650950e-02
1.111942645889360190e-02,1.033458638230006464e-02
1.115285005649385881e-02,1.032868317646615068e-02
1.113376141883018651e-02,1.032408880510287362e-02
1.102465142482551494e-02,1.030942494163043961e-02
1.099840081522155018e-02,1.029828668260578985e-02
1.095254026784427473e-02,1.028283579262691434e-02
1.089583964204330832e-02,1.026551439984005852e-02
1.073066510210371818e-02,1.024909935786474935e-02
1.069233552634602478e-02,1.021557981547938955e-02
1.056595303705099714e-02,1.019715132149554178e-02
1.043761438098975147e-02,1.017762573188861659e-02
1.032788531897129228e-02,1.017590941675615077e-02
1.021506269625549641e-02,1.008701436106667487e-02
1.000099652723106768e-02,1.014464108046690682e-02
9.998394328648607318e-03,1.011759690877477892e-02
9.943074922479824829e-03,1.004827122276965787e-02
9.658616365062601752e-03,9.988611427428408310e-03
9.723659936607776527e-03,9.946408136592517144e-03
9.564837263606114012e-03,9.933318352237215099e-03
9.357858912097722151e-03,9.834294197319523936e-03
9.378657940443709332e-03,9.896705157325288646e-03
9.256832074025462403e-03,9.874930386160820847e-03
9.239019256499154606e-03,9.822732151449376295e-03
9.174708970144966266e-03,9.832607300721879842e-03
9.044410611935138969e-03,9.832816558535129037e-03
9.055813247406247629e-03,9.808562412596019686e-03
8.916512133845965263e-03,9.750712149949620350e-03
8.873263295371995249e-03,9.773835645727793967e-03
8.874378602784862430e-03,9.762515654833941667e-03
8.791192398872349836e-03,9.757153640839321893e-03
8.735062332405799101e-03,9.753784602242434459e-03
8.692196254715451112e-03,9.760870323030612292e-03
8.690161891718643436e-03,9.785099609376146992e-03
8.648839393497849068e-03,9.827818596506922300e-03
8.585716671609896350e-03,9.839608205791801690e-03
8.508627472693095981e-03,9.908996982587217964e-03
8.229816018415794104e-03,9.913202326139869749e-03
8.239174504094570056e-03,9.933267231409298806e-03
8.031314786740666872e-03,1.004213413936026061e-02
7.746704210617489685e-03,1.003778688579832525e-02
7.504321471433123003e-03,1.006067511791139575e-02
7.326270601338063723e-03,1.007064789497833131e-02
7.290211749440560392e-03,1.009985372426366358e-02
7.103067975583497035e-03,1.009933454101642585e-02
6.830162964879350762e-03,1.010822134924455745e-02
6.884457768281002261e-03,1.011672953886886932e-02
6.736090040078399933e-03,1.013009056911161332e-02
6.450388224567698246e-03,1.012473929675953080e-02
6.306195213027154627e-03,1.010389226643068628e-02
6.221921587004616838e-03,1.001871719456366716e-02
6.137327897006625808e-03,1.000744197490955646e-02
5.985168905759058813e-03,1.001782157943703448e-02
6.098223531430566058e-03,9.960271863833809747e-03
6.137274522296855793e-03,9.920487408169241864e-03
6.112912049327598289e-03,9.924166988968644715e-03
