# loss_dp, loss_pinn
5.039903507499478019e-01,2.158799439415749321e-03
5.038424729407449121e-01,2.063521448755973372e-03
5.038208830262651539e-01,2.029871774190394450e-03
5.038208824977610245e-01,2.029870788240713611e-03
5.038208820702840818e-01,2.029868546818618374e-03
5.038208787597243665e-01,2.029858065985966527e-03
5.038208009316963443e-01,2.029837497342735619e-03
5.038207409507562407e-01,2.029809693431328024e-03
5.038206993462246430e-01,2.029796518956193500e-03
5.038143759957889323e-01,2.027092828587157090e-03
5.038143701471462510e-01,2.026978160781386061e-03
5.037943939678590777e-01,1.931706392437484467e-03
5.022882649978147596e-01,1.929144722485199746e-03
5.022691197424720144e-01,1.802113616924233639e-03
5.011620269484244883e-01,1.738074756684625591e-03
5.007425346183521642e-01,1.032837600497658968e-03
5.007010837049219454e-01,8.822017293616773830e-04
5.006482889342962483e-01,7.049413816550707725e-04
5.005411816056597463e-01,6.441026111421891765e-04
5.004329188408422890e-01,6.374243318194175792e-04
5.003336523732955232e-01,6.345065337223887263e-04
5.002787309936822524e-01,6.338874238976281239e-04
5.001480020859280229e-01,6.225140936389493606e-04
5.000910588582565541e-01,6.130385368905424352e-04
5.000874336155241018e-01,5.956979144446165582e-04
5.000854701899668520e-01,5.893179922211755654e-04
5.000780659459124200e-01,5.829207821285557235e-04
5.000723968085688531e-01,5.667081397944238354e-04
5.000720994294859389e-01,5.410979333590188031e-04
5.000712704611528503e-01,4.109237345730867071e-04
5.000667616254907966e-01,3.748923267789169562e-04
5.000568597375659730e-01,9.648320801019724668e-05
5.000521327686646700e-01,5.486806819048042005e-05
5.000488226226653676e-01,5.050357339291642743e-05
5.000485097661429013e-01,4.740684158690154686e-05
5.000482727925882331e-01,3.266783948062553476e-05
5.000481260355753577e-01,2.963339851941483452e-05
5.000478990309589200e-01,2.767533893994307957e-05
5.000476957405294298e-01,2.674485446424053992e-05
5.000474720085295033e-01,2.637358721633119708e-05
5.000468035630638575e-01,2.427999571272943359e-05
5.000452055202404544e-01,2.237586711318586524e-05
5.000419756761148582e-01,2.047182343593611351e-05
5.000371806580298228e-01,1.826808755994566817e-05
5.000293164862907869e-01,1.550885026073956337e-05
5.000205005094057187e-01,1.292733152469200166e-05
5.000180463530490282e-01,1.227164896984357581e-05
5.000162573990198922e-01,1.166386373916338684e-05
5.000136097953360448e-01,1.120971968661519077e-05
5.000125010370006784e-01,1.110767812188054000e-05
5.000121310068550429e-01,1.106195225382240170e-05
5.000115307144148424e-01,1.094679529674245131e-05
5.000114319830384346e-01,1.075906864788712166e-05
5.000113960956378278e-01,1.051472576639155111e-05
5.000113695919328194e-01,1.026876851992049833e-05
5.000113383948051604e-01,1.014589464873680917e-05
5.000113315179861573e-01,1.009543891966745453e-05
5.000113244563604287e-01,1.005891638080668546e-05
5.000113114832394068e-01,1.001632606668098191e-05
5.000112320146712364e-01,9.970477900711125201e-06
5.000106783313995606e-01,9.914444517634622407e-06
5.000101600123902923e-01,9.797863273675205435e-06
5.000092614987223794e-01,9.761674060044678861e-06
5.000089294094548498e-01,9.584881711174358089e-06
5.000087645105234513e-01,9.409425469248776990e-06
5.000084948732972379e-01,9.232483308166253218e-06
5.000083605042997537e-01,8.646041449437220412e-06
5.000081782702638922e-01,8.559957995096356331e-06
5.000079216680453076e-01,8.185974015563068042e-06
5.000076924534029299e-01,7.897264130064463313e-06
5.000071492020027319e-01,7.477632907872732172e-06
5.000070791019773919e-01,6.918501548413687526e-06
5.000069721042295079e-01,6.469651359751002625e-06
5.000069243901524851e-01,6.167412093457172643e-06
5.000069088993459587e-01,5.942465934904426789e-06
5.000068885773245597e-01,5.778776599036601961e-06
5.000068568499703714e-01,5.672137931269665571e-06
5.000068097971294145e-01,5.517205262169188175e-06
5.000067707521274052e-01,5.412128189964952539e-06
5.000067596211614784e-01,5.378378301450826504e-06
5.000067569777955079e-01,5.314271316283760076e-06
5.000067545601984964e-01,5.240945850992450045e-06
5.000067514002559665e-01,5.202302659414942542e-06
5.000067432992367777e-01,5.180921580909520852e-06
5.000067287633678248e-01,5.093528941778574341e-06
5.000066994870602244e-01,4.925474520855295334e-06
5.000066381877266153e-01,4.694755366924936697e-06
5.000065071109254244e-01,4.385662609072580128e-06
5.000062552573132368e-01,4.167689961729987642e-06
5.000061259876740216e-01,3.996569365189655473e-06
5.000057851702534029e-01,3.795103472707980403e-06
5.000055926514161975e-01,3.533075137819975768e-06
5.000053263521702096e-01,3.376134956786014727e-06
5.000051291041770485e-01,3.252936357984313566e-06
5.000049027822370817e-01,3.108605293668316420e-06
5.000047535499235751e-01,2.968703152528924271e-06
5.000046262724199275e-01,2.840101261732306936e-06
5.000045293590856810e-01,2.677622441106618980e-06
5.000044737217264057e-01,2.523111956002279995e-06
5.000044371059588766e-01,2.411320540208707723e-06
5.000044161194117098e-01,2.153502894985773473e-06
5.000044021344980383e-01,2.070588147105091394e-06
5.000043976453991679e-01,1.821919796636107449e-06
5.000043709363779509e-01,1.726619932246373936e-06
5.000043338852621089e-01,1.582649559713514709e-06
5.000042943908258319e-01,1.472423892348108236e-06
5.000042484657807318e-01,1.452295709193394615e-06
5.000041572701177106e-01,1.448151941160316239e-06
5.000036713424554913e-01,1.445986423634906239e-06
5.000034702256730412e-01,1.439014374859855283e-06
5.000032061278434359e-01,1.422748737886133499e-06
5.000028728487359020e-01,1.391165453842960895e-06
5.000027689757887694e-01,1.331789571916010091e-06
5.000026076586769896e-01,1.242122454048687734e-06
5.000025638571272690e-01,1.177279097899774537e-06
5.000024489212215872e-01,1.131230751693843144e-06
5.000023654169566401e-01,1.088523976478720131e-06
5.000021796248896866e-01,1.046538100192902002e-06
5.000019614312122274e-01,9.762647902491010010e-07
5.000015584515630218e-01,9.131733236213369960e-07
5.000013280109181224e-01,9.004145601415018021e-07
5.000010564557071380e-01,8.273270148118515977e-07
5.000009566271956807e-01,7.892763690408543526e-07
5.000007835653673682e-01,7.740372060870187560e-07
5.000005931656245073e-01,7.539846640339620608e-07
5.000004580791093112e-01,7.390575983814213420e-07
5.000003463899960199e-01,7.161456258656368898e-07
5.000002690730983579e-01,6.393130548214634439e-07
5.000002263574574446e-01,6.297654624969514341e-07
5.000001890162044660e-01,6.179326735213089521e-07
5.000001602764758690e-01,6.117601797330650687e-07
5.000001524103165895e-01,6.050054952305869909e-07
5.000001471524211372e-01,5.918950887681922542e-07
5.000001463801291290e-01,5.800623807944317497e-07
5.000001455935314532e-01,5.777641796514484592e-07
5.000001448843421903e-01,5.714583837649516105e-07
5.000001430663012503e-01,5.617138642521764846e-07
5.000001343160133116e-01,5.457112816802341297e-07
5.000000845049746845e-01,5.326129894340648852e-07
5.000000679686122940e-01,4.697942386443753327e-07
5.000000538186812893e-01,4.492694280977070920e-07
5.000000436082193689e-01,4.448950349859890781e-07
5.000000325707261162e-01,4.386940785860421801e-07
5.000000268496140876e-01,4.274205607206439500e-07
5.000000234791169840e-01,4.181513067063950327e-07
5.000000182816528582e-01,4.056211689084447453e-07
5.000000155340468266e-01,3.959082895995057698e-07
5.000000118564871254e-01,3.906488366595002567e-07
5.000000104645672128e-01,3.876922391166117886e-07
5.000000082834711312e-01,3.860677861031625028e-07
5.000000076571465835e-01,3.847757677202023422e-07
5.000000072954930985e-01,3.834477039121123297e-07
5.000000071475304564e-01,3.815579325034868652e-07
5.000000070710164390e-01,3.752569049615846563e-07
5.000000069673042891e-01,3.594894395183466575e-07
5.000000069105593470e-01,3.397684481201655063e-07
5.000000068483456683e-01,3.092530782437051315e-07
5.000000067061112219e-01,2.993498582801045890e-07
5.000000064694558599e-01,2.830149738004356314e-07
5.000000058717745111e-01,2.657802634390677233e-07
5.000000044396513132e-01,2.588020931710457936e-07
5.000000014487256950e-01,2.450817094017385952e-07
4.999999978783023491e-01,2.303122051106428652e-07
4.999999970541134098e-01,2.189238304510805148e-07
4.999999935853480793e-01,2.052993253601819725e-07
4.999999882113954075e-01,1.891816799400475210e-07
4.999999798442650301e-01,1.787791542083656499e-07
4.999999753673068370e-01,1.754925683544246477e-07
4.999999724984886540e-01,1.684285999741071661e-07
4.999999636861687247e-01,1.641844955638478418e-07
4.999999590288671802e-01,1.618831885391739933e-07
4.999999542504774963e-01,1.593875542285355981e-07
4.999999492491709052e-01,1.589419017571243766e-07
4.999999459177232319e-01,1.580027184038720573e-07
4.999999443403880806e-01,1.574108827259233042e-07
4.999999435795599023e-01,1.571865705745420430e-07
4.999999431933564997e-01,1.571343046485000979e-07
4.999999430489304730e-01,1.571179789502675402e-07
4.999999419574200910e-01,1.570253438120317377e-07
4.999999415199699593e-01,1.563754386772460364e-07
4.999999411803498495e-01,1.551676574323598980e-07
4.999999407128882800e-01,1.545147727096849114e-07
4.999999396383267292e-01,1.538312516012295778e-07
4.999999390221541162e-01,1.536057523909880588e-07
4.999999386607961172e-01,1.531673733320098772e-07
4.999999385517951977e-01,1.524648040904397057e-07
4.999999385321750589e-01,1.521728019083963433e-07
4.999999385231009286e-01,1.520223723342720326e-07
4.999999385127884555e-01,1.518696387453955115e-07
4.999999384908034306e-01,1.517951615294965928e-07
4.999999384417450621e-01,1.517541055251629756e-07
4.999999383029446465e-01,1.517218314692820436e-07
4.999999379519679543e-01,1.516963872370694721e-07
4.999999371757279931e-01,1.516767141668695773e-07
4.999999358788051462e-01,1.516186109251776302e-07
4.999999333511735422e-01,1.515513714931711700e-07
4.999999305576107167e-01,1.513531168698028764e-07
4.999999299016728571e-01,1.510415212810211198e-07
4.999999293865811656e-01,1.506720957649668248e-07
4.999999277502073514e-01,1.504941144170959514e-07
4.999999274257794779e-01,1.503359731175962956e-07
4.999999265477491628e-01,1.501081397779886029e-07
4.999999261819899621e-01,1.498682445710321987e-07
4.999999260581262095e-01,1.495825680980150442e-07
4.999999259168105281e-01,1.493637943544470054e-07
4.999999258586727002e-01,1.492972095819572758e-07
4.999999258335662278e-01,1.492755370412875166e-07
4.999999257680843301e-01,1.492694077231264585e-07
4.999999257388789697e-01,1.492603183515131045e-07
4.999999257233251337e-01,1.491796236321431754e-07
4.999999257153059373e-01,1.488828650303202429e-07
4.999999257094315253e-01,1.479816998278011713e-07
4.999999257057416990e-01,1.471836826453188147e-07
4.999999256963083005e-01,1.469697753896409290e-07
4.999999256784490864e-01,1.459339379649270409e-07
4.999999256440027517e-01,1.457602529734660254e-07
4.999999256029700190e-01,1.455291943019258946e-07
4.999999255635469431e-01,1.454286169178234163e-07
4.999999255491438532e-01,1.453488800521803280e-07
4.999999255433026923e-01,1.453115875790192375e-07
4.999999255428499989e-01,1.451973520049319348e-07
4.999999255428057565e-01,1.447207511432568686e-07
4.999999255427942102e-01,1.442527670338313594e-07
4.999999255427725608e-01,1.440429239084527093e-07
4.999999255426933464e-01,1.437513778233739859e-07
4.999999255421272437e-01,1.435657021445612942e-07
4.999999255406786247e-01,1.429571894711150119e-07
4.999999255369743656e-01,1.423353676915190132e-07
4.999999255322212233e-01,1.421638308902485091e-07
4.999999255223609440e-01,1.419672296180983647e-07
4.999999255184356395e-01,1.414439881351819473e-07
4.999999254794919024e-01,1.411316193857387682e-07
4.999999254048890229e-01,1.402686839626385832e-07
4.999999253174225999e-01,1.395441232750155754e-07
4.999999252948377215e-01,1.388597887015524041e-07
4.999999252148084605e-01,1.387705592491865654e-07
4.999999251674543954e-01,1.386421645525145797e-07
4.999999251605759532e-01,1.385747667577622192e-07
4.999999251329498851e-01,1.384636536518880178e-07
4.999999250961921771e-01,1.381750181185206788e-07
4.999999250663360040e-01,1.376108711346552984e-07
4.999999250254631988e-01,1.364250566758983812e-07
4.999999249857061123e-01,1.358666201650791043e-07
4.999999249384562416e-01,1.354919272530522111e-07
4.999999249221497299e-01,1.351055096623490180e-07
4.999999249074368879e-01,1.348854133313435617e-07
4.999999248845259370e-01,1.344886083516659657e-07
4.999999248669879104e-01,1.343102235731526039e-07
4.999999248408131813e-01,1.341748976732624364e-07
4.999999248206892233e-01,1.340136596639488721e-07
4.999999248133858432e-01,1.338411002113469818e-07
4.999999247951518733e-01,1.335696809238124091e-07
4.999999247626987220e-01,1.332192014121622728e-07
4.999999247279605652e-01,1.323495996942231397e-07
4.999999247119556456e-01,1.311217336075042972e-07
4.999999246842477540e-01,1.308015371134146381e-07
4.999999246675262410e-01,1.305222713848098864e-07
4.999999246410038456e-01,1.301233815426338557e-07
4.999999246124913199e-01,1.297205365763416106e-07
4.999999245738708797e-01,1.290347101934499875e-07
4.999999245585366459e-01,1.284384276683514154e-07
4.999999245479675447e-01,1.275254787117615860e-07
4.999999245093829092e-01,1.269975411801936725e-07
4.999999245013760918e-01,1.261312519577316205e-07
4.999999244667587828e-01,1.253845858277480560e-07
4.999999244422028144e-01,1.248395369133566420e-07
4.999999244312642865e-01,1.243071577544922053e-07
4.999999243813895711e-01,1.225749344337439692e-07
4.999999243484422040e-01,1.224154225321891300e-07
4.999999243344803168e-01,1.218320474508343586e-07
4.999999243025272100e-01,1.213765509774573577e-07
4.999999242713623615e-01,1.209716985337804658e-07
4.999999242032197033e-01,1.200249066467764063e-07
4.999999241751212908e-01,1.193880506335235288e-07
4.999999241059108757e-01,1.180214116899488645e-07
4.999999240917232801e-01,1.176974438920647828e-07
4.999999240645955356e-01,1.173179978620931214e-07
4.999999240381319821e-01,1.167124978444290053e-07
4.999999239567081699e-01,1.160221469669068418e-07
4.999999239295358500e-01,1.154820874918192908e-07
4.999999238835268756e-01,1.150240471068252508e-07
4.999999238518802458e-01,1.142341900020566920e-07
4.999999238475449359e-01,1.136439180592881923e-07
4.999999238106186406e-01,1.133585984815937910e-07
4.999999237787817741e-01,1.129701636657436841e-07
4.999999237282816145e-01,1.127245533373753852e-07
4.999999237131407259e-01,1.121731287560180088e-07
4.999999236944010494e-01,1.118300188839196591e-07
4.999999236829447136e-01,1.115500750581228156e-07
4.999999236657138302e-01,1.111389206532006419e-07
4.999999236480293097e-01,1.106024605217494796e-07
4.999999236455954232e-01,1.104391426633674575e-07
4.999999236381746925e-01,1.101732058630179205e-07
4.999999236350540777e-01,1.099766739311060604e-07
4.999999236326079233e-01,1.098563438768023715e-07
4.999999236304316086e-01,1.096754187352640534e-07
4.999999236283738657e-01,1.092426267805952306e-07
4.999999236262058222e-01,1.089870592176630730e-07
4.999999236248759971e-01,1.088334484428686119e-07
4.999999236244634382e-01,1.084909035452356845e-07
4.999999236242561595e-01,1.082680913352495918e-07
4.999999236240858513e-01,1.080727449131264008e-07
4.999999236239512923e-01,1.079362528255548209e-07
4.999999236237565592e-01,1.078465198200538643e-07
4.999999236233694799e-01,1.076324680738879653e-07
4.999999236227354871e-01,1.076157844030286917e-07
4.999999236215942333e-01,1.075895015505380264e-07
4.999999236196587260e-01,1.075317843922123563e-07
4.999999236157209870e-01,1.073091316449059485e-07
4.999999236076567155e-01,1.071942528078124510e-07
4.999999235920732921e-01,1.070532468264484235e-07
4.999999235669901898e-01,1.069886920839152104e-07
4.999999235510995121e-01,1.069480601483742900e-07
4.999999235296416766e-01,1.069135229081905129e-07
4.999999234963699024e-01,1.068928140152634973e-07
4.999999234868889308e-01,1.068214490784777233e-07
4.999999234780849178e-01,1.066662703964942668e-07
4.999999234662257930e-01,1.062627174066769383e-07
4.999999234500441814e-01,1.055774917089073117e-07
4.999999234324624675e-01,1.047924348783655321e-07
4.999999234160842909e-01,1.043870759168762676e-07
4.999999233908145047e-01,1.035924977142293729e-07
4.999999233881910476e-01,1.034559877950462100e-07
4.999999233804376386e-01,1.034206029425056130e-07
4.999999233737146831e-01,1.033963005888088234e-07
4.999999233630942896e-01,1.033792464261745369e-07
4.999999233304960322e-01,1.033726302271190633e-07
4.999999233241335106e-01,1.033694226533578443e-07
4.999999232913372449e-01,1.033685420861445183e-07
4.999999232854435149e-01,1.033655966476004734e-07
4.999999232683847161e-01,1.033629129445034196e-07
4.999999232555493722e-01,1.033614853108632959e-07
4.999999232467223775e-01,1.033610636936155458e-07
4.999999232367573487e-01,1.033605642375634015e-07
4.999999232278192762e-01,1.033594120429332727e-07
4.999999232229604962e-01,1.033560976106062890e-07
4.999999232159703655e-01,1.033477703148926173e-07
4.999999232075000855e-01,1.033257252605829926e-07
4.999999232014146755e-01,1.032695525944659472e-07
4.999999231975262304e-01,1.031218310863448687e-07
4.999999231937809485e-01,1.028655349255482227e-07
4.999999231916800735e-01,1.027403439923751642e-07
4.999999231878402006e-01,1.019793230821107484e-07
4.999999231859947324e-01,1.016130431614885472e-07
4.999999231852302328e-01,1.012121315545877204e-07
4.999999231837056746e-01,1.010490640708098907e-07
4.999999231820793644e-01,1.008625658485500411e-07
4.999999231798056831e-01,1.005267916448461897e-07
4.999999231778461395e-01,1.003994447983393463e-07
4.999999231739724603e-01,1.001395750490874938e-07
4.999999231705558600e-01,1.000345040552618947e-07
4.999999231666649724e-01,9.981807826820520650e-08
4.999999231655347098e-01,9.962103832129273387e-08
4.999999231623796225e-01,9.917542334017065393e-08
4.999999231593730276e-01,9.898391758565420830e-08
4.999999231580068981e-01,9.880206865358309804e-08
4.999999231562705093e-01,9.864360112746464293e-08
4.999999231541328859e-01,9.847882275318280256e-08
4.999999231525287247e-01,9.830802253554512698e-08
4.999999231516267795e-01,9.819693995247522779e-08
4.999999231513704845e-01,9.810284806177332495e-08
4.999999231511064735e-01,9.802445827603501295e-08
4.999999231508773789e-01,9.790248643935489276e-08
4.999999231502317287e-01,9.776882455407494614e-08
4.999999231494737240e-01,9.768461349618555101e-08
4.999999231483961415e-01,9.752987893726237226e-08
4.999999231475292794e-01,9.735729364079206497e-08
4.999999231469093308e-01,9.731328971074998693e-08
4.999999231463712057e-01,9.714672402999658094e-08
4.999999231462805005e-01,9.708109637814828889e-08
4.999999231460742766e-01,9.701828922242511305e-08
4.999999231459524296e-01,9.688217682479887181e-08
4.999999231457540327e-01,9.685624979006116100e-08
4.999999231453269855e-01,9.673714121710765674e-08
4.999999231446968229e-01,9.663779574722986651e-08
4.999999231437277092e-01,9.657065489677985451e-08
4.999999231418271184e-01,9.649801290835064047e-08
4.999999231410507949e-01,9.644799567022473198e-08
4.999999231373581932e-01,9.637110703297401411e-08
4.999999231356785923e-01,9.627352719968391165e-08
4.999999231331904714e-01,9.620288427017361984e-08
4.999999231322442839e-01,9.617937509866787787e-08
4.999999231314584680e-01,9.613464811450859796e-08
4.999999231288603241e-01,9.610517738977868098e-08
4.999999231248037912e-01,9.602268328052966286e-08
4.999999231240208064e-01,9.594215819575635888e-08
4.999999231217621687e-01,9.583752953783798236e-08
4.999999231208586137e-01,9.577655542606790730e-08
4.999999231204702577e-01,9.564706257023397138e-08
4.999999231187782778e-01,9.555110756490154307e-08
4.999999231170237923e-01,9.553797298443357219e-08
4.999999231147983503e-01,9.544473182415257131e-08
4.999999231134167887e-01,9.535495877530639817e-08
4.999999231110738851e-01,9.533950683865955021e-08
4.999999231095682561e-01,9.529688084017897940e-08
4.999999231080806128e-01,9.525601060432228623e-08
4.999999231064077287e-01,9.518346529082426792e-08
4.999999231039903291e-01,9.512729428012295072e-08
4.999999231025781254e-01,9.505731775127988332e-08
4.999999231011082457e-01,9.501447919784161469e-08
4.999999231000779587e-01,9.497556921093231468e-08
4.999999230991662991e-01,9.494381558519921807e-08
4.999999230986846843e-01,9.490473385350115494e-08
4.999999230979499942e-01,9.487191526912735496e-08
4.999999230959975560e-01,9.486491284837754045e-08
4.999999230949602191e-01,9.485437129369891310e-08
4.999999230945510464e-01,9.484995750396339653e-08
4.999999230937709482e-01,9.484798003575949130e-08
4.999999230934958350e-01,9.484686783885323893e-08
4.999999230931565508e-01,9.484573645174819720e-08
4.999999230925469274e-01,9.484455812987468631e-08
4.999999230920102455e-01,9.484331810871948435e-08
4.999999230915105897e-01,9.484194066531432751e-08
4.999999230910869286e-01,9.484016186602515566e-08
4.999999230907101744e-01,9.483663951883853555e-08
4.999999230904004222e-01,9.483066645618735829e-08
4.999999230902432701e-01,9.481668892673296502e-08
4.999999230898977132e-01,9.478924042564464362e-08
4.999999230897463343e-01,9.475992264544788496e-08
4.999999230890317392e-01,9.473807427800194546e-08
4.999999230885256996e-01,9.471471214161711823e-08
4.999999230883388490e-01,9.470156788539066307e-08
4.999999230876267520e-01,9.469782948522681458e-08
4.999999230872137490e-01,9.468916682619432379e-08
4.999999230867817612e-01,9.468090354862730779e-08
4.999999230858127586e-01,9.467510644140095867e-08
4.999999230814834439e-01,9.467218049964042983e-08
4.999999230799950234e-01,9.466748727403133444e-08
4.999999230762735003e-01,9.466523878155962720e-08
4.999999230700686859e-01,9.466384191725847570e-08
4.999999230668378813e-01,9.466154530406408380e-08
4.999999230637912073e-01,9.466083338998125417e-08
4.999999230607498069e-01,9.466038514098595623e-08
4.999999230566348207e-01,9.466015189306339810e-08
4.999999230437061071e-01,9.466009393332503273e-08
4.999999230307407561e-01,9.466007351633286371e-08
4.999999230240395054e-01,9.466005949672891034e-08
4.999999230131825234e-01,9.465998713356134073e-08
4.999999230058473909e-01,9.465748992222636374e-08
4.999999229900848330e-01,9.465102197906976828e-08
4.999999229797078004e-01,9.464560076837605576e-08
4.999999229699929604e-01,9.463683276133683897e-08
4.999999229496484565e-01,9.463142122180576877e-08
4.999999229472051887e-01,9.461734157677354514e-08
4.999999229360649888e-01,9.461308826681172870e-08
4.999999229303770942e-01,9.460533586856581189e-08
4.999999229227672926e-01,9.459849594503088076e-08
4.999999229153236913e-01,9.458230552690947170e-08
4.999999229045241078e-01,9.457933613142791244e-08
4.999999228876953472e-01,9.457123554670566230e-08
4.999999228457448486e-01,9.455829424512443939e-08
4.999999227982394601e-01,9.455350560841589643e-08
4.999999227530841361e-01,9.454227049945426164e-08
4.999999226900607718e-01,9.453298947997414777e-08
4.999999226542230502e-01,9.452622918709077696e-08
4.999999226434455046e-01,9.452243057563900081e-08
4.999999226217394233e-01,9.451524197758004441e-08
4.999999226127123109e-01,9.451136825773567810e-08
4.999999225946920589e-01,9.450915958940347955e-08
4.999999225667443037e-01,9.450807316799081531e-08
4.999999225452450569e-01,9.450735081060689049e-08
4.999999225294694538e-01,9.450602497023176562e-08
4.999999224894824401e-01,9.450290760034802424e-08
4.999999224480817239e-01,9.449851478457745127e-08
4.999999223866667397e-01,9.449667683879611269e-08
4.999999223413163496e-01,9.449426926160789463e-08
4.999999223006860172e-01,9.449298874326956559e-08
4.999999222618944916e-01,9.449263388196760683e-08
4.999999222600301496e-01,9.449172705335883953e-08
4.999999221489292989e-01,9.449121746662587326e-08
4.999999221301896224e-01,9.449093495427948887e-08
4.999999220725280802e-01,9.449055891031287980e-08
4.999999220013098267e-01,9.449015792173193070e-08
4.999999219198865141e-01,9.448976265846827708e-08
4.999999218361489972e-01,9.448949742523077190e-08
4.999999217450534772e-01,9.448928365437658799e-08
4.999999216923859402e-01,9.448919074642255339e-08
4.999999216521033851e-01,9.448910944148621632e-08
4.999999215950727827e-01,9.448883492371416494e-08
4.999999215397689101e-01,9.448881090057083489e-08
4.999999214553996207e-01,9.448878611830168826e-08
4.999999214279747806e-01,9.448876244456011070e-08
4.999999213083748950e-01,9.448873849809175152e-08
4.999999212127216319e-01,9.448868889726769176e-08
4.999999211455126158e-01,9.448859592166047392e-08
4.999999211307065705e-01,9.448846329281765285e-08
4.999999210803804939e-01,9.448809412073374925e-08
4.999999210593460974e-01,9.448789091160674565e-08
4.999999210241934389e-01,9.448763312853865025e-08
4.999999209911063502e-01,9.448736189598526122e-08
4.999999209544656043e-01,9.448714329463307219e-08
4.999999209270289402e-01,9.448666470675397102e-08
4.999999208965789643e-01,9.448640379897750832e-08
4.999999208554065100e-01,9.448541992092345604e-08
4.999999207961720038e-01,9.448518637869544903e-08
4.999999207766747111e-01,9.448481582041917795e-08
4.999999207647741750e-01,9.448433147957581119e-08
4.999999207361233156e-01,9.448348877000552775e-08
4.999999206793204198e-01,9.448221026066229882e-08
4.999999206008077790e-01,9.448142412088240153e-08
4.999999205406330804e-01,9.448040220538795223e-08
4.999999204816499843e-01,9.447955611894539610e-08
4.999999204275625830e-01,9.447909500582880000e-08
4.999999203946068338e-01,9.447865606852536714e-08
4.999999203386205626e-01,9.447839907975254481e-08
4.999999202866313164e-01,9.447818449724699894e-08
4.999999202718525826e-01,9.447797689699444415e-08
4.999999202536920540e-01,9.447770771141471707e-08
4.999999202390528752e-01,9.447730143632960675e-08
4.999999202294298506e-01,9.447711712215290480e-08
4.999999202188536440e-01,9.447709028125261999e-08
4.999999202108698082e-01,9.447703215708128382e-08
4.999999202042475499e-01,9.447700121517049237e-08
4.999999201989312470e-01,9.447698364046334055e-08
4.999999201944974603e-01,9.447695680007614596e-08
4.999999201906700774e-01,9.447686615219482357e-08
4.999999201871095922e-01,9.447666674557401631e-08
4.999999201847702968e-01,9.447621946307062799e-08
4.999999201816396344e-01,9.447562995570854090e-08
4.999999201754521394e-01,9.447470764282655164e-08
4.999999201611081689e-01,9.447383141773001952e-08
4.999999201381810643e-01,9.447279986462545142e-08
4.999999201284940353e-01,9.447249742807617452e-08
4.999999201141714922e-01,9.447207225448400503e-08
4.999999201062192422e-01,9.447174823585507966e-08
4.999999200907937480e-01,9.447153808886937877e-08
4.999999200833705748e-01,9.447141957189352191e-08
4.999999200746977346e-01,9.447133036685657897e-08
4.999999200712090808e-01,9.447126933347885235e-08
4.999999200607421757e-01,9.447122078062906152e-08
4.999999200455667037e-01,9.447120060552196043e-08
4.999999200176871716e-01,9.447115970205447740e-08
4.999999200036177038e-01,9.447112157560678627e-08
4.999999199910387659e-01,9.447105811418565089e-08
4.999999199832977359e-01,9.447099903372937710e-08
4.999999199798057514e-01,9.447093149121194288e-08
4.999999199749705636e-01,9.447090323615003768e-08
4.999999199706949837e-01,9.447087392088246957e-08
4.999999199669329375e-01,9.447084939114760672e-08
4.999999199652804260e-01,9.447084358809615214e-08
4.999999199637170655e-01,9.447083876990081087e-08
4.999999199630141278e-01,9.447083585766961283e-08
4.999999199626888324e-01,9.447083400330953579e-08
4.999999199616397827e-01,9.447083136736493414e-08
4.999999199605094091e-01,9.447082506808265525e-08
4.999999199589770793e-01,9.447079954503540506e-08
4.999999199586784848e-01,9.447072686942929052e-08
4.999999199585196119e-01,9.447055521966569945e-08
4.999999199577271902e-01,9.447015998055508444e-08
4.999999199535405392e-01,9.446920886159918479e-08
4.999999199473922351e-01,9.446870988938010828e-08
4.999999199390195437e-01,9.446819521343288900e-08
4.999999199158254859e-01,9.446754610019963359e-08
4.999999198810397560e-01,9.446500573719077091e-08
4.999999198695245783e-01,9.446182553521195839e-08
4.999999198367622300e-01,9.446013728033381987e-08
4.999999197857122324e-01,9.445740726807898353e-08
4.999999197682187813e-01,9.445368059666343866e-08
4.999999197425255559e-01,9.445030048756602638e-08
4.999999196835245852e-01,9.444675809958205799e-08
4.999999196506589305e-01,9.444468267265299810e-08
4.999999196121988065e-01,9.444191515590639530e-08
4.999999195918171102e-01,9.443938642990176543e-08
4.999999195714950329e-01,9.443623185451144439e-08
4.999999195597323864e-01,9.443267972480238343e-08
4.999999195529389873e-01,9.443166541452248975e-08
4.999999195501351745e-01,9.443038358055984184e-08
4.999999195444992939e-01,9.442649292187113971e-08
4.999999195323580614e-01,9.442590733695639807e-08
4.999999195097571403e-01,9.442497523491866079e-08
4.999999194864025442e-01,9.442191008722229244e-08
4.999999194559461846e-01,9.441968768899625038e-08
4.999999194315967732e-01,9.441707546401722009e-08
4.999999194205776432e-01,9.441159118569771701e-08
4.999999194037524353e-01,9.440524587725962832e-08
4.999999193861109914e-01,9.440168552067579420e-08
4.999999193546054155e-01,9.439506404481262195e-08
4.999999193265864394e-01,9.438489032021531898e-08
4.999999192963219263e-01,9.438316457098866002e-08
4.999999192756902078e-01,9.437488834803304028e-08
4.999999192443147500e-01,9.436862734004536010e-08
4.999999192285043970e-01,9.435310718476752096e-08
4.999999191918172436e-01,9.434704879083579839e-08
4.999999191835907686e-01,9.434125801708508506e-08
4.999999191692015565e-01,9.433433273843652348e-08
4.999999191578032853e-01,9.432313752070873741e-08
4.999999191439242763e-01,9.431764104435354948e-08
4.999999191274160371e-01,9.430529868354147220e-08
4.999999191036544333e-01,9.429888530836870641e-08
4.999999190826355244e-01,9.428372755077277272e-08
4.999999190596664533e-01,9.425893772764413670e-08
4.999999190431001495e-01,9.424991190757474130e-08
4.999999190124277404e-01,9.424266432693840333e-08
4.999999189976725988e-01,9.423217480281532822e-08
4.999999189559128365e-01,9.422277557637814104e-08
4.999999189440215153e-01,9.421327541815294482e-08
4.999999188840168474e-01,9.420342670505216962e-08
4.999999188488865043e-01,9.418733165947205076e-08
4.999999188255647153e-01,9.417647261481325378e-08
4.999999187728515482e-01,9.415235746244555824e-08
4.999999187230397824e-01,9.411594028309388378e-08
4.999999186969581455e-01,9.409370002618031174e-08
4.999999186590400879e-01,9.406383278572377656e-08
4.999999186369078474e-01,9.405469900915303553e-08
4.999999186004147056e-01,9.403801940387667884e-08
4.999999185769701260e-01,9.401905642257376004e-08
4.999999185557644221e-01,9.398794505949803600e-08
4.999999185273406033e-01,9.396072742158879117e-08
4.999999184678601827e-01,9.394034404659866717e-08
4.999999184617352488e-01,9.390512099730658907e-08
4.999999184279277920e-01,9.389418410765579580e-08
4.999999183851040474e-01,9.386305719344558942e-08
4.999999183610655540e-01,9.385243347184455515e-08
4.999999183562884864e-01,9.384024185436717982e-08
4.999999183403705527e-01,9.381754437296267566e-08
4.999999183227280541e-01,9.380113345635456459e-08
4.999999183025663485e-01,9.378895508340266487e-08
4.999999182826246891e-01,9.377438552065140303e-08
4.999999182595429859e-01,9.376365894875121009e-08
4.999999182473666703e-01,9.375010826745168251e-08
4.999999182230193129e-01,9.373812107616756261e-08
4.999999181994188580e-01,9.372532780478258205e-08
4.999999181821226379e-01,9.370533478893949523e-08
4.999999181573734908e-01,9.369207180970577586e-08
4.999999181091720479e-01,9.368558471386780961e-08
4.999999180896921858e-01,9.367246198783662176e-08
4.999999180619361105e-01,9.362311539333995633e-08
4.999999180383947195e-01,9.359832426061677752e-08
4.999999180231409213e-01,9.358581611606888104e-08
4.999999179763348067e-01,9.355719488239919088e-08
4.999999179458119447e-01,9.351747552728525454e-08
4.999999179270111505e-01,9.347643768579710866e-08
4.999999179096926705e-01,9.346965153211301315e-08
4.999999178888285267e-01,9.345750535358644583e-08
4.999999178776250996e-01,9.345123763032977869e-08
4.999999178625103013e-01,9.344778427920408363e-08
4.999999178405235001e-01,9.344332164912082528e-08
4.999999178217885420e-01,9.343929387819294471e-08
4.999999177976091058e-01,9.342969881187346974e-08
4.999999177862888833e-01,9.341367932130975141e-08
4.999999177660796601e-01,9.338566393678604894e-08
4.999999177476297518e-01,9.337550092733296891e-08
4.999999177322865807e-01,9.335487255934049972e-08
4.999999176881521068e-01,9.331098330541390095e-08
4.999999176714686744e-01,9.329923886142286934e-08
4.999999176312098781e-01,9.327885317049994402e-08
4.999999175814023866e-01,9.326912521597262581e-08
4.999999175419004849e-01,9.325949982657917788e-08
4.999999175122372130e-01,9.324139325014730901e-08
4.999999174608525943e-01,9.323158179485739797e-08
4.999999174442391614e-01,9.322063232087711057e-08
4.999999174103956223e-01,9.321787480724824733e-08
4.999999173980472222e-01,9.321306304178072649e-08
4.999999173681338727e-01,9.320560837540598332e-08
4.999999173545616737e-01,9.320118559254527115e-08
4.999999173432854160e-01,9.319284650040028111e-08
4.999999173410633602e-01,9.318845434200624779e-08
4.999999173329607305e-01,9.318297642691708622e-08
4.999999173297879906e-01,9.317306024621241618e-08
4.999999173119802354e-01,9.316493356342511018e-08
4.999999172907474976e-01,9.315975975631337041e-08
4.999999172281048843e-01,9.315530114386978622e-08
4.999999171995742620e-01,9.315300635377450284e-08
4.999999171632947825e-01,9.315126045477098514e-08
4.999999171399522879e-01,9.315005239412953937e-08
4.999999171093963968e-01,9.314939220229018365e-08
4.999999170759178435e-01,9.314870164042884949e-08
4.999999170591042930e-01,9.314847915718087177e-08
4.999999170449700436e-01,9.314835428810027911e-08
4.999999170378748303e-01,9.314827053075556438e-08
4.999999170266970494e-01,9.314817387471844438e-08
4.999999170174159735e-01,9.314796720615731824e-08
4.999999170065289045e-01,9.314774598687109499e-08
4.999999169914099428e-01,9.314706415230569646e-08
4.999999169792021525e-01,9.314544182144432302e-08
4.999999169659059550e-01,9.314062225268455799e-08
4.999999169511081254e-01,9.312958207532975671e-08
4.999999169165323387e-01,9.311507587543530308e-08
4.999999168858747511e-01,9.307095273250086913e-08
4.999999168628884716e-01,9.305265158815785169e-08
4.999999168274410488e-01,9.302571767899441638e-08
4.999999168093833823e-01,9.301876660144418030e-08
4.999999167978638193e-01,9.299951594653283542e-08
4.999999167828163005e-01,9.298278948444750590e-08
4.999999167734511252e-01,9.295408054874746139e-08
4.999999167693330304e-01,9.294228523117677242e-08
4.999999167652280363e-01,9.291202818085249348e-08
4.999999167590151172e-01,9.288376959959595780e-08
4.999999167414882484e-01,9.285186055621714005e-08
4.999999166987917354e-01,9.282615439252772327e-08
4.999999166822620689e-01,9.280137471377750403e-08
4.999999166473654277e-01,9.277818545193128715e-08
4.999999166407153028e-01,9.275287791847209046e-08
4.999999166323638167e-01,9.273347384000243733e-08
4.999999166189953437e-01,9.271493938173530011e-08
4.999999166111313564e-01,9.270528046857742723e-08
4.999999166052240263e-01,9.269389165860386167e-08
4.999999165982033644e-01,9.268539718416553962e-08
4.999999165909877474e-01,9.267539425239103022e-08
4.999999165865839368e-01,9.266866371779959784e-08
4.999999165830626424e-01,9.265789686390031291e-08
4.999999165741944585e-01,9.264717893054210374e-08
4.999999165675670376e-01,9.264052640057560861e-08
4.999999165641637600e-01,9.262720595324931914e-08
4.999999165511641586e-01,9.262180537850524987e-08
4.999999165410115021e-01,9.261761219312259676e-08
4.999999165360714537e-01,9.261319048717515327e-08
4.999999165219969344e-01,9.261042579697224121e-08
4.999999165118874100e-01,9.260866190813408590e-08
4.999999165064186180e-01,9.260611579749044923e-08
4.999999165035777238e-01,9.260425700830055805e-08
4.999999164995925227e-01,9.260299215436126884e-08
4.999999164983206512e-01,9.260070967190005745e-08
4.999999164968152998e-01,9.259851683030299978e-08
4.999999164919510242e-01,9.259242366698801976e-08
4.999999164849305844e-01,9.257878546594588819e-08
4.999999164791618100e-01,9.256139362081935238e-08
4.999999164765905890e-01,9.255246010906762330e-08
4.999999164674348573e-01,9.253356949426556052e-08
4.999999164632306092e-01,9.251176937385514102e-08
4.999999164613887492e-01,9.250643846802171083e-08
4.999999164577771382e-01,9.249580854635685925e-08
4.999999164523415418e-01,9.248470931226101264e-08
4.999999164487740622e-01,9.246150094164377176e-08
4.999999164455513068e-01,9.243580226542877660e-08
4.999999164440472876e-01,9.242762480780016598e-08
4.999999164417897046e-01,9.241609813767911418e-08
4.999999164389692941e-01,9.240202141791123896e-08
4.999999164356325743e-01,9.238364608705244953e-08
4.999999164348132297e-01,9.237715610265171513e-08
4.999999164337676216e-01,9.236320028811569160e-08
4.999999164329078649e-01,9.234166601636807794e-08
4.999999164315539479e-01,9.232789773724429688e-08
4.999999164295924614e-01,9.230873315423644825e-08
4.999999164266054619e-01,9.228558315672518877e-08
4.999999164249206984e-01,9.227174635902253709e-08
4.999999164228938198e-01,9.225480271111900436e-08
4.999999164213712599e-01,9.223827889508816816e-08
4.999999164197604928e-01,9.221558309926999108e-08
4.999999164179181887e-01,9.220647278563016920e-08
4.999999164037117749e-01,9.216642070730759114e-08
4.999999163973990468e-01,9.215738712656577749e-08
4.999999163804370594e-01,9.214225048611500010e-08
4.999999163775381561e-01,9.211653364797030855e-08
4.999999163727153473e-01,9.210639685663105961e-08
4.999999163589973206e-01,9.207849291285723785e-08
4.999999163548576320e-01,9.206843398733342993e-08
4.999999163468051844e-01,9.205744653500398738e-08
4.999999163386147361e-01,9.204791357515643468e-08
4.999999163310471784e-01,9.202653450126112581e-08
4.999999163286094617e-01,9.201114574857546443e-08
4.999999163244089884e-01,9.200362036170775731e-08
4.999999163231689803e-01,9.198834755178989015e-08
4.999999163229076338e-01,9.196563736489947545e-08
4.999999163226140908e-01,9.195886128046696386e-08
4.999999163222405563e-01,9.195175864375172094e-08
4.999999163221106047e-01,9.193875897857968773e-08
4.999999163219888132e-01,9.192486721657035495e-08
4.999999163217292986e-01,9.191098630630826021e-08
4.999999163213580400e-01,9.190399010643594039e-08
4.999999163208812547e-01,9.189095431909948363e-08
4.999999163200144481e-01,9.188212968045272798e-08
4.999999163184746243e-01,9.187493757504606570e-08
4.999999163165692595e-01,9.186808837069892761e-08
4.999999163146405246e-01,9.186496703302240841e-08
4.999999163136589764e-01,9.186082991965573193e-08
4.999999163134672409e-01,9.185661262620524609e-08
4.999999163134086766e-01,9.185351910801166813e-08
4.999999163133461155e-01,9.184664529540635132e-08
4.999999163129527080e-01,9.184520927505698579e-08
4.999999163119994705e-01,9.184055559031753222e-08
4.999999163105393607e-01,9.183439056538807227e-08
4.999999163078123754e-01,9.182465448121812377e-08
4.999999163063196805e-01,9.181042364848005871e-08
4.999999162987421308e-01,9.180668175413015227e-08
4.999999162856846313e-01,9.178888818273681638e-08
4.999999162770856764e-01,9.177595388778801920e-08
4.999999162569781497e-01,9.176749318571485104e-08
4.999999162362151472e-01,9.176087407707427059e-08
4.999999162249630924e-01,9.175496190378821208e-08
4.999999162114342477e-01,9.175178952242025143e-08
4.999999161992413343e-01,9.174902163546107749e-08
4.999999161703884143e-01,9.174477552564319278e-08
4.999999161602145525e-01,9.174155309137976227e-08
4.999999161223620536e-01,9.173421885414585622e-08
4.999999160964455069e-01,9.171840564801157252e-08
4.999999160487108574e-01,9.171188524094357825e-08
4.999999160106114449e-01,9.168442755965800409e-08
4.999999159592785070e-01,9.167405956017115094e-08
4.999999158999682281e-01,9.166922724799547234e-08
4.999999158847835412e-01,9.166533304488693363e-08
4.999999158296762891e-01,9.166020945605004827e-08
4.999999157880599121e-01,9.165518460490032228e-08
4.999999157379276804e-01,9.164805904203218701e-08
4.999999156944314738e-01,9.163878263714820922e-08
4.999999156253782662e-01,9.163502828672477727e-08
4.999999155998199329e-01,9.163012736718145519e-08
4.999999155731987832e-01,9.162775445204798368e-08
4.999999155527323769e-01,9.162604518767757368e-08
4.999999155300365317e-01,9.162498583125039418e-08
4.999999154841658910e-01,9.162423293978829095e-08
4.999999154465832873e-01,9.162378378112315044e-08
4.999999154279725078e-01,9.162361791670519309e-08
4.999999153610304448e-01,9.162348579382035065e-08
4.999999153396358920e-01,9.162335331765728296e-08
4.999999153168817601e-01,9.162318056917071447e-08
4.999999153010430408e-01,9.162296205077571468e-08
4.999999152569074012e-01,9.162260748008394416e-08
4.999999152384171364e-01,9.162198425723144509e-08
4.999999152155817361e-01,9.162014844870689272e-08
4.999999151957807975e-01,9.161695457732169323e-08
4.999999151656378538e-01,9.161061384674013652e-08
4.999999151384743046e-01,9.160225585959676247e-08
4.999999151282500387e-01,9.159454985616017637e-08
4.999999151130268826e-01,9.157169156979161083e-08
4.999999150953772231e-01,9.156446548331761301e-08
4.999999150659046876e-01,9.156049608796002383e-08
4.999999150498893874e-01,9.155297068794402280e-08
4.999999150164381456e-01,9.154545437142562420e-08
4.999999150017503946e-01,9.153581294102139019e-08
4.999999149842137558e-01,9.152519046663898219e-08
4.999999149647735286e-01,9.152232402938770349e-08
4.999999149551016542e-01,9.151763579025923926e-08
4.999999149424982914e-01,9.151075368341460576e-08
4.999999149346042726e-01,9.150231971851153983e-08
4.999999149190308412e-01,9.149715345347818739e-08
4.999999149049970670e-01,9.149268067517949270e-08
4.999999148949612060e-01,9.148716257667363192e-08
4.999999148847108499e-01,9.147286429086669123e-08
4.999999148656286696e-01,9.146962655320836598e-08
4.999999148512072611e-01,9.146580322964929980e-08
4.999999148449751907e-01,9.146190173426799384e-08
4.999999148380986358e-01,9.145256741403598724e-08
4.999999148352547440e-01,9.144592850257772221e-08
4.999999148298920892e-01,9.144073783282511131e-08
4.999999148273548411e-01,9.143783908576864998e-08
4.999999148240850677e-01,9.143375254703989421e-08
4.999999148207112665e-01,9.142762354648772308e-08
4.999999148180731545e-01,9.142307043472213713e-08
4.999999148167798557e-01,9.141856056905118474e-08
4.999999148145621852e-01,9.140731296832114284e-08
4.999999148120451431e-01,9.140182065563352684e-08
4.999999148094547707e-01,9.139697529643329795e-08
4.999999148086934908e-01,9.139098295726432125e-08
4.999999148069798061e-01,9.138435902380248430e-08
4.999999148052688414e-01,9.138104564171777965e-08
4.999999148029526941e-01,9.137799547954449474e-08
4.999999148015925599e-01,9.137397264179314430e-08
4.999999147996860849e-01,9.135433417829424733e-08
4.999999147961716739e-01,9.133276096603729538e-08
4.999999147880155870e-01,9.132479317218775170e-08
4.999999147717753001e-01,9.130974218921833823e-08
4.999999147490805651e-01,9.130479200818551055e-08
4.999999147367033547e-01,9.128976815680412657e-08
4.999999147230596575e-01,9.126767292778024911e-08
4.999999147098668217e-01,9.126348103455781845e-08
4.999999147068473482e-01,9.125604205460208654e-08
4.999999147048996284e-01,9.124487818364557224e-08
4.999999147033494795e-01,9.123794084576376784e-08
4.999999147025506741e-01,9.122736244243348856e-08
4.999999147019545953e-01,9.120835207617339326e-08
4.999999147013228784e-01,9.120105341114627630e-08
4.999999146991577215e-01,9.119503985210634327e-08
4.999999146928073568e-01,9.118117318560431438e-08
4.999999146814197992e-01,9.117354420668560125e-08
4.999999146612723044e-01,9.116275951261786093e-08
4.999999146530184069e-01,9.114118179593031477e-08
4.999999146225371782e-01,9.112613121930526423e-08
4.999999145963360259e-01,9.111409890824358726e-08
4.999999145859298499e-01,9.109594159097177211e-08
4.999999145700231851e-01,9.108308765276271844e-08
4.999999145504167020e-01,9.106785193789280244e-08
4.999999145219617969e-01,9.106438518828222337e-08
4.999999144876654533e-01,9.105284183318187447e-08
4.999999144539065132e-01,9.104273169088894193e-08
4.999999144427199615e-01,9.103071189646590936e-08
4.999999144296069509e-01,9.102281048471307495e-08
4.999999143832430937e-01,9.101288181862617624e-08
4.999999143550890590e-01,9.099929828608772264e-08
4.999999143295760229e-01,9.099315776942082708e-08
4.999999142983825862e-01,9.097851900727143288e-08
4.999999142648784423e-01,9.097246891345975175e-08
4.999999142181041356e-01,9.096173683134499650e-08
4.999999141872992769e-01,9.095059395922036759e-08
4.999999141544760883e-01,9.094755258583436774e-08
4.999999141271298519e-01,9.093863287815785422e-08
4.999999140996687075e-01,9.093462191187887963e-08
4.999999140877069426e-01,9.092679263096224475e-08
4.999999140733287772e-01,9.092464240508671780e-08
4.999999140600807634e-01,9.091719773781160165e-08
4.999999140488312621e-01,9.091204495276842858e-08
4.999999140449273849e-01,9.090450701285384813e-08
4.999999140417995536e-01,9.089682841284966333e-08
4.999999140409275844e-01,9.089004217330947449e-08
4.999999140399415953e-01,9.088180705427359057e-08
4.999999140386486296e-01,9.087918845139535514e-08
4.999999140352087146e-01,9.087241730874409023e-08
4.999999140266958020e-01,9.086766236008035798e-08
4.999999140116261898e-01,9.086536777651709165e-08
4.999999139769244483e-01,9.086296832549922467e-08
4.999999139542352644e-01,9.085883211779270884e-08
4.999999138860399817e-01,9.085437212389442420e-08
4.999999138671331611e-01,9.085036907452624488e-08
4.999999138432099643e-01,9.084659862373137558e-08
4.999999137773949442e-01,9.084048745159593797e-08
4.999999137427704188e-01,9.083536112225616133e-08
4.999999137104044200e-01,9.082795602216798742e-08
4.999999136827096846e-01,9.082513315307476229e-08
4.999999136195955041e-01,9.082291555714935588e-08
4.999999135975076170e-01,9.082020548713976970e-08
4.999999135841003972e-01,9.081447651950612633e-08
4.999999135666094996e-01,9.081079091309837806e-08
4.999999135572908981e-01,9.080746285292806709e-08
4.999999135501303482e-01,9.080540532856695045e-08
4.999999135452987686e-01,9.080057136491201017e-08
4.999999135387903637e-01,9.079522132316150000e-08
4.999999135346265833e-01,9.079339101971831822e-08
4.999999135263354377e-01,9.079083524151949961e-08
4.999999135236307679e-01,9.078765089647306230e-08
4.999999135219015400e-01,9.078358655050647994e-08
4.999999135212432333e-01,9.078155336808449847e-08
4.999999135199190703e-01,9.078000933779369781e-08
4.999999135174981180e-01,9.077820962118645920e-08
4.999999135150677287e-01,9.077489318475637447e-08
4.999999135106321102e-01,9.077232397867299203e-08
4.999999135033685316e-01,9.076911515721420262e-08
4.999999134849963389e-01,9.076751573584269087e-08
4.999999134364864761e-01,9.076409482461736000e-08
4.999999133730584910e-01,9.076230532912024702e-08
4.999999133578009736e-01,9.075985555826839437e-08
4.999999133321567646e-01,9.075522806762680703e-08
4.999999133114660377e-01,9.075205633748301517e-08
4.999999132914194067e-01,9.074148824320797633e-08
4.999999132836168148e-01,9.073267757909067311e-08
4.999999132743794816e-01,9.072279464580407609e-08
4.999999132694070703e-01,9.071888696673421727e-08
4.999999132583091699e-01,9.071616338517972157e-08
4.999999132359368437e-01,9.071527255937397669e-08
4.999999131958555720e-01,9.071385366446628185e-08
4.999999131552243514e-01,9.071217844049932118e-08
4.999999131399610053e-01,9.070719885510113109e-08
4.999999131172819244e-01,9.070292706401803699e-08
4.999999130990178120e-01,9.070018981383777460e-08
4.999999130754630983e-01,9.069844459041553306e-08
4.999999130656802571e-01,9.069678587801628327e-08
4.999999130463820274e-01,9.069588444430177183e-08
4.999999130286510995e-01,9.069538545426173092e-08
4.999999130202745223e-01,9.069521462765171953e-08
4.999999130106467238e-01,9.069509175102010011e-08
4.999999129982627966e-01,9.069491598186751824e-08
4.999999129884526994e-01,9.069458041493179896e-08
4.999999129661703012e-01,9.069437188234951003e-08
4.999999129519782648e-01,9.069403240681277377e-08
4.999999129395577557e-01,9.069366439620990831e-08
4.999999129244461216e-01,9.069308405267119917e-08
4.999999129070019643e-01,9.069205772411766434e-08
4.999999128701549944e-01,9.068981584415579210e-08
4.999999128360017586e-01,9.067920138123502621e-08
4.999999128157591732e-01,9.067675703852081238e-08
4.999999127993202119e-01,9.067296417874725435e-08
4.999999127711383107e-01,9.066316235659785453e-08
4.999999127520793341e-01,9.065745940181795104e-08
4.999999127242615860e-01,9.064989624517493168e-08
4.999999127073451177e-01,9.064456825978688095e-08
4.999999126706022867e-01,9.063899440670075198e-08
4.999999126445275888e-01,9.063735918237082397e-08
4.999999126298151353e-01,9.063599422091717414e-08
4.999999126091368984e-01,9.063229500865157990e-08
4.999999125884403428e-01,9.063096329248762105e-08
4.999999125830743574e-01,9.062969034359012579e-08
4.999999125715475223e-01,9.062844586321468672e-08
4.999999125607559325e-01,9.062646550925009097e-08
4.999999125514059672e-01,9.062324886017069617e-08
4.999999125468268524e-01,9.062152043554450853e-08
4.999999125412385448e-01,9.061391150375089007e-08
4.999999125377559417e-01,9.060592577266005650e-08
4.999999125344422035e-01,9.060347547776510565e-08
4.999999125318065896e-01,9.059962545945240911e-08
4.999999125300187974e-01,9.059329943270047667e-08
4.999999125286501700e-01,9.058115068273670323e-08
4.999999125260961574e-01,9.056638707061599142e-08
4.999999125207189032e-01,9.056129215176827963e-08
4.999999125164866776e-01,9.055377929645045108e-08
4.999999125017851043e-01,9.054467582778819336e-08
4.999999124847261944e-01,9.053912141243796078e-08
4.999999124598595301e-01,9.053156424229844609e-08
4.999999123808392398e-01,9.052557518910496892e-08
4.999999123445940663e-01,9.052387324060751696e-08
4.999999123227616415e-01,9.052224024472866865e-08
4.999999122813880148e-01,9.052173712192488083e-08
4.999999122407968732e-01,9.052063652047166004e-08
4.999999122254357720e-01,9.051981094900634867e-08
4.999999121985618245e-01,9.051858216916201915e-08
4.999999121871669394e-01,9.051604420280105082e-08
4.999999121527699542e-01,9.051001438940765360e-08
4.999999121140716873e-01,9.050112945618992483e-08
4.999999120860812996e-01,9.049010467550552466e-08
4.999999120626129612e-01,9.048329349377421146e-08
4.999999120466983027e-01,9.046862042033086109e-08
4.999999120169713596e-01,9.045609300335332999e-08
4.999999119959151472e-01,9.044903881062699176e-08
