# s_error_dp, s_error_pinn
4.227374561235817257e-02,4.248754969450251051e-02
4.218037567030513690e-02,4.218039485656013832e-02
4.218036287757244429e-02,4.218036297822669312e-02
4.218038596779005722e-02,4.218034706168570513e-02
4.218035482564403554e-02,4.218089374234926942e-02
4.218022858053418339e-02,4.218020283413017463e-02
4.217965174297444442e-02,4.217963831937344976e-02
4.217929601647893434e-02,4.217949939846738633e-02
4.213502322664357952e-02,4.214765189372517845e-02
4.213532885141895584e-02,4.214621792838577768e-02
4.202669091250740147e-02,4.032286148947922255e-02
3.068426675014669994e-02,3.996918621734640159e-02
3.082091427872912792e-02,3.733090302445047498e-02
2.029774639638277575e-02,3.572448963489530116e-02
1.523117017613007280e-02,2.123473474269841482e-02
1.510635706518976065e-02,2.214314181383938984e-02
1.416411193794989663e-02,1.903411535260124063e-02
1.302154095464722397e-02,1.611664361741456386e-02
1.175924498312597676e-02,1.628659916104803138e-02
1.080862681105475114e-02,1.609498306722854238e-02
1.033235622955878431e-02,1.626736393789055685e-02
6.596341846052987574e-03,1.669057269026867629e-02
4.298381532924509633e-03,1.575204854468750804e-02
4.110290654915452549e-03,1.550581948783543579e-02
3.845837523248743766e-03,1.552155343364426156e-02
3.654440110253401146e-03,1.547530501164729941e-02
3.664032219393605939e-03,1.589952880126840884e-02
3.706953205975203718e-03,1.477395072518962113e-02
3.632877197409675046e-03,1.336212284491601794e-02
3.472755427024035602e-03,1.486583979858188166e-02
3.349624271205357915e-03,6.639589023238611117e-03
2.907974857370423591e-03,1.970866043974516674e-03
2.834673160286180389e-03,2.026583848216953910e-03
2.872776533783846613e-03,2.184474395561706271e-03
2.978076255035333204e-03,1.900932049767785955e-03
2.871893591494325236e-03,1.727711106620658096e-03
2.875446761487127512e-03,1.313196105027860088e-03
3.127934184771667767e-03,1.234128776837010435e-03
2.886963780555755650e-03,1.765512001067793754e-03
2.737703299952611111e-03,1.263689589979666815e-03
3.062385639864129930e-03,1.780755658010487429e-03
2.653093182007141160e-03,1.241144005633104458e-03
2.626562104124292776e-03,1.429777380014756556e-03
2.045013294413074688e-03,1.629712919268940874e-03
1.834614338363333265e-03,1.307119835324893923e-03
1.893139703574159933e-03,1.264426346635357055e-03
1.688437529019816766e-03,1.878847706018477951e-03
1.399875457580557724e-03,1.894354064319215322e-03
1.645801478632302100e-03,1.473797567125072162e-03
1.311025947608036261e-03,1.388015413345818766e-03
1.180600771597187584e-03,1.444623787591223923e-03
1.269946408549860704e-03,1.246421331543323121e-03
1.208476242286739060e-03,1.479040065916335149e-03
1.220073923577566976e-03,1.450751726949215141e-03
1.818253150922095711e-03,1.862652110016146598e-03
1.742550137052432165e-03,1.329678116162466084e-03
1.583022436780113498e-03,1.383614950640929715e-03
1.222710456562781404e-03,1.438747999099635041e-03
1.386666608093729608e-03,1.376532829027476632e-03
1.767047896222785760e-03,1.823735595398201384e-03
1.493299521292835086e-03,1.599101389242051693e-03
1.803409533388606462e-03,1.741628761784698963e-03
1.167044582660903794e-03,1.272665821331027142e-03
1.088146726188298852e-03,1.412886400818451479e-03
1.345128389544159855e-03,1.590304343342219956e-03
1.852601764981979399e-03,1.813570908819576045e-03
1.667759701522695181e-03,1.401333573135927872e-03
1.362585006599338405e-03,1.555658294658741111e-03
1.010784431613304156e-03,1.365095909169945689e-03
1.211210533410349201e-03,1.870518881674810684e-03
1.173014233717357751e-03,1.212841277935503481e-03
1.169087214231479422e-03,1.696471732364721778e-03
1.712599111510296635e-03,1.738317483534283434e-03
1.587199745325416477e-03,1.510071660788051429e-03
1.551317925044895692e-03,1.683876829518317700e-03
1.653832857890556816e-03,1.329261516529583846e-03
1.512570922474650026e-03,1.123291240236006005e-03
1.204427101780128264e-03,1.079367015654297650e-03
1.053883913694853751e-03,1.162478817592661967e-03
1.036776342968138802e-03,1.123917069270698003e-03
1.047779115485500921e-03,1.495975753448571194e-03
1.079714474608200678e-03,1.635076533412227646e-03
1.241441236364935682e-03,1.494807902488584856e-03
1.661659477763018826e-03,1.221674203667372964e-03
1.166454400041550812e-03,1.640108725105951558e-03
1.294123745878026548e-03,1.577888026031535164e-03
1.019478558889806707e-03,1.365121600478098624e-03
1.176876827412287867e-03,1.118097804756837746e-03
1.123277563387094138e-03,1.617828674385879146e-03
1.199095310255743254e-03,1.036317346597544426e-03
1.234381140021250343e-03,1.013331009147852959e-03
1.289193918328111798e-03,8.934089460431924017e-04
1.553621298101736693e-03,1.140437568154484618e-03
8.791745643397370870e-04,8.718434722587495430e-04
8.741020706139512918e-04,1.156676318806007997e-03
1.055365152362495616e-03,1.108872851975748960e-03
1.179344332331164679e-03,1.407745218956265622e-03
1.041621551497649584e-03,1.507993616280572371e-03
1.326699078219834883e-03,1.502745614361970794e-03
8.802408053426829648e-04,1.464538486650438518e-03
1.050534032766015048e-03,1.034497368109106455e-03
8.127708597220068953e-04,9.581514778661929816e-04
8.303638550795531485e-04,5.851910026187741093e-04
8.349743407180580885e-04,1.198753145607931196e-03
1.525067144440668803e-03,1.176537508156120550e-03
1.192110180784608335e-03,9.370828547018138785e-04
1.338634808826172709e-03,1.220252097366231843e-03
1.272947230499874146e-03,1.383089880126033141e-03
1.336089870917315202e-03,1.266544274605219296e-03
7.410584256739800651e-04,7.724301361478052175e-04
8.107459279338091957e-04,4.423123775257751166e-04
6.526316490641204636e-04,6.480461036857376169e-04
1.377702848660855963e-03,4.738032631788832716e-04
5.313379116288473878e-04,8.745366976504508408e-04
1.016531607649403222e-03,1.459097280904801935e-03
1.431630353200479206e-03,1.157418913918884917e-03
1.248100770716885095e-03,4.798878508450747562e-04
1.301191236134245990e-03,4.655206311502196274e-04
6.340333342616123052e-04,5.833534221270708165e-04
4.706742221213481431e-04,7.245527182487238949e-04
8.612082880077586182e-04,3.506627866060050072e-04
1.368766472014632668e-03,4.763244043442767858e-04
6.635737752258958309e-04,5.904686123212245664e-04
5.658899067309577620e-04,7.245682512481888991e-04
1.013274735344314075e-03,1.065676607372023979e-03
1.306554625529870442e-03,1.022652150329178122e-03
1.296432431661356756e-03,8.371253907513394668e-04
1.394809507233694826e-03,8.063780149454379638e-04
1.219890480035077177e-03,4.293401249006460925e-04
5.132802151030734471e-04,2.996428598919738439e-04
3.360189693670373175e-04,2.801438834211708562e-04
1.872511174743705497e-04,3.167290774969263255e-04
1.888322173641236593e-04,4.514963019991190328e-04
2.625571654180033649e-04,3.043684257160730270e-04
4.622076219469527215e-04,3.998488346869563908e-04
5.164402805946530445e-04,5.521219938597910501e-04
1.901901691299113769e-04,7.065841679747960832e-04
8.276553943436524077e-04,1.220929484407643709e-03
8.471966642214244286e-04,6.933449680160777041e-04
1.643416149015599584e-04,8.970121226324556055e-04
1.057210668782648452e-03,1.035586614242194666e-03
1.215323541680419004e-04,1.101629262270326353e-03
6.468886819274180478e-04,1.178927436705359561e-03
9.608968899298977150e-04,1.230712011989287943e-03
7.009710040850217032e-04,1.112535941628486338e-03
1.132455528733451863e-04,6.459798721689653887e-04
1.324070634644764150e-03,2.763315330026193568e-04
6.220074582599291859e-04,2.583605255138755928e-04
8.956894401971589662e-04,2.347134384739327814e-04
1.370849790173187888e-03,2.225564368588156712e-04
1.357251805051959198e-03,2.302201167892296829e-04
1.339018738390939083e-03,3.360563780308973257e-04
1.193735390327180105e-03,3.958795646302459012e-04
9.414775221788369798e-04,6.734757386502601912e-04
8.027043107659433650e-04,8.346743234571686945e-04
7.270729167796527838e-04,7.847212186850125327e-04
6.317266411004097276e-04,7.740180704163143960e-04
5.352283979447420518e-04,7.253896182118589869e-04
3.836767288187974178e-04,5.535988089065984772e-04
1.535007318095936543e-04,5.116910010597957963e-04
2.286547150783810670e-04,6.757655340229081885e-04
1.195582098911635954e-04,5.718532759155394276e-04
1.035244547027259723e-04,3.196265106971046604e-04
2.452727027897357959e-04,2.698655018650530338e-04
3.322330416142116718e-04,2.339036876812313089e-04
4.891322065731445274e-04,4.668812382499413051e-04
4.644334511826708582e-04,5.347567097405851516e-04
2.844800833795572601e-04,9.476623300326326733e-04
9.088345888782302156e-05,8.787825937776285639e-04
3.476011420108139779e-04,1.064964257079028696e-03
5.310717464879167668e-04,1.185744126200518429e-03
5.946483060984523875e-04,1.153563924497286262e-03
2.648203609078373906e-04,1.243811761800307130e-03
9.233149328790369616e-05,1.325346792282925280e-03
1.158058488575344682e-04,1.318636280438159440e-03
2.015975626771112858e-04,1.331906707801251092e-03
2.571555979214663131e-04,1.327605889660074057e-03
4.305652723743894766e-04,1.312514187064865419e-03
5.904156516615444465e-04,1.303009978561845859e-03
6.788637583823481673e-04,1.204199211037605992e-03
1.179640313384648772e-03,1.030387164937062935e-03
1.126934484864251839e-03,1.023982276393789904e-03
1.284789149703177312e-03,9.227385756702381368e-04
1.189484290123261553e-03,9.304998916118815445e-04
1.000868628474134740e-03,8.320159647141446915e-04
9.272659795603338138e-04,8.720514185496155285e-04
9.305525150082004371e-04,9.199554839002362571e-04
9.389525788679623040e-04,9.186291051964571392e-04
9.597056893119789572e-04,9.270066379451899138e-04
9.841230435439155943e-04,9.419704997708236655e-04
1.020747488192607017e-03,9.410424104939643479e-04
1.049076481932403621e-03,9.395671903292778220e-04
1.035736524007191146e-03,9.400384617558996039e-04
1.062103440041893337e-03,9.308218137636123466e-04
9.485217451336958689e-04,9.152050575730556877e-04
9.619683055167120838e-04,8.758158796960050082e-04
8.648822386699446790e-04,7.861227128484992973e-04
1.036834003597506774e-03,7.332694141418441254e-04
1.127551436379368045e-03,7.629079925536414418e-04
1.179566267446177565e-03,8.502018916641193580e-04
1.161235854231779325e-03,7.934330198937260617e-04
1.421949110715643077e-03,8.229220938142299503e-04
1.143679609228763884e-03,8.952553660113380654e-04
1.146934730575867225e-03,9.646240885296659918e-04
1.041958240297924084e-03,1.007989335058371390e-03
8.826921247639111416e-04,9.931028013465330144e-04
7.909447782964386039e-04,1.003852038067042964e-03
6.901544711115849707e-04,1.014077003114540474e-03
6.231069481862691996e-04,1.060167917021911195e-03
5.757632385990439205e-04,9.658973040905706074e-04
5.538777129556248045e-04,7.964376720343801759e-04
5.143086752612854688e-04,8.488142282184181573e-04
3.622011732865934456e-04,8.806997475992136334e-04
3.882190985105728859e-04,8.198401610185105477e-04
4.005820368028201444e-04,8.605103382263224777e-04
4.089319851117129254e-04,8.232405401438125294e-04
3.167770970432200509e-04,8.593346024374444491e-04
3.959646285172254126e-04,8.522403581475014415e-04
3.725884099187877475e-04,8.634059259124460305e-04
3.822578196949758997e-04,8.862188546400435541e-04
3.807871847051352452e-04,1.007429812623886157e-03
3.803434073600802387e-04,9.441459987736844925e-04
3.796036704536566268e-04,9.355574088731404784e-04
3.751551976077628983e-04,9.183499849990205523e-04
3.713234804694709131e-04,8.873747557856103297e-04
2.744370016896460784e-04,7.607300469534694761e-04
2.907046242299465150e-04,7.947937423109459115e-04
2.669149972873412907e-04,7.954120227701047107e-04
1.925852167629529647e-04,8.095010835682872868e-04
8.740396651728758032e-05,8.111358784190797087e-04
6.570015360187286368e-05,7.759443298096367235e-04
2.197191065502633242e-04,6.017822940775514060e-04
1.297647167536582289e-04,4.737309111262699777e-04
1.291075282901521797e-04,3.340476452391533623e-04
1.696548164349788803e-04,2.912041876642005710e-04
1.460400219251411775e-04,1.891397314372768280e-04
1.598636098255865371e-04,1.730657535340978010e-04
1.949678820917411675e-04,1.868779456367506873e-04
2.439691298785677206e-04,1.599937501460724134e-04
2.488055742797123807e-04,1.164247884128967448e-04
2.450773052439345241e-04,1.995337514514143064e-04
2.469643558305221272e-04,3.329731114391688450e-04
2.251525958210469076e-04,3.466080428402791070e-04
2.387063810483556711e-04,3.603854829147516573e-04
2.657408753725777422e-04,3.670376518463019954e-04
2.990560874660220191e-04,3.703553482480207533e-04
3.780030785982015887e-04,3.493141186998337993e-04
3.810000669613635284e-04,2.821986031746872236e-04
4.096176757567252945e-04,3.105153033819489346e-04
4.548772240153537002e-04,2.952940406350612699e-04
4.818516763561215459e-04,2.583829688843225243e-04
5.734597130324435403e-04,2.072217206622930792e-04
6.830878185198644911e-04,1.212642151323521688e-04
7.198342426675634863e-04,1.499813088185069938e-04
8.338750784311850300e-04,1.694815548187600255e-04
8.600625709859635679e-04,1.785920933471640511e-04
1.049994697076916863e-03,1.829356096152102366e-04
1.091388983761526878e-03,1.412001449869606596e-04
1.189668023512226516e-03,1.016794735549784746e-04
1.326346581810054943e-03,1.032474138934906977e-04
1.349666813867957419e-03,9.828109075829549474e-05
1.383619074861307686e-03,1.427863417293468579e-04
1.267057824139386762e-03,1.186076916070815524e-04
1.321047469467406680e-03,1.031127276690175284e-04
1.251701685786478849e-03,1.014447986012101990e-04
9.444554932405015797e-04,1.120506159180648814e-04
1.056203679334383151e-03,1.125248380550425805e-04
9.521146990335655142e-04,1.124204752141827945e-04
9.018869720066364929e-04,1.186987895134853445e-04
6.363218264855742285e-04,1.236392771810464121e-04
6.715718140821474351e-04,1.224861238404768469e-04
6.760412372294173449e-05,1.574480455341782626e-04
1.866307028208773905e-04,2.046888973830060824e-04
7.325768923912221711e-05,2.916029609659639933e-04
2.079354857752336715e-04,2.942004188832009074e-04
1.423857560451149680e-04,2.930594616993168811e-04
1.985738438652629161e-04,2.331309922507345791e-04
5.273579649416476351e-04,1.856899373601713114e-04
8.179638957195649275e-04,1.713897889151783376e-04
8.738398689484876613e-04,1.507856184634327431e-04
1.065119411006918392e-03,1.488687010864095470e-04
1.377295015433291966e-03,1.262816050252563280e-04
1.309633544369565418e-03,1.216151034150387736e-04
1.391124471546035602e-03,1.170934606918097316e-04
8.111687236130858160e-04,1.088372743343483983e-04
8.477883103130711730e-04,1.343567570411742680e-04
6.945092769315457841e-04,1.205216050672355935e-04
4.500580773977918224e-04,1.411175687678264945e-04
4.883127330705586524e-04,1.792661197766667219e-04
3.584625117262309267e-04,2.886124395144992250e-04
1.755580964399533830e-04,5.055700771504916154e-04
2.311733188776625739e-04,5.164601194389329721e-04
1.647520856254230633e-04,5.264671033162743449e-04
9.238605408963395532e-05,5.800003964925478902e-04
6.982863242977663503e-05,7.151228826744216198e-04
1.133273067684869635e-04,6.981087869567061989e-04
2.175284246424261027e-04,6.762244516522155280e-04
2.742858785003379936e-04,6.146009970532812774e-04
3.354209975006546235e-04,6.002131172663520593e-04
3.106665527738698327e-04,5.459856623235784939e-04
2.926618409494283614e-04,5.450875511064260997e-04
2.829486323394599708e-04,5.441839137311016905e-04
2.745997121426437286e-04,5.619007604877378301e-04
2.649047815986903883e-04,6.906982417166512584e-04
2.543011978310523382e-04,6.999718732501751571e-04
2.389850860911520462e-04,6.822351407014481083e-04
2.139698807778697709e-04,6.822425479246664723e-04
1.602665787707104213e-04,6.452782131126422226e-04
8.231688773345570442e-05,6.247560313683385566e-04
1.143992376875386645e-04,5.936849468883216878e-04
4.055546370213165830e-04,6.237490164438842799e-04
4.713499041017989361e-04,6.054666981360704719e-04
1.127474784239240876e-03,6.096170953392891041e-04
9.066608204546706701e-04,6.132830766526880520e-04
7.761613596107818378e-04,6.294966839696431891e-04
8.769950854133606172e-04,6.588800016294821737e-04
1.044676255976661333e-03,7.389375104080195093e-04
1.193449618266332734e-03,8.688355765839787890e-04
1.057243449171203732e-03,9.808958007709979790e-04
9.549373724223645353e-04,1.092879563409912417e-03
9.616563862883690996e-04,1.052297187965288081e-03
1.187134265139163725e-03,1.073103486232210692e-03
1.026798679958584436e-03,1.101829006107764167e-03
8.674832732954916538e-04,1.118662363228403170e-03
7.280312216709047997e-04,1.136587739630145859e-03
3.647442424553548005e-04,1.137868389501308372e-03
1.453902653030971338e-04,1.134583455270130178e-03
9.014445186749528113e-05,1.134269634549025987e-03
5.234798681919926701e-04,1.132739380217997506e-03
4.373715257798973599e-04,1.136894864074413421e-03
5.951774897914240093e-04,1.143485031324914308e-03
9.082824409455536726e-04,1.147135528675315846e-03
8.702512358763784877e-04,1.150983011274131973e-03
1.031033546450117137e-03,1.156223316726180715e-03
1.149344435092465805e-03,1.165665533134821637e-03
1.335068150222647057e-03,1.179379357974998967e-03
1.115214991425282805e-03,1.200933246907949330e-03
1.048959725385661826e-03,1.232741096146831253e-03
7.519140469292775325e-04,1.287002979817571027e-03
7.571290483004254482e-04,1.415947149018855931e-03
6.458042112162037463e-04,1.370358657164995504e-03
4.652942312865850929e-04,1.101756654860451849e-03
3.849688774506080128e-04,1.025338541553354882e-03
2.092631390453269884e-04,9.678546141968118795e-04
2.091049634374034466e-04,9.425182234747324708e-04
1.212216318207983817e-04,8.444289880260942485e-04
1.220811660494560986e-04,7.104597911069456678e-04
1.237837884961171442e-04,6.472074235045574987e-04
2.464532693936836234e-04,6.045323233934683273e-04
3.542488786591240163e-04,6.234078435787355956e-04
3.671906091106452090e-04,5.852042668196303851e-04
4.411253460795433348e-04,5.453914106381804652e-04
4.456981177321145448e-04,5.629492619987010345e-04
4.492613186988352329e-04,4.905340567319769075e-04
3.792786095421704098e-04,4.972267854255513382e-04
3.281774303318130701e-04,5.153819294897171591e-04
3.483680790729806894e-04,4.945703628125792993e-04
3.026124199058631277e-04,4.930008930044156969e-04
2.450052221691766271e-04,5.102368702637121800e-04
2.139991275988078036e-04,5.468817470549446362e-04
1.893196948106904223e-04,5.659744512606434486e-04
1.723818785823668406e-04,5.603837504311702392e-04
1.303242769754503006e-04,5.054994196300410759e-04
1.043414119467352239e-04,4.488237645303737376e-04
7.697146423862322986e-05,3.877590175166100686e-04
6.656040262696543178e-05,2.850412091335230913e-04
7.237996972589658021e-05,2.319607231257172597e-04
7.496959324423207950e-05,1.875552824353567344e-04
8.920987962642552382e-05,2.024940343571868576e-04
9.246902574540016785e-05,2.075447437695853803e-04
8.688693881645649490e-05,2.303265101570273166e-04
9.349203555053262949e-05,2.638004830828287461e-04
9.529298216334623945e-05,1.939448244467630413e-04
8.271742434736867333e-05,1.795876830400652499e-04
6.657563383983496660e-05,1.603490951352906017e-04
1.678547367768802243e-04,1.409196842855856707e-04
3.699539173245543840e-04,1.286838357518020073e-04
4.572472768250315203e-04,1.139040566953833183e-04
4.172860601758498740e-04,1.140668547021309308e-04
6.721783034781261476e-04,1.141141297939463279e-04
6.406551497259199875e-04,1.151216122284754064e-04
6.868939486650865343e-04,1.180953712599696259e-04
7.906439561023772275e-04,1.306671982616020424e-04
8.970848787748648663e-04,1.221129358933613297e-04
8.492502395599412900e-04,2.176915547215766431e-04
8.098535351156068004e-04,1.929785601489093338e-04
8.315871281484684590e-04,1.978221198939489128e-04
8.889437266150273728e-04,2.403036923184431945e-04
9.222684863484644988e-04,2.713302715260408745e-04
1.021073430380695871e-03,3.085346361443042909e-04
1.084975543387978452e-03,3.062490928538665514e-04
1.362833018518289042e-03,3.182137537637348300e-04
1.383111151720105682e-03,3.228823129100896880e-04
1.407080090747158492e-03,3.350734760499659627e-04
1.294840332745591073e-03,3.499228091958190364e-04
1.164707906607110417e-03,3.844816552837338440e-04
1.139179875343953935e-03,3.932378858470696919e-04
1.071408910279557066e-03,4.409026903842582401e-04
8.903134908348270997e-04,4.529009345241365734e-04
9.212140985344117019e-04,4.957522393126739726e-04
8.692897115363655038e-04,5.130343332858473739e-04
7.423699029157364206e-04,5.371017197391505550e-04
7.563562861272498435e-04,5.454231349415193967e-04
4.388356243031247086e-04,5.435784597708408303e-04
2.632367507372769489e-04,5.565047697502190603e-04
3.594155522970753427e-04,5.471231679760221430e-04
3.345678305123007739e-04,5.468656731520446339e-04
2.305596629561581503e-04,5.513333599023058623e-04
2.385292894892695982e-04,5.582663669806643605e-04
1.794179752865594866e-04,5.648141313306088941e-04
8.040913686868708784e-05,5.697526486238010208e-04
7.514943505058241380e-05,5.711809354460585216e-04
1.796111802751085469e-04,5.688614392131678297e-04
1.919709758571877208e-04,5.616906289497618438e-04
2.748166664153963291e-04,5.505392671787365548e-04
3.220824673958395446e-04,5.322184207250513612e-04
3.974756002209687373e-04,5.084148701802826496e-04
5.382277644649246942e-04,4.666346533669439405e-04
5.439434688850295100e-04,4.647375536886728790e-04
6.420874721697646115e-04,4.817337470156425171e-04
8.147842698093227080e-04,5.053436192558594846e-04
7.637184921244204606e-04,5.161104458703854973e-04
7.981319567465284572e-04,4.847187167433856473e-04
9.711542546258404920e-04,4.833495879320925471e-04
9.210248627211882130e-04,4.743089228441512480e-04
1.156033777629206791e-03,4.473431933034571740e-04
1.285282769762240065e-03,4.561355864109406760e-04
1.217267258784143378e-03,4.514406549512832044e-04
1.217484505465173420e-03,4.343865428156235974e-04
1.160209922075488599e-03,4.421824335446047330e-04
1.200713924777597552e-03,4.378328816756575908e-04
1.181434517404825017e-03,4.282841684929896016e-04
1.103558928098905814e-03,4.300893758136961707e-04
1.043125654423540964e-03,4.284045385297070613e-04
9.551153857638582274e-04,4.268502802755190419e-04
9.064693755843600785e-04,4.255613294652959471e-04
8.080630061062345822e-04,4.260184091113276730e-04
7.393639140765534239e-04,4.350835131046771362e-04
4.460305015953129029e-04,4.380105643030956955e-04
5.065121963578529153e-04,4.382515267019146290e-04
4.117601617612127703e-04,4.431425765057424976e-04
1.872043756716733809e-04,4.348816582393491212e-04
9.826659460314379182e-05,4.353815879897274211e-04
7.267240365657012216e-05,4.362053698731235590e-04
6.679758906937917665e-05,4.387856719092628416e-04
1.181452187062593352e-04,4.400555859513276204e-04
2.721236187057779455e-04,4.429634215021479031e-04
2.643245880573237279e-04,4.444834544101530804e-04
3.214404834277543557e-04,4.466809328084761044e-04
3.608573287222703965e-04,4.531660492076501796e-04
3.733621401649570275e-04,4.561557881571797922e-04
2.628629023694443491e-04,4.614435744199065718e-04
1.839296382898938334e-04,4.619119748292445783e-04
2.701433885585211654e-04,4.562037579983624510e-04
4.300849101057977017e-04,4.559862695825173009e-04
4.638440951066596213e-04,4.589171391319226551e-04
4.941931991714312768e-04,4.635872040709473202e-04
6.554302486002981480e-04,4.711259468070518410e-04
7.403026066079112285e-04,4.726169129029152388e-04
8.659980406654620849e-04,4.722260442169618128e-04
1.017989145574217788e-03,4.728177935855983277e-04
1.263634125168611828e-03,4.766143837566139845e-04
1.064100637443271026e-03,4.860464274993648616e-04
4.624228753300278468e-04,4.858700550786422307e-04
4.516701198626255119e-04,4.859067704610709523e-04
1.041375336401426636e-04,4.854317930284975059e-04
3.674907026146799721e-04,4.858985628300717895e-04
2.088579755589395218e-04,4.856950512118015815e-04
1.993379913941373087e-04,4.864584769988037336e-04
5.399522918121864041e-04,4.870838749077512531e-04
4.547383713836826457e-04,4.897036955012787178e-04
5.300420484262234177e-04,4.899253109102054545e-04
9.029031541862664410e-04,4.939164808039317759e-04
1.122790540160276129e-03,4.925782046929295162e-04
1.164890956386705314e-03,4.934589313561344717e-04
9.053659036828105378e-04,4.944578587243837146e-04
8.722578255440977977e-04,4.942676376215404763e-04
5.206711696883499626e-04,4.952979357211297149e-04
1.262660312632002673e-04,4.957869529527283515e-04
3.819212776743278310e-04,4.963488589159198048e-04
1.234279998439539181e-03,4.970751902734731184e-04
1.261406426908612917e-03,4.976457876074579954e-04
4.175142948835970473e-04,4.982258461485573973e-04
2.868642410232728019e-04,4.987708407507446826e-04
4.916856807385510926e-04,4.991945741438232010e-04
1.554688259359168236e-04,4.987541663938370928e-04
4.024288221194737654e-04,4.988703618040841959e-04
4.624675786175146759e-04,4.998128156739181432e-04
1.032281590695453615e-03,4.994811164964510193e-04
1.360129997862805258e-03,4.995145097306284221e-04
5.162510082339199623e-04,4.997377309583768239e-04
3.625350651720967072e-04,4.989307034306083265e-04
1.294025802764836889e-04,4.975550418719414635e-04
1.137651559406353645e-03,4.971983713055822202e-04
1.242362443676203092e-03,4.962723364830055970e-04
1.086114697405536319e-03,4.932941000514754837e-04
1.142748655679769881e-03,4.917254321770063528e-04
1.371212569149634448e-03,4.872302071352803995e-04
9.308936712643001328e-04,4.808388596051184024e-04
1.004556125327499445e-03,4.801852313099771920e-04
1.252540678810571241e-03,4.760204017219255945e-04
1.316515753140436607e-03,4.708549699444666381e-04
8.165628159736596859e-04,4.697391111338944012e-04
4.220619934028324843e-04,4.665858631878348414e-04
1.877786296655424071e-04,4.597916558202114808e-04
7.801746934589521686e-04,4.602135157218804635e-04
9.325811401616056640e-04,4.603043191661766449e-04
1.168879724680598137e-03,4.595888150815292126e-04
1.361555704093030377e-03,4.584339719699800941e-04
1.192519469886098738e-03,4.586859305457459987e-04
8.030375137917656865e-04,4.594798245878158310e-04
7.065206193954736910e-04,4.591288818360166968e-04
4.880767977412524988e-04,4.595193717616185896e-04
4.162096122654652280e-04,4.597970779552888331e-04
4.028560156982594715e-04,4.600980548212199226e-04
5.531695944180563913e-04,4.604014566845085000e-04
6.108569096937826581e-04,4.606783740038144733e-04
6.584187451476521558e-04,4.588007231958810949e-04
5.880480365726599174e-04,4.542240698161470924e-04
4.034165893683818176e-04,4.544431731067469942e-04
8.747685500985982895e-05,4.537630077418491393e-04
2.723794125110727202e-04,4.498775574096444316e-04
3.865705563215438793e-04,4.469177128457497853e-04
6.631943416786437997e-04,4.440310797636701202e-04
7.543931492015244116e-04,4.440189864472906221e-04
8.428506047039512148e-04,4.410102666949637282e-04
1.042661735050182245e-03,4.422561039987872047e-04
9.365235847943496417e-04,4.421501582242677673e-04
9.729730564139368052e-04,4.406884308814530823e-04
8.373238961782760717e-04,4.403491351102842158e-04
7.699389668759688149e-05,4.400187017914040976e-04
3.107787806644178195e-04,4.398377814589789041e-04
8.304713958463206180e-04,4.406235562569356000e-04
5.305676750902488031e-04,4.408528167142731829e-04
7.180678765073068067e-04,4.418328933666007151e-04
9.540151480746136663e-04,4.431584388400184433e-04
1.062441371860218088e-03,4.432295224189844907e-04
1.048952050719861818e-03,4.439953240480628313e-04
1.090950058834021892e-03,4.446159950838226714e-04
9.994290504948030295e-04,4.452286640856028470e-04
8.786071615383059513e-04,4.456041420316015386e-04
8.767324318941032389e-04,4.456501656913156658e-04
8.145633487150549064e-04,4.455050638995929307e-04
7.865791998524993825e-04,4.451751770778784758e-04
6.423790644915784156e-04,4.444655854452986385e-04
5.916430754295472520e-04,4.430703719559069909e-04
5.757168062682407449e-04,4.416059231438091955e-04
4.381638790275469179e-04,4.405295256274195702e-04
6.899748678232899999e-04,4.361082155237424002e-04
7.652353351359339386e-04,4.356311586085546386e-04
7.904866016685914345e-04,4.367945358726731727e-04
9.254970159073672804e-04,4.376557564517306377e-04
1.260169617325306761e-03,4.542037675567415556e-04
1.330178169260353132e-03,4.589971770533521193e-04
6.711828641631466252e-04,4.651559511977567643e-04
5.342812988188335582e-04,4.702731163845869197e-04
7.721892655063613111e-04,4.808308978268633271e-04
7.772595158218066885e-04,4.894518275348192209e-04
1.402632624721834170e-03,4.969100221747091558e-04
1.228302643081506359e-03,4.973556699010635469e-04
1.028654165320642098e-03,5.087901745545673734e-04
1.171821009797121638e-03,5.138003344741327643e-04
9.155994020474260723e-04,5.254718390554127252e-04
5.858074541970054562e-04,5.403921469144891453e-04
4.095872712313882000e-04,5.521280489590348886e-04
3.415067520459420607e-04,5.689044780746755096e-04
2.601017210247954744e-04,5.717996266212317961e-04
2.535238891106228725e-04,5.874025125363981949e-04
2.416234612576893793e-04,5.792465300696469791e-04
6.484298626745959920e-04,5.852915275570791213e-04
6.574488189380503327e-04,6.000052410591331844e-04
7.777300995517812295e-04,6.092886617389474228e-04
1.048039897513890640e-03,6.282230734944228064e-04
9.295812349246239869e-04,6.495002434858187590e-04
9.313624933565964933e-04,6.745087838812358419e-04
1.237425474493115268e-03,6.913623531182202641e-04
1.145642952403821057e-03,7.048410406709308120e-04
5.713876021062407572e-04,7.101977116305491699e-04
2.144737798602290926e-04,7.555048783770341352e-04
1.705969288657841387e-04,7.562848150790719157e-04
6.279742114287403484e-05,7.788365880261658271e-04
2.724911027671355983e-04,7.948402138329476591e-04
3.452496378621039571e-04,8.095529605045642891e-04
5.600953175795669566e-04,8.591771995248932746e-04
4.331948145477238941e-04,8.494181975331601894e-04
4.516397270590647990e-04,8.551721164350674972e-04
5.473909776121910990e-04,8.799262445078407909e-04
8.902099031524450708e-04,9.097958608902986365e-04
7.002657507107419880e-04,9.182583960197200851e-04
7.864924916489607646e-04,9.415711323285063218e-04
8.365921936653608094e-04,9.538401923009803308e-04
9.389921688327094616e-04,9.646942140873372576e-04
7.970718610810507542e-04,9.808595770403806969e-04
1.020148952178255965e-03,1.041800091596223072e-03
9.390169977195870522e-04,1.022233833414482387e-03
9.158011245449559955e-04,1.028495289730871386e-03
8.738236647566489500e-04,1.054451134615075466e-03
9.133856349715563025e-04,1.090498537679724387e-03
9.725296774284691945e-04,1.114489458514638341e-03
9.306593126897222271e-04,1.217565935458820962e-03
8.668097392485164202e-04,1.200188929921901888e-03
4.448234818408973749e-04,1.241708916900461377e-03
5.622224216296054953e-04,1.296451663380805263e-03
6.432901750850784093e-04,1.300881394586197093e-03
4.877705568683101994e-04,1.325294424150038524e-03
4.365406468045189255e-04,1.400567608657268164e-03
2.792055573822125225e-04,1.416104881231707024e-03
7.381521258456950603e-05,1.330743772495885952e-03
1.424784500813506345e-04,1.298043437177643289e-03
2.247050136304908172e-04,1.245215012780640298e-03
5.692914949112660300e-04,1.194518625137935006e-03
6.438431085585868789e-04,1.122330930543390332e-03
6.284823567175895805e-04,1.140256894026603915e-03
6.316087254657966766e-04,1.088452421293126205e-03
4.890102460072281608e-04,1.070577294977580630e-03
3.191956004717038092e-04,1.064223320691813591e-03
9.853336440405067640e-05,1.062341583319680602e-03
1.340385031570189586e-04,1.025876219549422264e-03
1.278574747947693567e-04,1.026649922777940135e-03
1.445487870174942647e-04,1.009650881667734654e-03
1.365441490053762605e-04,9.737053937263849936e-04
6.768462158841456744e-05,9.831163031355704893e-04
2.056523223983149290e-04,9.655140237214545956e-04
7.574343118481321959e-05,9.444687013301517877e-04
6.672996016747714701e-05,9.410336736560523559e-04
1.459293180576944039e-04,7.806448752159883759e-04
6.354659135823851864e-05,7.595159529154940116e-04
1.795782667997473144e-04,7.698344542096697152e-04
1.806680949578865641e-04,7.565971885059456824e-04
3.633492985172509103e-04,7.037199420881875200e-04
4.735278860523410983e-04,6.132493539108792909e-04
9.207888962456114382e-04,6.035886360355145752e-04
8.707131468134591320e-04,5.684574711126573173e-04
8.096737645771410856e-04,5.728298240633871493e-04
9.343601208994956747e-04,5.686144375531223703e-04
1.184410901178173207e-03,5.523669648837491696e-04
1.246715249672886551e-03,5.367441013499525421e-04
1.327045144980615625e-03,4.922748320910863649e-04
1.391958563086818489e-03,4.502803417254998448e-04
1.347985353784237911e-03,4.150525539757490183e-04
1.144915635719289315e-03,3.799183990190542655e-04
1.195701537163809929e-03,3.760210829242063846e-04
1.257929408218373462e-03,3.819443162270377747e-04
1.279986699396176058e-03,3.403514214768617882e-04
1.396214526360108933e-03,3.715967951103518784e-04
1.413966693560257627e-03,3.721450884523644061e-04
1.405538116409487098e-03,3.671622682102681557e-04
1.331831211521286931e-03,3.490915122700896786e-04
1.282374619395079034e-03,3.360906214433505984e-04
1.121686575605495553e-03,3.066951603431124348e-04
1.143775072173740161e-03,2.954499810045707457e-04
1.086404902774519652e-03,2.660793838811023734e-04
1.029247118650824687e-03,2.220563015689170716e-04
9.758598739736861014e-04,2.225338032211007344e-04
8.566815814496057816e-04,2.272633081613811606e-04
7.979702833332532946e-04,2.273908385842495156e-04
7.724194275461639374e-04,2.057031830033534707e-04
8.021391321659439863e-04,2.168248474197347628e-04
1.002323785656480688e-03,2.010617226051611916e-04
1.036366363930580486e-03,1.740355195709039160e-04
1.404527049155165864e-03,1.728141951360014897e-04
1.177231953328111485e-03,1.687359308416931029e-04
9.259266823738819931e-04,1.559148123014283765e-04
1.010805886241297399e-03,1.580700184803192267e-04
9.572099682860730563e-04,1.519928555538768667e-04
6.878400098855547238e-04,1.425922041810300813e-04
6.590060094226707181e-04,1.417932876049381587e-04
6.999630921263767921e-04,1.427574911029704126e-04
5.379732264711510441e-04,1.439530891419029746e-04
4.775964545329065380e-04,1.453886649269930074e-04
4.320403786679333983e-04,1.484730342845538332e-04
2.482138776439099157e-04,1.499565733657415214e-04
2.745483827302782980e-04,1.513212858476062155e-04
1.840370360105281775e-04,1.497587354140940408e-04
9.879068858583858433e-05,1.396573996399316428e-04
1.928112236777386652e-04,1.161267777049643305e-04
1.249032157183079829e-04,1.167897630198682859e-04
1.548885924780745750e-04,1.919456313861479877e-04
1.077891642973694317e-04,2.454369729298126420e-04
2.793197171690686383e-04,3.058408010143401834e-04
2.770734402760043698e-04,4.036912125270903490e-04
2.201452917189563512e-04,3.854168225768737736e-04
3.202118694330862228e-04,4.538019202385565136e-04
4.131901361219060846e-04,4.918070732802865995e-04
3.945013766127291308e-04,6.135465072184775838e-04
3.698905499904478218e-04,6.582781564399491992e-04
3.626115490593793847e-04,7.362516927512030226e-04
2.777978772680928421e-04,9.614394104046565699e-04
6.445224991679331366e-05,9.551316814316212133e-04
4.210390556869766281e-04,1.091850133387879413e-03
4.187122332726278431e-04,1.239347885975449707e-03
4.147915200535106381e-04,1.258746940671004238e-03
7.106129022692042347e-04,1.403360404914921885e-03
6.829693321087887794e-04,1.321762403977805615e-03
7.522843790196302250e-04,1.249362787929534074e-03
9.484078789804323457e-04,1.180240521483802906e-03
9.216277101113519400e-04,1.196471691694512380e-03
1.030990786218414449e-03,1.101640720286761093e-03
1.116573255769189293e-03,1.093724728229990978e-03
1.374682503204367181e-03,1.054924254431971421e-03
1.289673419441386866e-03,8.974203601300853768e-04
1.347627142888203552e-03,9.963932636158157399e-04
1.256676546695099537e-03,9.549019529636933873e-04
1.344767931975194468e-03,8.899519042923319245e-04
1.349960864019830384e-03,8.641607012651784069e-04
1.242613571391275708e-03,8.317110819059039947e-04
1.338686816844614474e-03,8.027349459878637154e-04
1.360291837782506364e-03,7.441839161783288812e-04
1.371071203110728071e-03,7.373087472227565385e-04
1.387076629767291808e-03,7.051116868951705363e-04
1.375836766411782852e-03,6.955119767466414697e-04
1.395347704204457891e-03,6.792153301967208175e-04
1.410914491917278270e-03,6.732311787513115420e-04
1.241498671357185290e-03,6.506728016541051115e-04
1.085818644590458596e-03,6.183191417312448911e-04
9.345808123085349575e-04,6.013074851474113202e-04
8.027453441435147916e-04,7.080653746783858830e-04
8.660508199675959282e-04,6.449556031087683378e-04
8.184671078598655929e-04,6.414917446056284589e-04
6.645650555823406956e-04,6.347252434546095997e-04
6.850904033777994399e-04,5.954189890712373572e-04
3.850454110042572501e-04,5.413002340190958611e-04
4.251026705751264159e-04,4.604084199068019163e-04
3.555719541622468817e-04,3.149013874850409333e-04
2.752605556308293684e-04,2.004665425704211016e-04
3.148047498787502033e-04,2.180401232785956036e-04
2.775939401091259326e-04,1.954081293112227505e-04
2.796404879458102752e-04,1.612839777838187495e-04
2.333379900899467882e-04,1.199796097670547041e-04
2.306217294027402740e-04,1.130619895163662188e-04
2.114984476568717903e-04,1.352108882025047920e-04
1.635540808698397958e-04,2.825484187629594005e-04
9.237434781773130215e-05,2.971428904962999853e-04
7.561027329376906071e-05,3.738427973231673858e-04
1.094973095376088680e-04,4.900583565164805385e-04
2.309849743322179032e-04,4.740327310251038311e-04
3.107786932433833239e-04,5.378003041709554120e-04
3.395160668712219861e-04,6.633395636417336412e-04
5.463349963011582093e-04,7.178887184482926880e-04
1.902780815174884212e-04,8.025070607146556805e-04
1.293667888119007074e-04,7.954861806506941446e-04
6.168740251086683485e-05,8.929841991915692589e-04
5.638071124945768500e-05,9.974749731767624129e-04
2.149513682841155612e-04,1.045542284984028346e-03
7.214158001757209750e-05,1.148928063045377311e-03
7.176531239655215043e-05,1.140460682559727747e-03
1.461294135028479255e-04,1.176793506274443788e-03
1.856965769573732403e-04,1.313153087027576398e-03
1.635917464784265570e-04,1.296946872975572032e-03
1.559222173551505226e-04,1.363500926926787191e-03
1.416790140499276946e-04,1.379372677222947879e-03
1.557398255578868981e-04,1.283389377840645721e-03
1.814679441748358790e-04,1.225495065482190690e-03
1.875945649988127026e-04,1.241542248754036893e-03
1.854172394989023220e-04,1.169839966040333006e-03
1.912388169165687480e-04,1.146471928579136145e-03
2.024923368874530726e-04,1.021328117057930572e-03
2.220648643427101509e-04,9.700470174288695771e-04
2.557321670771473075e-04,8.749591389658221627e-04
2.932253299057457191e-04,8.603915271114459182e-04
3.479832464127733294e-04,7.794063299336644393e-04
4.078352832541051764e-04,7.524348515927014799e-04
4.829404727214341077e-04,7.511969612952387049e-04
4.878815574981509016e-04,7.111935116943618419e-04
4.929090064292577676e-04,6.893920982348944373e-04
4.921602468438470704e-04,6.555369562178510684e-04
5.018062839350932508e-04,6.003113184192897071e-04
4.993911955313608134e-04,5.158046294099157035e-04
5.309816951041787829e-04,4.656125644917204166e-04
6.076167400492678023e-04,4.428156698895236213e-04
7.166960551590565321e-04,3.774165123694553413e-04
8.403318993843354951e-04,2.650696204989186236e-04
8.861819719969429941e-04,1.954568377683045652e-04
1.121376861955969591e-03,1.207625969108446932e-04
1.118603729899395180e-03,1.855142753957842881e-04
1.306251716863631200e-03,1.510878621632426799e-04
1.209989076712486046e-03,1.128436474555545598e-04
1.371275542004212486e-03,1.129015534280775849e-04
1.273688665938195680e-03,1.191209253091760669e-04
1.182889746117245146e-03,1.477631579177110001e-04
7.784356496941850171e-04,1.747419450715684611e-04
9.234706429344674040e-04,2.135520461470177302e-04
7.306941967966794783e-04,3.002043904086024607e-04
6.089300171392254086e-04,3.061869032589920286e-04
4.038844527728553116e-04,3.922689774044744461e-04
4.975696194459235978e-04,4.190551473392313021e-04
2.852477190998776004e-04,5.808964787445490118e-04
5.888692128927725325e-05,5.533676789599153382e-04
1.060163373042606090e-04,5.436947666336692554e-04
5.856674366194850349e-05,5.588053973696453271e-04
1.193316830934832806e-04,5.960731244564499440e-04
4.621163765472794055e-04,6.383075277281921589e-04
5.970563311259560789e-04,6.947194599866704989e-04
4.335978275790726834e-04,7.549633499082901563e-04
6.859466935589924588e-04,8.643494792026218529e-04
1.008090357205054062e-03,8.791581637957964802e-04
1.049599147450864904e-03,8.864185517148972203e-04
1.089132674954430054e-03,9.189382165833430600e-04
1.034564867055515029e-03,9.664353549766652217e-04
1.384211851094997855e-03,9.699154358606099872e-04
1.017623056835891514e-03,9.866579123443276322e-04
9.271097892653911788e-04,9.988477081584417987e-04
7.135517097445693083e-04,1.009284121246315554e-03
6.434995112812435386e-04,1.021076243384101820e-03
3.710408849134652566e-04,1.029581854858382765e-03
3.354088624717403862e-04,1.041274111045506360e-03
5.875283992995695542e-05,1.039845705710067819e-03
8.785275758587224825e-05,1.040114376181450325e-03
8.743009851937661142e-05,1.023075271187777772e-03
3.898451515510777230e-04,1.000568847826779992e-03
2.898015529456665347e-04,9.876549982622618348e-04
4.559712224731568694e-04,9.927458340231252575e-04
5.383614770922465730e-04,9.658829110819564532e-04
6.442990009673588755e-04,1.052658001279770062e-03
7.669708283267047096e-04,1.066198109459369275e-03
1.217082937273656880e-03,1.063663096808920971e-03
1.211662743311139054e-03,1.080017380858742503e-03
1.163817967187669731e-03,1.115360898795508858e-03
1.337120460923455455e-03,1.105610594706119129e-03
1.354269668237718157e-03,1.113722581022436693e-03
1.383001032473433686e-03,1.119160752220740027e-03
1.383534113391827894e-03,1.123943887642772730e-03
1.315478141582410642e-03,1.158674626628192639e-03
1.141712632071161708e-03,1.137949680329603495e-03
1.256241307736005687e-03,1.140084683319158611e-03
1.227514689324303229e-03,1.157626036584889556e-03
1.128209321510485145e-03,1.167117688718634274e-03
1.128614955688337501e-03,1.201649776829380499e-03
1.070668730030226688e-03,1.208283324974578164e-03
1.102527921899139774e-03,1.230834927107307469e-03
1.089255064901172021e-03,1.220948409619109594e-03
1.073506165930704402e-03,1.223845297591371565e-03
1.092941511243054669e-03,1.227075942221281246e-03
1.131617949288547201e-03,1.245616004488670023e-03
1.147472314225859817e-03,1.291052806168499142e-03
1.140248355039566713e-03,1.285454790664786792e-03
1.155797342678009524e-03,1.280787213869541679e-03
1.212539834901368418e-03,1.291582348492003153e-03
1.226935265436783409e-03,1.307174191130829185e-03
1.222964161563803347e-03,1.315394881175717358e-03
1.251536191324418906e-03,1.319686291255210741e-03
1.261024841813324473e-03,1.360414462595136787e-03
1.252873669496711376e-03,1.337988478577693341e-03
1.231652373508909529e-03,1.346895843180411639e-03
1.201749576816725463e-03,1.352861931317605191e-03
1.193041650370494809e-03,1.365355547415688037e-03
1.196997343409408974e-03,1.364151875210194110e-03
1.214195332648010210e-03,1.415039173515859981e-03
1.248790104688210631e-03,1.410022879287971785e-03
1.349684919925896176e-03,1.418815911027605054e-03
1.295332359090081622e-03,1.409983340999814609e-03
9.532665535121942263e-04,1.398329737573880249e-03
7.980851091980618612e-04,1.402868687942053190e-03
6.405987514337150917e-04,1.401650727575287072e-03
6.123767360968103294e-04,1.399488096065672942e-03
7.089375613231550365e-04,1.400235299803267823e-03
6.616927840273385689e-04,1.406402948124846385e-03
6.111716704473103877e-04,1.403151223097528133e-03
6.100250385596662443e-04,1.400777621651166710e-03
6.045020413632781796e-04,1.394521946840562463e-03
6.268418954491463075e-04,1.384419422708821519e-03
8.295108096050239632e-04,1.382539968925833567e-03
8.295052093568252996e-04,1.383771969150659033e-03
8.677125747641736223e-04,1.387294891991749631e-03
1.066208800267480451e-03,1.388637619755185180e-03
1.201331893020230390e-03,1.383619129658819917e-03
1.231100986050859400e-03,1.395329413997115292e-03
1.389442406541271631e-03,1.398137836188312420e-03
1.398021793225151087e-03,1.395753235514290589e-03
1.368555824146536204e-03,1.396351267645321373e-03
1.276901559853270722e-03,1.401086993827613909e-03
9.263616929598109551e-04,1.401905716089861835e-03
9.061917585386175360e-04,1.405756520435951906e-03
9.613968253789320802e-04,1.406135540503126394e-03
9.599949944610780854e-04,1.406141080962147651e-03
6.562111123836662525e-04,1.407153416934180936e-03
8.160143707832004725e-04,1.415274111393408389e-03
8.145223656143291005e-04,1.418515777220651086e-03
6.601645840444891802e-04,1.414823146166302751e-03
7.437924471015172232e-04,1.407498240710904416e-03
7.688223123371204200e-04,1.401589429206136737e-03
6.558662142396855200e-04,1.392261971688719176e-03
6.437973461100030600e-04,1.386421945631226412e-03
7.010507329853469432e-04,1.386541455955795504e-03
7.448266463833572940e-04,1.391248270151196863e-03
5.685913229741692372e-04,1.397341947286007960e-03
5.416364889143007169e-04,1.383068504102715401e-03
3.390687379633312718e-04,1.379229053945203601e-03
2.653436025341477083e-04,1.379083615484371717e-03
2.996475449146397772e-04,1.375492708670928224e-03
2.272164290964883500e-04,1.372451058230650780e-03
1.424452329092674432e-04,1.373128813976287783e-03
9.956597702792057650e-05,1.367058492774706445e-03
7.231003450800671268e-05,1.359539100743483971e-03
5.977650427106895792e-05,1.354384011400309659e-03
5.190028917589024551e-05,1.359251706764816282e-03
5.134452311010262020e-05,1.357321787891593422e-03
6.950974334498701967e-05,1.356894124951069655e-03
8.426903082795249788e-05,1.355999354892437146e-03
8.606355139082166568e-05,1.355411270192149412e-03
4.750625283416479920e-04,1.357594089044328062e-03
6.038864343792086937e-04,1.362343368801889002e-03
6.206574258312824981e-04,1.363719769221879551e-03
7.703113552884479449e-04,1.369810922907190942e-03
1.019523814879922047e-03,1.373363345232394379e-03
1.171991605713957555e-03,1.376670114443343668e-03
1.362605282249594162e-03,1.381115716836054308e-03
1.067207369686425274e-03,1.394291897192992185e-03
6.838386481007035101e-04,1.397636154806876146e-03
5.864200240557489695e-04,1.395539332536963354e-03
4.474084490822290822e-04,1.408448489501449219e-03
1.037095851181008547e-04,1.406041253064348358e-03
2.756228834188640471e-04,1.388940433291270668e-03
1.044485699227373538e-04,1.387001001919534095e-03
5.181147201502118771e-05,1.367921650967434278e-03
8.463334875460591102e-05,1.359368718385498562e-03
5.887738850539862715e-04,1.346548194923102978e-03
5.478730646193937567e-04,1.298901823621947862e-03
5.807122702806023079e-04,1.303898361328207104e-03
5.640561184440552990e-04,1.285342847521458911e-03
5.767325746481612430e-04,1.255539149271382108e-03
6.210986091704652056e-04,1.252898708769656800e-03
6.500523435825119722e-04,1.227776160814130759e-03
6.729692335305421675e-04,1.220105704817611150e-03
6.755247639472352706e-04,1.211094836612258219e-03
6.362501544770364026e-04,1.182134897574925242e-03
5.078546371928894555e-04,1.162589960145751647e-03
1.933653683762736068e-04,1.137274686778913871e-03
1.892389315449990637e-04,1.109961541779650677e-03
1.946503523942198582e-04,1.074919550947163894e-03
1.851498688301380009e-04,1.028558926967919254e-03
2.165251386845968109e-04,1.018680400838034746e-03
1.183670641526366130e-04,9.747884320829794001e-04
1.420875861687678180e-04,9.312348433200554661e-04
1.611351840314860897e-04,8.790968414467278339e-04
1.843378756502891155e-04,8.651084013852514912e-04
2.343697462239782584e-04,8.434852064658426244e-04
3.086604325598015517e-04,8.278312876902773178e-04
2.887455351185301360e-04,8.341560545411963890e-04
3.013100973752991761e-04,8.589940706553042754e-04
2.748123457023819065e-04,9.073752791926782864e-04
3.074902094654860790e-04,9.299097300184234549e-04
3.101176005780965851e-04,9.470049991668045121e-04
2.776572824048316717e-04,9.817096758873633186e-04
2.110868113242346338e-04,9.793718667867935303e-04
2.224888485622943124e-04,9.851021900355411923e-04
2.006502056920647517e-04,9.861289226043106187e-04
1.684991941587646552e-04,9.919850917274974748e-04
1.868227190006306886e-04,9.965512651108918239e-04
2.933818771724157597e-04,1.011122687259615035e-03
3.192862134630076380e-04,1.022191247952262440e-03
3.646294742427534066e-04,1.037547023335269689e-03
4.208461306902579885e-04,1.054764940876586413e-03
5.851437617470214630e-04,1.071083371341459336e-03
6.233413374945711563e-04,1.104416226752740491e-03
7.493783842162904905e-04,1.122740599977899286e-03
8.774777776623806595e-04,1.142158726306512434e-03
9.870386356304885426e-04,1.143877062423990631e-03
1.099743442029218381e-03,1.232337709490634661e-03
1.313629997027036637e-03,1.174944582918966600e-03
1.316244446962907926e-03,1.201883274192155036e-03
1.371515222963074669e-03,1.270922137398895714e-03
1.174350056027773136e-03,1.330346563741273327e-03
1.239322934365030176e-03,1.372414079365444307e-03
1.080625184425784745e-03,1.385437499780001452e-03
8.739015107870774096e-04,1.353011730680750814e-03
8.946522302546312377e-04,1.415231916208101659e-03
7.730191479838323344e-04,1.393521811499798127e-03
7.552403585966047887e-04,1.341486454546690459e-03
6.910684780544892013e-04,1.351322454368671013e-03
5.611548857208218961e-04,1.351526315229183064e-03
5.725076783641301539e-04,1.327347934633799813e-03
4.338400993912671960e-04,1.269712097641750902e-03
3.908762460994775101e-04,1.292724214372546060e-03
3.919827677878424477e-04,1.281451707025723415e-03
3.095817112836773727e-04,1.276111331857478258e-03
2.542704091192502132e-04,1.272761225997379305e-03
2.123242643044629275e-04,1.279816874331666772e-03
2.103524416848544026e-04,1.303985792260694459e-03
1.703896185317981655e-04,1.346550618426456923e-03
1.112875087711810349e-04,1.358315093907750629e-03
5.345367464869602378e-05,1.409655512275236229e-03
2.601091299057789637e-04,1.405525720151292032e-03
2.509137263001938304e-04,1.385545918047321069e-03
4.566122367832064436e-04,1.277003368676146331e-03
7.402734547076562444e-04,1.281356930249071989e-03
9.823065544976342881e-04,1.258628022797138660e-03
1.160178455576965032e-03,1.248659324152972963e-03
1.196164651719007098e-03,1.219557640486352559e-03
1.383188587660109416e-03,1.220087996596751429e-03
1.174170255051678767e-03,1.211254692982099155e-03
1.228421708189997687e-03,1.202798907868351174e-03
1.080191014170969613e-03,1.189513171013897169e-03
7.948748370800593410e-04,1.194845996992822436e-03
6.510048325635542886e-04,1.215608543535453808e-03
5.669794679718719813e-04,1.300412261994965575e-03
4.827594129357976201e-04,1.311598206960105494e-03
3.317734732391884470e-04,1.301254736771971943e-03
4.438993293333771788e-04,1.358601266357320611e-03
4.827307352750622523e-04,1.398194431709477367e-03
4.585661015080214845e-04,1.394520318447788109e-03
