# step_dp, step_pinn
5.000000000000000278e-02,5.000000000000000278e-02
5.000000000000000278e-02,5.000000000000000278e-02
5.000000000000000278e-02,5.000000000000000278e-02
5.000000000000000278e-02,5.000000000000000278e-02
5.000000000000000278e-02,5.000000000000000278e-02
5.000000000000000278e-02,5.000000000000000278e-02
5.000000000000000278e-02,5.000000000000000278e-02
5.000000000000000278e-02,5.000000000000000278e-02
1.660138747716241880e+01,4.196285295108133084e+01
2.039068761291074668e-03,1.105559064121344748e-01
5.000000000000000278e-02,2.229770869783292309e+00
1.015759944584445584e+01,5.473990193857866150e-03
1.282441349344103825e-03,5.000000000000000278e-02
5.000000000000000278e-02,2.157612949438383887e-02
4.736339655700446127e-01,5.000000000000000278e-02
5.000000000000000278e-02,1.470606897567028858e-02
5.000000000000000278e-02,5.000000000000000278e-02
1.632127304354430875e+00,5.434196533682876806e-01
5.000000000000000278e-02,5.000000000000000278e-02
1.671627533823046019e-01,5.000000000000000278e-02
6.007117527070839902e-01,5.000000000000000278e-02
4.398702603204543427e-01,5.000000000000000278e-02
5.000000000000000278e-02,4.210311570271900172e-01
5.000000000000000278e-02,5.000000000000000278e-02
5.000000000000000278e-02,3.317033814560923360e-02
5.000000000000000278e-02,1.254403070551801669e-01
5.000000000000000278e-02,5.201660354108530449e-01
5.000000000000000278e-02,5.000000000000000278e-02
5.000000000000000278e-02,5.000000000000000278e-02
5.000000000000000278e-02,9.631103088208627094e-02
5.000000000000000278e-02,5.000000000000000278e-02
5.000000000000000278e-02,3.541043481507756829e-01
5.000000000000000278e-02,5.000000000000000278e-02
5.000000000000000278e-02,5.000000000000000278e-02
5.000000000000000278e-02,5.000000000000000278e-02
5.000000000000000278e-02,5.000000000000000278e-02
5.000000000000000278e-02,5.000000000000000278e-02
5.000000000000000278e-02,5.000000000000000278e-02
5.000000000000000278e-02,5.000000000000000278e-02
5.000000000000000278e-02,5.000000000000000278e-02
5.000000000000000278e-02,5.000000000000000278e-02
5.000000000000000278e-02,5.000000000000000278e-02
5.000000000000000278e-02,5.000000000000000278e-02
5.000000000000000278e-02,5.000000000000000278e-02
5.000000000000000278e-02,5.000000000000000278e-02
3.686997793228151687e-01,5.000000000000000278e-02
6.464172558734232465e-01,5.000000000000000278e-02
5.000000000000000278e-02,5.000000000000000278e-02
5.000000000000000278e-02,5.000000000000000278e-02
5.000000000000000278e-02,5.000000000000000278e-02
5.000000000000000278e-02,5.000000000000000278e-02
5.000000000000000278e-02,5.000000000000000278e-02
5.000000000000000278e-02,5.000000000000000278e-02
5.000000000000000278e-02,5.000000000000000278e-02
5.000000000000000278e-02,5.000000000000000278e-02
5.000000000000000278e-02,5.000000000000000278e-02
5.000000000000000278e-02,5.000000000000000278e-02
5.000000000000000278e-02,5.000000000000000278e-02
5.000000000000000278e-02,5.000000000000000278e-02
5.000000000000000278e-02,6.288061380859799598e-01
5.000000000000000278e-02,5.000000000000000278e-02
5.000000000000000278e-02,5.000000000000000278e-02
4.492699782458350888e-01,5.585824463596970046e-01
3.187689073209315493e-01,5.239072633249424182e-01
5.000000000000000278e-02,5.000000000000000278e-02
5.000000000000000278e-02,5.000000000000000278e-02
5.000000000000000278e-02,2.813546112825712764e-01
5.000000000000000278e-02,5.000000000000000278e-02
5.000000000000000278e-02,5.000000000000000278e-02
5.000000000000000278e-02,5.000000000000000278e-02
8.749885376231775203e-02,5.000000000000000278e-02
4.184926609116130236e-01,5.000000000000000278e-02
5.000000000000000278e-02,3.866103634237076925e-01
5.000000000000000278e-02,5.000000000000000278e-02
5.000000000000000278e-02,5.000000000000000278e-02
5.000000000000000278e-02,5.000000000000000278e-02
5.000000000000000278e-02,5.000000000000000278e-02
5.000000000000000278e-02,5.000000000000000278e-02
5.000000000000000278e-02,5.000000000000000278e-02
5.000000000000000278e-02,5.000000000000000278e-02
5.000000000000000278e-02,5.000000000000000278e-02
5.000000000000000278e-02,5.000000000000000278e-02
5.000000000000000278e-02,5.000000000000000278e-02
5.000000000000000278e-02,5.000000000000000278e-02
5.000000000000000278e-02,5.000000000000000278e-02
5.000000000000000278e-02,5.000000000000000278e-02
5.000000000000000278e-02,5.000000000000000278e-02
5.000000000000000278e-02,1.077153394419984034e-01
5.799701728734257822e-01,2.041138287583738886e-01
5.959964565392127378e-01,5.000000000000000278e-02
5.000000000000000278e-02,5.000000000000000278e-02
5.000000000000000278e-02,5.000000000000000278e-02
2.989112037436161273e-01,5.000000000000000278e-02
5.000000000000000278e-02,5.000000000000000278e-02
5.000000000000000278e-02,5.000000000000000278e-02
5.000000000000000278e-02,5.000000000000000278e-02
5.000000000000000278e-02,5.000000000000000278e-02
5.000000000000000278e-02,5.000000000000000278e-02
5.000000000000000278e-02,5.000000000000000278e-02
5.000000000000000278e-02,5.000000000000000278e-02
5.000000000000000278e-02,5.000000000000000278e-02
5.000000000000000278e-02,5.000000000000000278e-02
5.000000000000000278e-02,3.130500782820694883e-01
5.000000000000000278e-02,5.000000000000000278e-02
5.000000000000000278e-02,5.000000000000000278e-02
5.000000000000000278e-02,5.000000000000000278e-02
5.000000000000000278e-02,5.000000000000000278e-02
5.000000000000000278e-02,5.000000000000000278e-02
2.099153678861877259e-01,5.000000000000000278e-02
5.256781071658250815e-01,5.000000000000000278e-02
5.000000000000000278e-02,5.000000000000000278e-02
5.000000000000000278e-02,5.000000000000000278e-02
4.102118697992005458e-01,5.000000000000000278e-02
5.000000000000000278e-02,5.000000000000000278e-02
5.000000000000000278e-02,3.719692367168396796e-01
5.000000000000000278e-02,5.000000000000000278e-02
5.000000000000000278e-02,5.000000000000000278e-02
5.000000000000000278e-02,5.000000000000000278e-02
3.835879083732548489e-01,5.000000000000000278e-02
5.000000000000000278e-02,2.594819638612093637e-01
5.000000000000000278e-02,5.000000000000000278e-02
5.878611879382518168e-01,5.000000000000000278e-02
5.000000000000000278e-02,1.415618008002616779e-01
5.000000000000000278e-02,1.633044544722316027e-01
7.986157834541650624e-01,6.614709337613289275e-01
5.000000000000000278e-02,5.000000000000000278e-02
5.000000000000000278e-02,5.000000000000000278e-02
6.157161586294168654e-01,4.870805786429194817e-01
5.000000000000000278e-02,5.000000000000000278e-02
5.000000000000000278e-02,5.281158521773934300e-01
5.000000000000000278e-02,4.077287092656700085e-01
5.000000000000000278e-02,5.000000000000000278e-02
5.000000000000000278e-02,5.000000000000000278e-02
5.000000000000000278e-02,5.000000000000000278e-02
5.000000000000000278e-02,5.000000000000000278e-02
5.000000000000000278e-02,5.000000000000000278e-02
5.000000000000000278e-02,5.000000000000000278e-02
5.000000000000000278e-02,5.343012915939640006e-01
5.000000000000000278e-02,5.000000000000000278e-02
5.000000000000000278e-02,5.000000000000000278e-02
5.980031302654644776e-01,5.000000000000000278e-02
5.000000000000000278e-02,5.000000000000000278e-02
5.000000000000000278e-02,5.000000000000000278e-02
6.216481595526782700e-01,7.548432779382959756e-01
5.000000000000000278e-02,5.000000000000000278e-02
5.000000000000000278e-02,5.000000000000000278e-02
7.329147161173362734e-01,5.000000000000000278e-02
5.000000000000000278e-02,5.000000000000000278e-02
5.000000000000000278e-02,5.000000000000000278e-02
5.000000000000000278e-02,5.000000000000000278e-02
5.000000000000000278e-02,5.000000000000000278e-02
5.000000000000000278e-02,5.000000000000000278e-02
5.000000000000000278e-02,5.000000000000000278e-02
5.000000000000000278e-02,5.000000000000000278e-02
5.000000000000000278e-02,5.000000000000000278e-02
5.000000000000000278e-02,3.433980011907496466e-01
5.000000000000000278e-02,7.884963616055130908e-02
5.000000000000000278e-02,1.775810421092766100e-01
5.000000000000000278e-02,6.109499276062226869e-01
5.000000000000000278e-02,5.000000000000000278e-02
5.000000000000000278e-02,5.000000000000000278e-02
5.000000000000000278e-02,5.000000000000000278e-02
4.985245344580960247e-02,5.000000000000000278e-02
2.754892231814213832e-01,5.000000000000000278e-02
5.000000000000000278e-02,5.000000000000000278e-02
5.000000000000000278e-02,5.000000000000000278e-02
5.000000000000000278e-02,5.000000000000000278e-02
5.000000000000000278e-02,5.000000000000000278e-02
5.000000000000000278e-02,5.000000000000000278e-02
5.000000000000000278e-02,5.000000000000000278e-02
6.247979274805107730e-01,5.000000000000000278e-02
5.000000000000000278e-02,4.440520134416842679e-01
5.000000000000000278e-02,5.000000000000000278e-02
6.457508987593465477e-01,5.000000000000000278e-02
5.000000000000000278e-02,5.000000000000000278e-02
5.000000000000000278e-02,5.000000000000000278e-02
5.000000000000000278e-02,5.000000000000000278e-02
5.000000000000000278e-02,5.000000000000000278e-02
5.000000000000000278e-02,5.000000000000000278e-02
5.000000000000000278e-02,5.000000000000000278e-02
5.000000000000000278e-02,5.000000000000000278e-02
5.000000000000000278e-02,5.000000000000000278e-02
5.000000000000000278e-02,5.000000000000000278e-02
5.000000000000000278e-02,5.000000000000000278e-02
5.000000000000000278e-02,5.000000000000000278e-02
5.000000000000000278e-02,5.000000000000000278e-02
5.000000000000000278e-02,5.000000000000000278e-02
5.000000000000000278e-02,5.000000000000000278e-02
5.000000000000000278e-02,5.000000000000000278e-02
5.000000000000000278e-02,5.000000000000000278e-02
5.000000000000000278e-02,5.000000000000000278e-02
5.000000000000000278e-02,5.000000000000000278e-02
5.000000000000000278e-02,5.000000000000000278e-02
5.000000000000000278e-02,5.000000000000000278e-02
5.000000000000000278e-02,5.000000000000000278e-02
5.000000000000000278e-02,5.000000000000000278e-02
9.604059786430381440e-02,5.000000000000000278e-02
5.000000000000000278e-02,5.000000000000000278e-02
5.000000000000000278e-02,5.000000000000000278e-02
5.000000000000000278e-02,5.000000000000000278e-02
5.000000000000000278e-02,5.000000000000000278e-02
5.061997776777473756e-01,5.000000000000000278e-02
5.000000000000000278e-02,5.000000000000000278e-02
5.000000000000000278e-02,5.000000000000000278e-02
5.000000000000000278e-02,5.000000000000000278e-02
5.000000000000000278e-02,5.000000000000000278e-02
5.000000000000000278e-02,5.000000000000000278e-02
5.000000000000000278e-02,5.000000000000000278e-02
5.000000000000000278e-02,5.000000000000000278e-02
5.000000000000000278e-02,5.000000000000000278e-02
5.000000000000000278e-02,5.000000000000000278e-02
5.000000000000000278e-02,5.000000000000000278e-02
5.000000000000000278e-02,5.000000000000000278e-02
5.000000000000000278e-02,5.000000000000000278e-02
5.000000000000000278e-02,5.000000000000000278e-02
5.000000000000000278e-02,4.442863641058837909e-01
5.000000000000000278e-02,5.000000000000000278e-02
5.000000000000000278e-02,5.000000000000000278e-02
5.000000000000000278e-02,5.000000000000000278e-02
5.000000000000000278e-02,5.000000000000000278e-02
5.000000000000000278e-02,5.000000000000000278e-02
5.000000000000000278e-02,5.000000000000000278e-02
5.000000000000000278e-02,2.519091733212179829e-01
5.000000000000000278e-02,2.028189036559412128e-01
5.000000000000000278e-02,5.000000000000000278e-02
5.000000000000000278e-02,5.000000000000000278e-02
5.000000000000000278e-02,5.000000000000000278e-02
5.000000000000000278e-02,1.328184997685427360e-01
5.000000000000000278e-02,5.000000000000000278e-02
5.000000000000000278e-02,5.000000000000000278e-02
5.000000000000000278e-02,5.000000000000000278e-02
2.078889031779355356e+00,5.000000000000000278e-02
5.000000000000000278e-02,5.000000000000000278e-02
7.521024977779565412e-02,5.000000000000000278e-02
7.807900957640615536e-01,4.749575170545820013e-01
5.229213671255846796e-01,6.376616125255680778e-01
1.874923037999260689e-01,5.000000000000000278e-02
5.000000000000000278e-02,5.000000000000000278e-02
5.000000000000000278e-02,5.000000000000000278e-02
5.000000000000000278e-02,3.213395597478299615e-01
5.000000000000000278e-02,5.000000000000000278e-02
5.087177151414359333e-01,5.000000000000000278e-02
5.000000000000000278e-02,9.562552732105505937e-02
5.000000000000000278e-02,5.632292022912599450e-02
5.000000000000000278e-02,6.022316270983470166e-02
5.000000000000000278e-02,1.892024193987262293e-01
3.986005311196442746e-01,5.000000000000000278e-02
5.000000000000000278e-02,5.000000000000000278e-02
5.000000000000000278e-02,5.000000000000000278e-02
6.364737386844698808e-01,5.000000000000000278e-02
5.000000000000000278e-02,5.000000000000000278e-02
5.000000000000000278e-02,5.000000000000000278e-02
5.000000000000000278e-02,5.000000000000000278e-02
3.759572796598084077e-01,5.000000000000000278e-02
6.559429113509226417e-01,6.985999781146258469e-02
5.000000000000000278e-02,1.215039617460857840e-01
5.000000000000000278e-02,2.186687460014147544e-01
5.000000000000000278e-02,5.000000000000000278e-02
5.000000000000000278e-02,5.000000000000000278e-02
6.551098585791705897e-01,5.000000000000000278e-02
5.000000000000000278e-02,5.000000000000000278e-02
5.000000000000000278e-02,5.000000000000000278e-02
5.000000000000000278e-02,5.000000000000000278e-02
5.000000000000000278e-02,5.000000000000000278e-02
5.000000000000000278e-02,5.916514263349578195e-01
4.182173795815662953e-01,5.000000000000000278e-02
5.000000000000000278e-02,5.000000000000000278e-02
5.000000000000000278e-02,5.446313297560763378e-02
3.572068968116241111e-02,2.704872033579154844e-01
4.139474698463989077e-01,5.000000000000000278e-02
5.000000000000000278e-02,5.000000000000000278e-02
5.000000000000000278e-02,5.000000000000000278e-02
5.000000000000000278e-02,5.000000000000000278e-02
5.000000000000000278e-02,5.000000000000000278e-02
4.617748297931133505e-01,5.741914750429823189e-02
5.000000000000000278e-02,5.475063125153632748e-02
5.000000000000000278e-02,3.474735847547190115e-01
5.000000000000000278e-02,5.000000000000000278e-02
5.000000000000000278e-02,5.000000000000000278e-02
5.000000000000000278e-02,5.000000000000000278e-02
5.000000000000000278e-02,5.000000000000000278e-02
5.000000000000000278e-02,5.000000000000000278e-02
5.000000000000000278e-02,1.307235863186992642e-01
5.000000000000000278e-02,2.301364729806946174e-01
5.000000000000000278e-02,5.000000000000000278e-02
5.000000000000000278e-02,5.000000000000000278e-02
5.000000000000000278e-02,5.000000000000000278e-02
6.929030279062763364e-01,5.000000000000000278e-02
5.000000000000000278e-02,5.000000000000000278e-02
5.000000000000000278e-02,5.000000000000000278e-02
5.000000000000000278e-02,5.000000000000000278e-02
5.000000000000000278e-02,5.000000000000000278e-02
5.000000000000000278e-02,5.000000000000000278e-02
5.000000000000000278e-02,5.000000000000000278e-02
5.000000000000000278e-02,5.000000000000000278e-02
5.000000000000000278e-02,5.000000000000000278e-02
5.000000000000000278e-02,5.000000000000000278e-02
5.000000000000000278e-02,2.837006077423329664e-01
5.000000000000000278e-02,5.000000000000000278e-02
5.000000000000000278e-02,5.000000000000000278e-02
5.000000000000000278e-02,5.000000000000000278e-02
5.000000000000000278e-02,5.000000000000000278e-02
5.000000000000000278e-02,5.000000000000000278e-02
5.000000000000000278e-02,5.000000000000000278e-02
5.000000000000000278e-02,5.000000000000000278e-02
5.000000000000000278e-02,5.000000000000000278e-02
5.000000000000000278e-02,5.000000000000000278e-02
5.000000000000000278e-02,5.000000000000000278e-02
5.000000000000000278e-02,2.322402939783632658e-01
5.000000000000000278e-02,5.000000000000000278e-02
5.000000000000000278e-02,5.000000000000000278e-02
3.412656934755087801e-01,5.000000000000000278e-02
5.000000000000000278e-02,5.000000000000000278e-02
5.000000000000000278e-02,5.000000000000000278e-02
5.000000000000000278e-02,5.000000000000000278e-02
5.261935941383055759e-01,5.000000000000000278e-02
5.000000000000000278e-02,5.000000000000000278e-02
5.000000000000000278e-02,5.000000000000000278e-02
1.050224032374774269e-01,5.000000000000000278e-02
1.157871083362276843e-01,5.082763892182453613e-01
6.148578755400740947e-01,5.000000000000000278e-02
5.000000000000000278e-02,5.000000000000000278e-02
5.000000000000000278e-02,5.000000000000000278e-02
5.000000000000000278e-02,5.000000000000000278e-02
5.000000000000000278e-02,5.000000000000000278e-02
5.000000000000000278e-02,5.000000000000000278e-02
4.468655354514017852e-01,5.000000000000000278e-02
5.000000000000000278e-02,5.000000000000000278e-02
5.000000000000000278e-02,5.000000000000000278e-02
5.000000000000000278e-02,5.000000000000000278e-02
5.000000000000000278e-02,5.000000000000000278e-02
5.000000000000000278e-02,5.000000000000000278e-02
5.000000000000000278e-02,5.000000000000000278e-02
5.000000000000000278e-02,5.000000000000000278e-02
1.694059116876362181e-01,5.000000000000000278e-02
3.241733923299833786e-01,5.000000000000000278e-02
5.000000000000000278e-02,5.000000000000000278e-02
5.000000000000000278e-02,5.000000000000000278e-02
5.000000000000000278e-02,5.000000000000000278e-02
5.000000000000000278e-02,5.000000000000000278e-02
5.000000000000000278e-02,3.225600101636592054e-01
5.000000000000000278e-02,5.000000000000000278e-02
5.000000000000000278e-02,5.472131399191366707e-01
3.518171329896950805e-01,3.902673840099618041e-01
5.000000000000000278e-02,3.444564261753719214e-01
5.000000000000000278e-02,5.000000000000000278e-02
5.000000000000000278e-02,5.000000000000000278e-02
5.000000000000000278e-02,5.000000000000000278e-02
5.000000000000000278e-02,4.951681227955939124e-01
5.000000000000000278e-02,3.499175454210010638e-01
5.000000000000000278e-02,5.000000000000000278e-02
2.526118319452954064e-01,5.218007615392967757e-01
5.000000000000000278e-02,5.000000000000000278e-02
5.000000000000000278e-02,5.000000000000000278e-02
5.000000000000000278e-02,5.000000000000000278e-02
5.000000000000000278e-02,5.472422926295369416e-01
5.000000000000000278e-02,5.828492458881834315e-01
5.000000000000000278e-02,5.000000000000000278e-02
5.000000000000000278e-02,5.000000000000000278e-02
5.000000000000000278e-02,5.000000000000000278e-02
5.000000000000000278e-02,5.000000000000000278e-02
5.000000000000000278e-02,5.000000000000000278e-02
5.000000000000000278e-02,5.000000000000000278e-02
5.000000000000000278e-02,4.704880586588704450e-01
5.000000000000000278e-02,5.000000000000000278e-02
5.000000000000000278e-02,5.000000000000000278e-02
5.000000000000000278e-02,5.000000000000000278e-02
5.000000000000000278e-02,5.000000000000000278e-02
5.000000000000000278e-02,5.000000000000000278e-02
5.000000000000000278e-02,5.000000000000000278e-02
5.000000000000000278e-02,5.000000000000000278e-02
5.000000000000000278e-02,5.000000000000000278e-02
5.000000000000000278e-02,5.000000000000000278e-02
5.000000000000000278e-02,5.000000000000000278e-02
5.000000000000000278e-02,5.000000000000000278e-02
5.000000000000000278e-02,3.530857173982865915e-01
5.000000000000000278e-02,2.060571131456569727e-01
5.000000000000000278e-02,5.000000000000000278e-02
5.707474764293233305e-01,5.000000000000000278e-02
5.000000000000000278e-02,5.000000000000000278e-02
5.000000000000000278e-02,8.450502645539489932e-02
5.000000000000000278e-02,2.329047214735595894e-01
5.000000000000000278e-02,5.000000000000000278e-02
5.000000000000000278e-02,5.000000000000000278e-02
5.156327767360885383e-01,5.000000000000000278e-02
5.000000000000000278e-02,5.000000000000000278e-02
5.000000000000000278e-02,5.000000000000000278e-02
5.000000000000000278e-02,5.000000000000000278e-02
5.000000000000000278e-02,5.000000000000000278e-02
5.000000000000000278e-02,1.352738504248483520e-01
5.000000000000000278e-02,5.000000000000000278e-02
5.000000000000000278e-02,5.000000000000000278e-02
3.527281034537491644e-01,7.951915680319250612e-02
5.000000000000000278e-02,2.156166206162166421e-01
5.000000000000000278e-02,3.547628429744300593e-01
5.000000000000000278e-02,5.000000000000000278e-02
5.000000000000000278e-02,5.000000000000000278e-02
2.598125686469797135e-01,5.000000000000000278e-02
6.987673808286348764e-01,5.000000000000000278e-02
5.000000000000000278e-02,5.000000000000000278e-02
5.000000000000000278e-02,5.000000000000000278e-02
5.000000000000000278e-02,5.000000000000000278e-02
5.000000000000000278e-02,5.000000000000000278e-02
5.000000000000000278e-02,2.905012626415615640e-01
3.372945665095959389e-01,6.418633028265247065e-01
5.000000000000000278e-02,5.000000000000000278e-02
5.000000000000000278e-02,5.000000000000000278e-02
5.000000000000000278e-02,5.000000000000000278e-02
5.000000000000000278e-02,5.000000000000000278e-02
5.000000000000000278e-02,5.000000000000000278e-02
5.000000000000000278e-02,5.000000000000000278e-02
5.000000000000000278e-02,5.000000000000000278e-02
5.000000000000000278e-02,5.000000000000000278e-02
4.357034719844289916e-01,5.000000000000000278e-02
5.000000000000000278e-02,5.000000000000000278e-02
5.000000000000000278e-02,5.000000000000000278e-02
5.000000000000000278e-02,5.000000000000000278e-02
5.000000000000000278e-02,5.000000000000000278e-02
5.000000000000000278e-02,4.081983341466423054e-01
5.000000000000000278e-02,5.000000000000000278e-02
5.000000000000000278e-02,5.000000000000000278e-02
5.000000000000000278e-02,5.000000000000000278e-02
5.000000000000000278e-02,5.000000000000000278e-02
5.000000000000000278e-02,5.000000000000000278e-02
5.000000000000000278e-02,5.000000000000000278e-02
5.000000000000000278e-02,5.000000000000000278e-02
2.651016771623510571e-01,5.000000000000000278e-02
5.000000000000000278e-02,5.000000000000000278e-02
5.000000000000000278e-02,5.000000000000000278e-02
5.000000000000000278e-02,5.000000000000000278e-02
5.000000000000000278e-02,5.000000000000000278e-02
3.378351352047602174e-01,5.000000000000000278e-02
5.000000000000000278e-02,5.000000000000000278e-02
5.000000000000000278e-02,5.000000000000000278e-02
5.000000000000000278e-02,5.000000000000000278e-02
5.506760717017123580e-02,5.000000000000000278e-02
1.469127153356578341e-01,5.000000000000000278e-02
1.676254338723541515e-01,5.000000000000000278e-02
5.000000000000000278e-02,5.000000000000000278e-02
4.827676276951723966e-01,2.776952343160919989e-01
5.000000000000000278e-02,5.177148990057951483e-01
5.000000000000000278e-02,5.000000000000000278e-02
5.000000000000000278e-02,5.000000000000000278e-02
5.000000000000000278e-02,4.885617132138681540e-01
5.056988866631866308e-01,5.000000000000000278e-02
5.000000000000000278e-02,5.000000000000000278e-02
5.000000000000000278e-02,5.000000000000000278e-02
5.000000000000000278e-02,4.122526843003285202e-01
5.000000000000000278e-02,5.000000000000000278e-02
5.000000000000000278e-02,5.000000000000000278e-02
5.000000000000000278e-02,3.969761939280966878e-01
2.029664792597168921e-01,5.000000000000000278e-02
5.000000000000000278e-02,5.000000000000000278e-02
5.000000000000000278e-02,5.000000000000000278e-02
5.000000000000000278e-02,3.783223684012418375e-02
2.184024730298896877e-01,2.624240666539268130e-01
7.221139295025773286e-02,4.187525214596728440e-01
5.667088709054045603e-01,5.000000000000000278e-02
5.000000000000000278e-02,5.000000000000000278e-02
5.000000000000000278e-02,5.000000000000000278e-02
1.550815851355566433e-01,5.000000000000000278e-02
5.833094483095317972e-01,5.000000000000000278e-02
5.000000000000000278e-02,5.000000000000000278e-02
5.000000000000000278e-02,2.009021610260665058e-01
5.000000000000000278e-02,5.000000000000000278e-02
4.707886890886432418e-01,5.000000000000000278e-02
5.000000000000000278e-02,5.000000000000000278e-02
5.000000000000000278e-02,5.000000000000000278e-02
5.000000000000000278e-02,5.000000000000000278e-02
5.000000000000000278e-02,1.407382408962203346e-01
5.000000000000000278e-02,7.596962222146307342e-01
5.000000000000000278e-02,5.000000000000000278e-02
6.307313491526507221e-01,5.000000000000000278e-02
5.000000000000000278e-02,5.000000000000000278e-02
5.000000000000000278e-02,5.000000000000000278e-02
5.133296148569422845e-01,5.488280766919219067e-01
2.039825730251111635e-01,5.000000000000000278e-02
5.000000000000000278e-02,5.000000000000000278e-02
5.000000000000000278e-02,4.821552359084844142e-01
5.000000000000000278e-02,5.000000000000000278e-02
5.000000000000000278e-02,5.000000000000000278e-02
5.000000000000000278e-02,5.000000000000000278e-02
5.000000000000000278e-02,5.000000000000000278e-02
5.000000000000000278e-02,5.000000000000000278e-02
5.000000000000000278e-02,5.000000000000000278e-02
5.000000000000000278e-02,5.000000000000000278e-02
5.000000000000000278e-02,5.000000000000000278e-02
5.000000000000000278e-02,2.658635960812998356e-01
5.000000000000000278e-02,5.000000000000000278e-02
5.000000000000000278e-02,3.353416544406113142e-01
5.000000000000000278e-02,5.000000000000000278e-02
5.000000000000000278e-02,5.000000000000000278e-02
5.000000000000000278e-02,5.000000000000000278e-02
5.000000000000000278e-02,1.651290066116628819e-01
5.000000000000000278e-02,2.999956254332891703e-01
5.000000000000000278e-02,5.000000000000000278e-02
5.000000000000000278e-02,5.000000000000000278e-02
5.000000000000000278e-02,5.000000000000000278e-02
5.000000000000000278e-02,4.979778893126793893e-01
5.000000000000000278e-02,5.000000000000000278e-02
5.000000000000000278e-02,5.000000000000000278e-02
5.000000000000000278e-02,7.172068574149887965e-01
6.926681880406496683e-01,5.000000000000000278e-02
5.000000000000000278e-02,5.000000000000000278e-02
5.000000000000000278e-02,5.000000000000000278e-02
2.444278060727743118e-01,5.000000000000000278e-02
5.000000000000000278e-02,5.000000000000000278e-02
5.000000000000000278e-02,5.000000000000000278e-02
5.000000000000000278e-02,5.000000000000000278e-02
5.000000000000000278e-02,2.168091118437980025e-01
5.000000000000000278e-02,5.000000000000000278e-02
5.000000000000000278e-02,5.000000000000000278e-02
5.000000000000000278e-02,5.000000000000000278e-02
5.000000000000000278e-02,5.000000000000000278e-02
5.000000000000000278e-02,5.000000000000000278e-02
5.000000000000000278e-02,5.000000000000000278e-02
5.000000000000000278e-02,5.000000000000000278e-02
5.000000000000000278e-02,5.000000000000000278e-02
5.000000000000000278e-02,5.000000000000000278e-02
5.000000000000000278e-02,5.000000000000000278e-02
5.000000000000000278e-02,3.719632586244174810e-01
5.700632009613594287e-01,5.000000000000000278e-02
4.993977157992419147e-01,5.000000000000000278e-02
3.967069358527690048e-01,5.000000000000000278e-02
5.000000000000000278e-02,5.000000000000000278e-02
5.000000000000000278e-02,5.000000000000000278e-02
5.000000000000000278e-02,5.000000000000000278e-02
5.000000000000000278e-02,5.000000000000000278e-02
5.000000000000000278e-02,5.000000000000000278e-02
5.000000000000000278e-02,5.000000000000000278e-02
5.000000000000000278e-02,5.000000000000000278e-02
5.000000000000000278e-02,5.000000000000000278e-02
5.000000000000000278e-02,5.000000000000000278e-02
5.000000000000000278e-02,5.000000000000000278e-02
5.000000000000000278e-02,5.000000000000000278e-02
5.000000000000000278e-02,5.000000000000000278e-02
5.000000000000000278e-02,5.000000000000000278e-02
5.000000000000000278e-02,5.000000000000000278e-02
5.000000000000000278e-02,5.000000000000000278e-02
5.000000000000000278e-02,5.000000000000000278e-02
5.000000000000000278e-02,5.000000000000000278e-02
5.000000000000000278e-02,5.000000000000000278e-02
5.000000000000000278e-02,5.000000000000000278e-02
5.000000000000000278e-02,5.000000000000000278e-02
5.000000000000000278e-02,5.000000000000000278e-02
5.000000000000000278e-02,5.000000000000000278e-02
3.422742054363758224e-01,5.000000000000000278e-02
5.000000000000000278e-02,5.000000000000000278e-02
5.000000000000000278e-02,5.000000000000000278e-02
5.000000000000000278e-02,5.587193372811548320e-02
4.298574050292031656e-01,2.347341011150730350e-01
5.000000000000000278e-02,3.812931160256624596e-01
5.000000000000000278e-02,5.000000000000000278e-02
4.938600606552635136e-02,5.000000000000000278e-02
5.914571228408944670e-01,2.325388296051605352e-01
5.818506156437993626e-01,5.000000000000000278e-02
4.198648713046329028e-01,5.000000000000000278e-02
5.000000000000000278e-02,5.000000000000000278e-02
5.000000000000000278e-02,4.141006414771336575e-01
4.464399759022293912e-01,4.505405134766181097e-01
5.000000000000000278e-02,6.789524858232884874e-01
5.000000000000000278e-02,5.000000000000000278e-02
5.000000000000000278e-02,5.000000000000000278e-02
5.000000000000000278e-02,5.000000000000000278e-02
5.000000000000000278e-02,4.881701732154651308e-01
5.000000000000000278e-02,5.000000000000000278e-02
5.000000000000000278e-02,5.000000000000000278e-02
5.000000000000000278e-02,5.000000000000000278e-02
5.000000000000000278e-02,5.000000000000000278e-02
5.426691512844761256e-01,5.000000000000000278e-02
5.000000000000000278e-02,5.000000000000000278e-02
5.000000000000000278e-02,5.000000000000000278e-02
5.000000000000000278e-02,5.000000000000000278e-02
5.000000000000000278e-02,5.000000000000000278e-02
5.000000000000000278e-02,2.679116894656978776e-01
5.000000000000000278e-02,2.518518601564680437e-01
5.000000000000000278e-02,5.000000000000000278e-02
5.000000000000000278e-02,6.747875432960938336e-02
3.673556062787192156e-01,4.448726669319644222e-01
5.000000000000000278e-02,5.000000000000000278e-02
5.270964282073803409e-01,5.000000000000000278e-02
5.000000000000000278e-02,1.534240951348490867e-01
5.000000000000000278e-02,2.235292541811805811e-01
5.000000000000000278e-02,5.000000000000000278e-02
3.228691238863315438e-01,5.000000000000000278e-02
5.000000000000000278e-02,5.000000000000000278e-02
5.000000000000000278e-02,5.000000000000000278e-02
5.000000000000000278e-02,5.000000000000000278e-02
5.000000000000000278e-02,5.000000000000000278e-02
5.000000000000000278e-02,5.000000000000000278e-02
1.792826938826757310e-01,6.879826219708919111e-02
5.000000000000000278e-02,1.032975692950516416e-01
5.000000000000000278e-02,2.064566359467635281e-01
5.000000000000000278e-02,5.000000000000000278e-02
5.000000000000000278e-02,5.000000000000000278e-02
5.000000000000000278e-02,5.000000000000000278e-02
5.000000000000000278e-02,5.000000000000000278e-02
7.496539879731362044e-01,5.000000000000000278e-02
5.000000000000000278e-02,5.000000000000000278e-02
5.000000000000000278e-02,5.000000000000000278e-02
3.207940299590085753e-01,5.000000000000000278e-02
5.000000000000000278e-02,5.000000000000000278e-02
5.000000000000000278e-02,4.833306479644395304e-01
5.575985148007300829e-01,5.000000000000000278e-02
5.000000000000000278e-02,5.000000000000000278e-02
5.000000000000000278e-02,5.000000000000000278e-02
5.000000000000000278e-02,5.000000000000000278e-02
5.000000000000000278e-02,6.461550069827681764e-01
1.626515571999246068e-01,5.000000000000000278e-02
5.000000000000000278e-02,5.979207219807233242e-01
5.000000000000000278e-02,5.000000000000000278e-02
2.766744061150333556e-01,5.000000000000000278e-02
1.002343385556011129e-01,5.000000000000000278e-02
5.239222067357810486e-01,5.000000000000000278e-02
5.000000000000000278e-02,5.000000000000000278e-02
5.000000000000000278e-02,5.000000000000000278e-02
5.000000000000000278e-02,5.000000000000000278e-02
5.000000000000000278e-02,4.674200017807770835e-01
5.834674034535439757e-01,5.000000000000000278e-02
5.000000000000000278e-02,5.000000000000000278e-02
5.000000000000000278e-02,5.000000000000000278e-02
5.000000000000000278e-02,5.000000000000000278e-02
5.000000000000000278e-02,5.000000000000000278e-02
5.000000000000000278e-02,5.805284019191515599e-01
5.000000000000000278e-02,5.000000000000000278e-02
5.000000000000000278e-02,5.000000000000000278e-02
5.000000000000000278e-02,4.956384413908455633e-01
5.000000000000000278e-02,2.933447712460182100e-01
5.000000000000000278e-02,5.000000000000000278e-02
5.000000000000000278e-02,5.000000000000000278e-02
3.212463858917941617e-01,5.000000000000000278e-02
5.000000000000000278e-02,5.000000000000000278e-02
5.000000000000000278e-02,5.000000000000000278e-02
5.000000000000000278e-02,5.000000000000000278e-02
5.000000000000000278e-02,5.000000000000000278e-02
5.000000000000000278e-02,5.000000000000000278e-02
5.000000000000000278e-02,5.000000000000000278e-02
6.170930821134916755e-01,5.000000000000000278e-02
5.000000000000000278e-02,5.000000000000000278e-02
5.000000000000000278e-02,5.000000000000000278e-02
5.000000000000000278e-02,2.986131443895852500e-01
5.000000000000000278e-02,5.000000000000000278e-02
5.000000000000000278e-02,3.749218924441151679e-01
6.299450715286524227e-01,5.000000000000000278e-02
5.000000000000000278e-02,5.000000000000000278e-02
5.000000000000000278e-02,5.000000000000000278e-02
7.487021391954453708e-01,5.000000000000000278e-02
5.000000000000000278e-02,5.000000000000000278e-02
5.000000000000000278e-02,5.000000000000000278e-02
5.000000000000000278e-02,5.000000000000000278e-02
5.000000000000000278e-02,3.126235805011782221e-01
5.000000000000000278e-02,5.000000000000000278e-02
5.000000000000000278e-02,5.000000000000000278e-02
5.000000000000000278e-02,5.000000000000000278e-02
5.000000000000000278e-02,5.000000000000000278e-02
5.000000000000000278e-02,5.000000000000000278e-02
5.000000000000000278e-02,5.000000000000000278e-02
5.000000000000000278e-02,5.000000000000000278e-02
5.000000000000000278e-02,5.000000000000000278e-02
5.000000000000000278e-02,6.401474741766131071e-01
5.000000000000000278e-02,5.000000000000000278e-02
2.759227858840276326e-01,5.000000000000000278e-02
5.000000000000000278e-02,5.000000000000000278e-02
4.029783694269339356e-01,5.000000000000000278e-02
5.000000000000000278e-02,5.000000000000000278e-02
5.000000000000000278e-02,5.000000000000000278e-02
4.390508099617210780e-01,5.000000000000000278e-02
5.000000000000000278e-02,5.000000000000000278e-02
5.000000000000000278e-02,5.000000000000000278e-02
5.000000000000000278e-02,5.000000000000000278e-02
5.000000000000000278e-02,5.000000000000000278e-02
5.000000000000000278e-02,5.000000000000000278e-02
5.000000000000000278e-02,5.000000000000000278e-02
4.362429236758356144e-01,5.000000000000000278e-02
5.000000000000000278e-02,5.000000000000000278e-02
5.000000000000000278e-02,5.000000000000000278e-02
5.000000000000000278e-02,5.000000000000000278e-02
5.000000000000000278e-02,5.000000000000000278e-02
2.810296449676227271e-01,4.964350952290713659e-01
5.000000000000000278e-02,3.715557556041313436e-01
5.000000000000000278e-02,3.576948504614589908e-01
5.597455935403787830e-01,4.843273018766813265e-01
5.000000000000000278e-02,4.021354740654601856e-01
5.000000000000000278e-02,5.000000000000000278e-02
5.000000000000000278e-02,5.871462277771565264e-01
5.000000000000000278e-02,5.000000000000000278e-02
5.000000000000000278e-02,5.000000000000000278e-02
5.000000000000000278e-02,2.872642284480652619e-01
5.000000000000000278e-02,5.000000000000000278e-02
3.571865424292545166e-01,5.000000000000000278e-02
5.000000000000000278e-02,6.382280962662724155e-01
5.000000000000000278e-02,5.000000000000000278e-02
5.000000000000000278e-02,5.930478823652600706e-01
5.000000000000000278e-02,3.950067224424789192e-01
5.000000000000000278e-02,5.000000000000000278e-02
6.435055618717581138e-01,4.504726027106675246e-01
5.000000000000000278e-02,5.000000000000000278e-02
5.000000000000000278e-02,5.000000000000000278e-02
2.984388204783067766e-01,5.000000000000000278e-02
5.000000000000000278e-02,5.000000000000000278e-02
5.000000000000000278e-02,5.000000000000000278e-02
5.000000000000000278e-02,5.000000000000000278e-02
5.326037568080350670e-01,5.000000000000000278e-02
5.000000000000000278e-02,5.000000000000000278e-02
5.000000000000000278e-02,5.000000000000000278e-02
4.972491901352845689e-01,5.000000000000000278e-02
5.000000000000000278e-02,5.000000000000000278e-02
5.000000000000000278e-02,5.000000000000000278e-02
1.841179880983014605e-01,5.000000000000000278e-02
5.000000000000000278e-02,5.000000000000000278e-02
5.000000000000000278e-02,5.000000000000000278e-02
5.000000000000000278e-02,5.000000000000000278e-02
5.000000000000000278e-02,5.000000000000000278e-02
5.000000000000000278e-02,5.000000000000000278e-02
5.000000000000000278e-02,5.000000000000000278e-02
5.000000000000000278e-02,5.000000000000000278e-02
5.000000000000000278e-02,5.000000000000000278e-02
5.000000000000000278e-02,5.000000000000000278e-02
5.000000000000000278e-02,5.000000000000000278e-02
6.112546541186966165e-01,5.000000000000000278e-02
5.000000000000000278e-02,5.000000000000000278e-02
5.000000000000000278e-02,5.000000000000000278e-02
5.000000000000000278e-02,5.000000000000000278e-02
5.000000000000000278e-02,5.000000000000000278e-02
4.828043121828001771e-01,5.000000000000000278e-02
5.000000000000000278e-02,2.369344249371136135e-01
5.000000000000000278e-02,5.000000000000000278e-02
5.000000000000000278e-02,5.000000000000000278e-02
5.115554056385125392e-01,4.720839814937438095e-01
5.000000000000000278e-02,5.000000000000000278e-02
5.000000000000000278e-02,5.000000000000000278e-02
5.000000000000000278e-02,5.000000000000000278e-02
5.314686781804032201e-01,2.965222409075451981e-01
5.000000000000000278e-02,5.000000000000000278e-02
5.404553197126592545e-01,5.866207351740541087e-01
5.000000000000000278e-02,5.000000000000000278e-02
5.000000000000000278e-02,5.000000000000000278e-02
5.000000000000000278e-02,4.453283837692071923e-01
5.000000000000000278e-02,5.000000000000000278e-02
5.000000000000000278e-02,5.000000000000000278e-02
5.000000000000000278e-02,3.660680876595950317e-01
5.000000000000000278e-02,5.000000000000000278e-02
5.696561512409702849e-02,5.000000000000000278e-02
5.000000000000000278e-02,5.000000000000000278e-02
5.000000000000000278e-02,5.000000000000000278e-02
4.948359092066955678e-01,4.864650421596176111e-01
5.000000000000000278e-02,5.000000000000000278e-02
5.000000000000000278e-02,5.000000000000000278e-02
5.000000000000000278e-02,5.000000000000000278e-02
5.000000000000000278e-02,5.000000000000000278e-02
5.000000000000000278e-02,7.773630803210006546e-01
5.000000000000000278e-02,5.000000000000000278e-02
5.000000000000000278e-02,5.000000000000000278e-02
5.000000000000000278e-02,4.627166658736981963e-01
5.000000000000000278e-02,5.000000000000000278e-02
5.000000000000000278e-02,5.000000000000000278e-02
5.000000000000000278e-02,5.000000000000000278e-02
5.000000000000000278e-02,5.000000000000000278e-02
5.000000000000000278e-02,7.474159778420185196e-01
5.000000000000000278e-02,5.000000000000000278e-02
5.000000000000000278e-02,5.000000000000000278e-02
5.000000000000000278e-02,5.000000000000000278e-02
5.000000000000000278e-02,5.000000000000000278e-02
4.184845143540197876e-01,4.737910118117614755e-01
5.000000000000000278e-02,5.000000000000000278e-02
5.000000000000000278e-02,5.000000000000000278e-02
5.000000000000000278e-02,5.000000000000000278e-02
5.000000000000000278e-02,5.000000000000000278e-02
5.000000000000000278e-02,5.019840622139782882e-01
5.000000000000000278e-02,5.000000000000000278e-02
5.000000000000000278e-02,5.000000000000000278e-02
5.000000000000000278e-02,6.046116255279728735e-01
1.761660341650136408e-01,5.000000000000000278e-02
5.703315211993903455e-01,5.000000000000000278e-02
5.000000000000000278e-02,5.000000000000000278e-02
5.000000000000000278e-02,5.000000000000000278e-02
5.000000000000000278e-02,5.000000000000000278e-02
5.000000000000000278e-02,5.000000000000000278e-02
1.237035263775057709e-01,5.000000000000000278e-02
1.919204868234183903e-01,5.000000000000000278e-02
5.000000000000000278e-02,5.000000000000000278e-02
5.000000000000000278e-02,5.000000000000000278e-02
5.000000000000000278e-02,5.000000000000000278e-02
5.000000000000000278e-02,5.000000000000000278e-02
5.695129994327612355e-01,5.000000000000000278e-02
5.000000000000000278e-02,9.822000239856780446e-02
7.251929619297501350e-01,8.217270407929081477e-01
5.000000000000000278e-02,2.333736565961927190e-01
5.000000000000000278e-02,5.000000000000000278e-02
3.821773252719834479e-01,5.000000000000000278e-02
5.000000000000000278e-02,5.000000000000000278e-02
5.916670030062926022e-01,5.000000000000000278e-02
5.000000000000000278e-02,5.000000000000000278e-02
5.000000000000000278e-02,5.000000000000000278e-02
5.000000000000000278e-02,5.000000000000000278e-02
5.000000000000000278e-02,3.936627230952363110e-01
5.000000000000000278e-02,5.000000000000000278e-02
3.821704685076655061e-01,5.000000000000000278e-02
5.283688859013411232e-01,5.000000000000000278e-02
5.000000000000000278e-02,5.000000000000000278e-02
5.000000000000000278e-02,5.000000000000000278e-02
5.000000000000000278e-02,5.000000000000000278e-02
5.000000000000000278e-02,5.000000000000000278e-02
5.000000000000000278e-02,5.000000000000000278e-02
5.000000000000000278e-02,5.000000000000000278e-02
5.000000000000000278e-02,5.000000000000000278e-02
6.281524426030717922e-01,5.000000000000000278e-02
5.000000000000000278e-02,5.000000000000000278e-02
5.000000000000000278e-02,5.000000000000000278e-02
6.674763642004111208e-01,5.000000000000000278e-02
5.000000000000000278e-02,5.000000000000000278e-02
5.000000000000000278e-02,5.000000000000000278e-02
1.265441700117513890e-01,5.000000000000000278e-02
1.516218999819432534e-01,2.958117385406097144e-01
2.021505263420611820e-01,5.000000000000000278e-02
8.272780653873589296e-01,3.502628525181934460e-01
5.000000000000000278e-02,5.000000000000000278e-02
5.000000000000000278e-02,5.000000000000000278e-02
5.000000000000000278e-02,5.000000000000000278e-02
5.000000000000000278e-02,5.000000000000000278e-02
5.000000000000000278e-02,7.105453778606150850e-02
1.215109533888546200e-01,1.341407391127900639e-01
1.687701373907935787e-01,6.615705769640372047e-01
5.000000000000000278e-02,5.000000000000000278e-02
5.000000000000000278e-02,5.000000000000000278e-02
5.000000000000000278e-02,4.724744070113617855e-01
5.000000000000000278e-02,5.000000000000000278e-02
5.000000000000000278e-02,5.000000000000000278e-02
5.000000000000000278e-02,6.496734108380930461e-02
5.000000000000000278e-02,3.820407767288926948e-01
2.983761413987497391e-01,5.000000000000000278e-02
7.078398499902859298e-01,5.000000000000000278e-02
5.000000000000000278e-02,5.000000000000000278e-02
5.000000000000000278e-02,5.000000000000000278e-02
5.000000000000000278e-02,5.000000000000000278e-02
5.000000000000000278e-02,5.000000000000000278e-02
5.000000000000000278e-02,5.000000000000000278e-02
5.000000000000000278e-02,5.000000000000000278e-02
4.606939595738289706e-01,5.000000000000000278e-02
5.000000000000000278e-02,5.000000000000000278e-02
5.000000000000000278e-02,4.759736418972788097e-01
5.000000000000000278e-02,5.000000000000000278e-02
5.000000000000000278e-02,5.000000000000000278e-02
5.000000000000000278e-02,5.000000000000000278e-02
5.000000000000000278e-02,8.523037602201893881e-02
5.000000000000000278e-02,6.874798986038940241e-01
5.000000000000000278e-02,5.000000000000000278e-02
5.000000000000000278e-02,5.000000000000000278e-02
5.000000000000000278e-02,2.771990856572191242e-01
5.000000000000000278e-02,5.000000000000000278e-02
5.000000000000000278e-02,5.000000000000000278e-02
5.000000000000000278e-02,2.581997911845929083e-01
3.208240155877157829e-01,5.000000000000000278e-02
5.000000000000000278e-02,5.000000000000000278e-02
5.000000000000000278e-02,3.251578486958164871e-01
5.000000000000000278e-02,5.000000000000000278e-02
5.000000000000000278e-02,5.000000000000000278e-02
5.000000000000000278e-02,5.000000000000000278e-02
5.000000000000000278e-02,5.000000000000000278e-02
5.000000000000000278e-02,5.000000000000000278e-02
5.000000000000000278e-02,5.996803556529965995e-01
5.000000000000000278e-02,5.000000000000000278e-02
5.000000000000000278e-02,5.000000000000000278e-02
5.000000000000000278e-02,5.000000000000000278e-02
5.000000000000000278e-02,5.000000000000000278e-02
5.000000000000000278e-02,5.000000000000000278e-02
5.000000000000000278e-02,5.000000000000000278e-02
5.000000000000000278e-02,4.943467975676731352e-01
1.764883089340777145e-01,5.000000000000000278e-02
1.887943956775962884e-01,5.000000000000000278e-02
2.812002029704478989e-01,5.000000000000000278e-02
5.000000000000000278e-02,9.424862519470933453e-02
5.000000000000000278e-02,4.895432031412163543e-01
5.000000000000000278e-02,5.000000000000000278e-02
5.310298113088747496e-02,5.000000000000000278e-02
4.452721051224904913e-01,2.290853102276274589e-01
5.000000000000000278e-02,5.000000000000000278e-02
5.000000000000000278e-02,5.059917787736564199e-01
3.759647445296059876e-01,5.000000000000000278e-02
5.000000000000000278e-02,5.000000000000000278e-02
5.000000000000000278e-02,7.230016948506513552e-01
5.805977752958990656e-01,5.000000000000000278e-02
5.000000000000000278e-02,5.000000000000000278e-02
5.000000000000000278e-02,9.420618804056848927e-02
5.000000000000000278e-02,7.800541637811484463e-01
5.000000000000000278e-02,5.000000000000000278e-02
5.395812970308710987e-01,5.000000000000000278e-02
5.000000000000000278e-02,5.000000000000000278e-02
5.908900581183414991e-01,5.000000000000000278e-02
5.000000000000000278e-02,5.000000000000000278e-02
5.000000000000000278e-02,6.075214351446528438e-01
5.000000000000000278e-02,5.000000000000000278e-02
5.000000000000000278e-02,5.000000000000000278e-02
5.000000000000000278e-02,5.000000000000000278e-02
5.000000000000000278e-02,5.000000000000000278e-02
5.000000000000000278e-02,5.000000000000000278e-02
5.000000000000000278e-02,5.000000000000000278e-02
5.000000000000000278e-02,1.121675641414228292e-01
5.000000000000000278e-02,7.491312881405288726e-01
3.786284213967285317e-01,5.000000000000000278e-02
5.000000000000000278e-02,5.000000000000000278e-02
4.112205121538594632e-01,5.929796072943214202e-01
5.000000000000000278e-02,5.000000000000000278e-02
5.000000000000000278e-02,5.000000000000000278e-02
6.309376578571057603e-01,5.000000000000000278e-02
5.000000000000000278e-02,5.000000000000000278e-02
5.000000000000000278e-02,1.082908140557244797e-01
5.000000000000000278e-02,2.827782855827193909e-01
5.000000000000000278e-02,5.000000000000000278e-02
2.603705221046427321e-01,5.000000000000000278e-02
2.134124057969194188e-01,5.000000000000000278e-02
5.452752047190964069e-01,5.000000000000000278e-02
5.000000000000000278e-02,5.000000000000000278e-02
5.000000000000000278e-02,5.000000000000000278e-02
5.000000000000000278e-02,5.000000000000000278e-02
5.000000000000000278e-02,1.757994069739521326e-01
5.000000000000000278e-02,2.278743808854829245e-01
3.597704024213830287e-01,5.000000000000000278e-02
2.180318082039429672e-01,5.000000000000000278e-02
5.000000000000000278e-02,5.000000000000000278e-02
5.000000000000000278e-02,6.600273895784909417e-01
5.000000000000000278e-02,5.000000000000000278e-02
5.000000000000000278e-02,5.000000000000000278e-02
5.000000000000000278e-02,5.351233090395894898e-01
5.000000000000000278e-02,5.000000000000000278e-02
5.000000000000000278e-02,5.545363750439856743e-01
5.000000000000000278e-02,5.000000000000000278e-02
5.000000000000000278e-02,5.000000000000000278e-02
1.771258775021964174e-02,5.000000000000000278e-02
9.807380013131881957e-02,5.000000000000000278e-02
5.539913241855554116e-01,6.779871770040258872e-01
5.000000000000000278e-02,5.000000000000000278e-02
5.000000000000000278e-02,5.000000000000000278e-02
5.000000000000000278e-02,5.000000000000000278e-02
5.000000000000000278e-02,5.000000000000000278e-02
5.000000000000000278e-02,4.313892138986465952e-01
5.000000000000000278e-02,5.000000000000000278e-02
5.000000000000000278e-02,5.000000000000000278e-02
5.000000000000000278e-02,5.000000000000000278e-02
1.709943871318252706e-01,5.000000000000000278e-02
5.000000000000000278e-02,5.000000000000000278e-02
5.000000000000000278e-02,5.000000000000000278e-02
5.000000000000000278e-02,5.000000000000000278e-02
6.492862584502698819e-01,5.000000000000000278e-02
5.000000000000000278e-02,5.515049475996020023e-01
5.000000000000000278e-02,5.000000000000000278e-02
5.000000000000000278e-02,5.000000000000000278e-02
5.000000000000000278e-02,5.000000000000000278e-02
5.000000000000000278e-02,5.000000000000000278e-02
5.000000000000000278e-02,5.000000000000000278e-02
5.000000000000000278e-02,5.000000000000000278e-02
5.000000000000000278e-02,5.000000000000000278e-02
1.851120528831077527e-01,5.000000000000000278e-02
7.361919156837176681e-01,5.000000000000000278e-02
5.000000000000000278e-02,5.000000000000000278e-02
5.000000000000000278e-02,5.000000000000000278e-02
5.000000000000000278e-02,5.000000000000000278e-02
5.000000000000000278e-02,8.353592540010154610e-02
5.000000000000000278e-02,5.000000000000000278e-02
5.000000000000000278e-02,5.000000000000000278e-02
3.398950702483276021e-01,5.000000000000000278e-02
5.000000000000000278e-02,5.000000000000000278e-02
5.000000000000000278e-02,5.000000000000000278e-02
5.000000000000000278e-02,5.000000000000000278e-02
5.000000000000000278e-02,5.000000000000000278e-02
3.410640093743951273e-01,5.000000000000000278e-02
5.000000000000000278e-02,5.000000000000000278e-02
5.000000000000000278e-02,5.000000000000000278e-02
6.377070670380581563e-02,5.000000000000000278e-02
2.770458027645528731e-01,5.000000000000000278e-02
5.000000000000000278e-02,5.000000000000000278e-02
5.000000000000000278e-02,5.000000000000000278e-02
5.000000000000000278e-02,5.000000000000000278e-02
5.000000000000000278e-02,5.000000000000000278e-02
5.000000000000000278e-02,5.000000000000000278e-02
5.000000000000000278e-02,3.876797434323646374e-02
5.000000000000000278e-02,1.721037391305285102e-01
5.000000000000000278e-02,7.635258092574113142e-01
5.000000000000000278e-02,5.000000000000000278e-02
5.000000000000000278e-02,5.000000000000000278e-02
5.000000000000000278e-02,9.384973672661310606e-02
3.583104226302427642e-01,5.629364216284160616e-01
5.000000000000000278e-02,5.000000000000000278e-02
5.000000000000000278e-02,5.000000000000000278e-02
5.000000000000000278e-02,5.000000000000000278e-02
5.000000000000000278e-02,5.000000000000000278e-02
5.202110425650542380e-01,5.000000000000000278e-02
6.039973792547848053e-01,5.000000000000000278e-02
3.409050992029227234e-01,5.000000000000000278e-02
5.000000000000000278e-02,5.000000000000000278e-02
5.000000000000000278e-02,5.000000000000000278e-02
5.000000000000000278e-02,5.000000000000000278e-02
5.000000000000000278e-02,5.000000000000000278e-02
5.000000000000000278e-02,5.000000000000000278e-02
5.000000000000000278e-02,5.000000000000000278e-02
5.000000000000000278e-02,3.792413438863342923e-01
1.314400765222342449e-01,5.773674755330702180e-01
2.410232556831272133e-01,3.603565613965076242e-01
5.000000000000000278e-02,5.000000000000000278e-02
5.000000000000000278e-02,5.000000000000000278e-02
5.000000000000000278e-02,5.000000000000000278e-02
